0,0
0,80
0,80
0,80
0,80
0,80
0,80
0,80
0,79
0,79
0,79
0,79
0,79
0,79
1,79
1,79
1,79
1,79
1,79
1,79
2,79
2,79
2,79
2,79
2,79
2,79
2,79
2,79
2,79
2,79
2,79
2,79
2,79
3,79
3,79
3,79
3,79
3,79
3,79
3,79
3,80
3,80
3,80
3,80
3,80
3,80
4,80
4,80
4,80
4,80
4,80
4,80
5,80
5,80
5,80
5,80
5,80
5,80
5,80
5,80
5,80
5,80
5,80
5,80
5,80
6,80
6,80
6,80
6,80
6,80
6,80
7,79
7,79
7,79
7,79
7,79
7,79
7,79
7,79
7,79
7,79
7,79
7,79
7,79
8,79
8,79
8,79
8,79
8,79
8,79
8,79
9,80
9,80
9,80
9,80
9,80
9,80
9,80
9,80
9,80
9,80
9,80
9,80
10,80
10,80
10,80
10,80
10,80
10,80
10,80
10,79
10,79
10,79
10,79
10,79
10,79
11,79
11,79
11,79
11,79
11,79
11,79
11,79
12,80
12,80
12,80
12,80
12,80
12,80
12,80
12,80
12,80
12,80
12,80
12,80
13,79
13,79
13,79
13,79
13,79
13,79
13,79
14,80
14,80
14,80
14,80
14,80
14,80
14,79
14,79
14,79
14,79
14,79
14,79
15,79
15,79
15,79
15,79
15,79
15,79
15,79
16,79
16,79
16,79
16,79
16,79
16,79
16,80
16,80
16,80
16,80
16,80
16,80
16,80
17,79
17,79
17,79
17,79
17,79
17,79
18,80
18,80
18,80
18,80
18,80
18,80
18,80
18,80
18,80
18,80
18,80
18,80
18,80
19,80
19,80
19,80
19,80
19,80
19,80
19,80
19,80
19,80
19,80
19,80
19,80
19,80
20,80
20,80
20,80
20,80
20,80
20,80
21,80
21,80
21,80
21,80
21,80
21,80
21,79
21,79
21,79
21,79
21,79
21,79
21,79
22,80
22,80
22,80
22,80
22,80
22,80
23,79
23,79
23,79
23,79
23,79
23,79
23,79
23,80
23,80
23,80
23,80
23,80
23,80
24,79
24,79
24,79
24,79
24,79
24,79
25,80
25,80
25,80
25,80
25,80
25,80
25,80
25,80
25,80
25,80
25,80
25,80
25,80
26,80
26,80
26,80
26,80
26,80
26,80
26,80
26,80
26,80
26,80
26,80
26,80
26,80
27,80
27,80
27,80
27,80
27,80
27,80
28,80
28,80
28,80
28,80
28,80
28,80
28,80
28,79
28,79
28,79
28,79
28,79
28,79
29,80
29,80
29,80
29,80
29,80
29,80
30,79
30,79
30,79
30,79
30,79
30,79
30,79
30,80
30,80
30,80
30,80
30,80
30,80
31,80
31,80
31,80
31,80
31,80
31,80
31,80
32,80
32,80
32,80
32,80
32,80
32,80
32,80
32,80
32,80
32,80
32,80
32,80
33,79
33,79
33,79
33,79
33,79
33,79
33,79
34,80
34,80
34,80
34,80
34,80
34,80
34,80
34,80
34,80
34,80
34,80
34,80
34,80
35,79
35,79
35,79
35,79
35,79
35,79
35,80
35,80
35,80
35,80
35,80
35,80
36,80
36,80
36,80
36,80
36,80
36,80
36,80
37,80
37,80
37,80
37,80
37,80
37,80
37,80
37,80
37,80
37,80
37,80
37,80
38,80
38,80
38,80
38,80
38,80
38,80
38,80
39,80
39,80
39,80
39,80
39,80
39,80
39,80
39,80
39,80
39,80
39,80
39,80
39,80
40,80
40,80
40,80
40,80
40,80
40,80
41,80
41,80
41,80
41,80
41,80
41,80
41,79
41,79
41,79
41,79
41,79
41,79
41,79
42,80
42,80
42,80
42,80
42,80
42,80
42,80
42,80
42,80
42,80
42,80
42,80
42,80
43,80
43,80
43,80
43,80
43,80
43,80
44,80
44,80
44,80
44,80
44,80
44,80
44,80
44,80
44,80
44,80
44,80
44,80
44,80
45,80
45,80
45,80
45,80
45,80
45,80
46,80
46,80
46,80
46,80
46,80
46,80
46,80
46,80
46,80
46,80
46,80
46,80
46,80
47,80
47,80
47,80
47,80
47,80
47,80
48,80
48,80
48,80
48,80
48,80
48,80
48,80
48,80
48,80
48,80
48,80
48,80
48,80
49,80
49,80
49,80
49,80
49,80
49,80
50,80
50,80
50,80
50,80
50,80
50,80
50,80
50,79
50,79
50,79
50,79
50,79
50,79
51,79
51,79
51,79
51,79
51,79
51,79
51,79
51,79
51,79
51,79
51,79
51,79
51,79
52,80
52,80
52,80
52,80
52,80
52,80
53,79
53,79
53,79
53,79
53,79
53,79
53,79
53,80
53,80
53,80
53,80
53,80
53,80
54,80
54,80
54,80
54,80
54,80
54,80
54,80
55,79
55,79
55,79
55,79
55,79
55,79
55,80
55,80
55,80
55,80
55,80
55,80
56,79
56,79
56,79
56,79
56,79
56,79
56,79
57,80
57,80
57,80
57,80
57,80
57,80
57,80
57,80
57,80
57,80
57,80
57,80
58,80
58,80
58,80
58,80
58,80
58,80
58,80
58,79
58,79
58,79
58,79
58,79
58,79
59,80
59,80
59,80
59,80
59,80
59,80
59,80
60,80
60,80
60,80
60,80
60,80
60,80
60,79
60,79
60,79
60,79
60,79
60,79
61,80
61,80
61,80
61,80
61,80
61,80
61,80
62,80
62,80
62,80
62,80
62,80
62,80
62,80
62,80
62,80
62,80
62,80
62,80
62,80
63,80
63,80
63,80
63,80
63,80
63,80
64,79
64,79
64,79
64,79
64,79
64,79
64,80
64,80
64,80
64,80
64,80
64,80
64,80
65,79
65,79
65,79
65,79
65,79
65,79
66,79
66,79
66,79
66,79
66,79
66,79
66,79
66,80
66,80
66,80
66,80
66,80
66,80
67,80
67,80
67,80
67,80
67,80
67,80
67,80
67,80
67,80
67,80
67,80
67,80
67,80
68,80
68,80
68,80
68,80
68,80
68,80
69,80
69,80
69,80
69,80
69,80
69,80
69,80
69,80
69,80
69,80
69,80
69,80
69,80
70,79
70,79
70,79
70,79
70,79
70,79
71,80
71,80
71,80
71,80
71,80
71,80
71,80
71,80
71,80
71,80
71,80
71,80
71,80
72,80
72,80
72,80
72,80
72,80
72,80
73,80
73,80
73,80
73,80
73,80
73,80
73,80
73,80
73,80
73,80
73,80
73,80
73,80
74,80
74,80
74,80
74,80
74,80
74,80
74,80
75,80
75,80
75,80
75,80
75,80
75,80
75,80
75,80
75,80
75,80
75,80
75,80
76,80
76,80
76,80
76,80
76,80
76,80
76,80
76,79
76,79
76,79
76,79
76,79
76,79
77,79
77,79
77,79
77,79
77,79
77,79
77,79
78,80
78,80
78,80
78,80
78,80
78,80
78,80
78,80
78,80
78,80
78,80
78,80
79,80
79,80
79,80
79,80
79,80
79,80
79,80
80,79
80,79
80,79
80,79
80,79
80,79
80,80
80,80
80,80
80,80
80,80
80,80
80,80
81,80
81,80
81,80
81,80
81,80
81,80
82,79
82,79
82,79
82,79
82,79
82,79
82,79
82,79
82,79
82,79
82,79
82,79
82,79
83,80
83,80
83,80
83,80
83,80
83,80
83,80
83,80
83,80
83,80
83,80
83,80
84,80
84,80
84,80
84,80
84,80
84,80
84,80
85,80
85,80
85,80
85,80
85,80
85,80
85,80
85,80
85,80
85,80
85,80
85,80
85,80
86,79
86,79
86,79
86,79
86,79
86,79
87,80
87,80
87,80
87,80
87,80
87,80
87,80
87,80
87,80
87,80
87,80
87,80
87,80
88,80
88,80
88,80
88,80
88,80
88,80
89,80
89,80
89,80
89,80
89,80
89,80
89,80
89,79
89,79
89,79
89,79
89,79
89,79
90,80
90,80
90,80
90,80
90,80
90,80
91,79
91,79
91,79
91,79
91,79
91,79
91,79
91,79
91,79
91,79
91,79
91,79
91,79
92,79
92,79
92,79
92,79
92,79
92,79
92,79
92,79
92,79
92,79
92,79
92,79
92,79
93,80
93,80
93,80
93,80
93,80
93,80
94,80
94,80
94,80
94,80
94,80
94,80
94,80
94,80
94,80
94,80
94,80
94,80
94,80
95,79
95,79
95,79
95,79
95,79
95,79
96,80
96,80
96,80
96,80
96,80
96,80
96,80
96,79
96,79
96,79
96,79
96,79
96,79
97,79
97,79
97,79
97,79
97,79
97,79
97,79
98,80
98,80
98,80
98,80
98,80
98,80
98,80
98,80
98,80
98,80
98,80
98,80
99,80
99,80
99,80
99,80
99,80
99,80
99,80
99,79
99,79
99,79
99,79
99,79
99,79
100,80
100,80
100,80
100,80
100,80
100,80
101,80
101,80
101,80
101,80
101,80
101,80
101,80
101,80
101,80
101,80
101,80
101,80
101,80
102,80
102,80
102,80
102,80
102,80
102,80
102,80
103,80
103,80
103,80
103,80
103,80
103,80
103,80
103,80
103,80
103,80
103,80
103,80
104,80
104,80
104,80
104,80
104,80
104,80
104,80
105,80
105,80
105,80
105,80
105,80
105,80
105,80
105,80
105,80
105,80
105,80
105,80
105,80
106,80
106,80
106,80
106,80
106,80
106,80
107,80
107,80
107,80
107,80
107,80
107,80
107,79
107,79
107,79
107,79
107,79
107,79
107,79
108,79
108,79
108,79
108,79
108,79
108,79
108,79
108,79
108,79
108,79
108,79
108,79
109,80
109,80
109,80
109,80
109,80
109,80
109,80
110,80
110,80
110,80
110,80
110,80
110,80
110,80
110,80
110,80
110,80
110,80
110,80
110,80
111,79
111,79
111,79
111,79
111,79
111,79
112,80
112,80
112,80
112,80
112,80
112,80
112,80
112,80
112,80
112,80
112,80
112,80
112,80
113,80
113,80
113,80
113,80
113,80
113,80
114,80
114,80
114,80
114,80
114,80
114,80
114,80
114,79
114,79
114,79
114,79
114,79
114,79
115,79
115,79
115,79
115,79
115,79
115,79
115,80
115,80
115,80
115,80
115,80
115,80
115,80
116,80
116,80
116,80
116,80
116,80
116,80
117,80
117,80
117,80
117,80
117,80
117,80
117,79
117,79
117,79
117,79
117,79
117,79
117,79
118,80
118,80
118,80
118,80
118,80
118,80
119,80
119,80
119,80
119,80
119,80
119,80
119,80
119,79
119,79
119,79
119,79
119,79
119,79
120,80
120,80
120,80
120,80
120,80
120,80
121,80
121,80
121,80
121,80
121,80
121,80
121,80
121,80
121,80
121,80
121,80
121,80
121,80
122,79
122,79
122,79
122,79
122,79
122,79
122,79
123,79
123,79
123,79
123,79
123,79
123,79
123,79
123,79
123,79
123,79
123,79
123,79
124,79
124,79
124,79
124,79
124,79
124,79
124,79
124,80
124,80
124,80
124,80
124,80
124,80
125,80
125,80
125,80
125,80
125,80
125,80
125,80
126,80
126,80
126,80
126,80
126,80
126,80
126,79
126,79
126,79
126,79
126,79
126,79
127,80
127,80
127,80
127,80
127,80
127,80
127,80
128,79
128,79
128,79
128,79
128,79
128,79
128,80
128,80
128,80
128,80
128,80
128,80
128,80
129,79
129,79
129,79
129,79
129,79
129,79
130,79
130,79
130,79
130,79
130,79
130,79
130,79
130,79
130,79
130,79
130,79
130,79
130,79
131,80
131,80
131,80
131,80
131,80
131,80
131,79
131,79
131,79
131,79
131,79
131,79
132,80
132,80
132,80
132,80
132,80
132,80
132,80
133,80
133,80
133,80
133,80
133,80
133,80
133,80
133,80
133,80
133,80
133,80
133,80
133,80
134,80
134,80
134,80
134,80
134,80
134,80
135,79
135,79
135,79
135,79
135,79
135,79
135,79
135,79
135,79
135,79
135,79
135,79
135,79
136,79
136,79
136,79
136,79
136,79
136,79
137,80
137,80
137,80
137,80
137,80
137,80
137,80
137,80
137,80
137,80
137,80
137,80
137,80
138,79
138,79
138,79
138,79
138,79
138,79
139,80
139,80
139,80
139,80
139,80
139,80
139,80
139,80
139,80
139,80
139,80
139,80
139,80
140,80
140,80
140,80
140,80
140,80
140,80
140,79
140,79
140,79
140,79
140,79
140,79
140,79
141,79
141,79
141,79
141,79
141,79
141,79
142,80
142,80
142,80
142,80
142,80
142,80
142,80
142,79
142,79
142,79
142,79
142,79
142,79
143,79
143,79
143,79
143,79
143,79
143,79
144,80
144,80
144,80
144,80
144,80
144,80
144,80
144,80
144,80
144,80
144,80
144,80
144,80
145,79
145,79
145,79
145,79
145,79
145,79
145,79
146,79
146,79
146,79
146,79
146,79
146,79
146,80
146,80
146,80
146,80
146,80
146,80
147,79
147,79
147,79
147,79
147,79
147,79
147,79
148,79
148,79
148,79
148,79
148,79
148,79
148,79
148,79
148,79
148,79
148,79
148,79
148,79
149,79
149,79
149,79
149,79
149,79
149,79
149,79
149,79
149,79
149,79
149,79
149,79
150,80
150,80
150,80
150,80
150,80
150,80
150,80
151,80
151,80
151,80
151,80
151,80
151,80
151,80
151,80
151,80
151,80
151,80
151,80
151,80
152,80
152,80
152,80
152,80
152,80
152,80
153,80
153,80
153,80
153,80
153,80
153,80
153,80
153,80
153,80
153,80
153,80
153,80
153,80
154,80
154,80
154,80
154,80
154,80
154,80
155,80
155,80
155,80
155,80
155,80
155,80
155,79
155,79
155,79
155,79
155,79
155,79
155,79
156,80
156,80
156,80
156,80
156,80
156,80
156,79
156,79
156,79
156,79
156,79
156,79
156,79
157,80
157,80
157,80
157,80
157,80
157,80
158,79
158,79
158,79
158,79
158,79
158,79
158,79
158,79
158,79
158,79
158,79
158,79
158,79
159,80
159,80
159,80
159,80
159,80
159,80
160,80
160,80
160,80
160,80
160,80
160,80
160,80
160,79
160,79
160,79
160,79
160,79
160,79
161,79
161,79
161,79
161,79
161,79
161,79
162,79
162,79
162,79
162,79
162,79
162,79
162,79
162,80
162,80
162,80
162,80
162,80
162,80
163,80
163,80
163,80
163,80
163,80
163,80
164,80
164,80
164,80
164,80
164,80
164,80
164,80
164,79
164,79
164,79
164,79
164,79
164,79
165,80
165,80
165,80
165,80
165,80
165,80
165,80
165,79
165,79
165,79
165,79
165,79
165,79
166,79
166,79
166,79
166,79
166,79
166,79
167,79
167,79
167,79
167,79
167,79
167,79
167,79
167,80
167,80
167,80
167,80
167,80
167,80
168,80
168,80
168,80
168,80
168,80
168,80
168,80
169,79
169,79
169,79
169,79
169,79
169,79
169,79
169,79
169,79
169,79
169,79
169,79
170,79
170,79
170,79
170,79
170,79
170,79
170,79
171,80
171,80
171,80
171,80
171,80
171,80
171,79
171,79
171,79
171,79
171,79
171,79
171,79
172,80
172,80
172,80
172,80
172,80
172,80
172,80
172,80
172,80
172,80
172,80
172,80
173,79
173,79
173,79
173,79
173,79
173,79
173,79
174,79
174,79
174,79
174,79
174,79
174,79
174,79
174,79
174,79
174,79
174,79
174,79
174,79
175,79
175,79
175,79
175,79
175,79
175,79
176,79
176,79
176,79
176,79
176,79
176,79
176,79
176,79
176,79
176,79
176,79
176,79
176,79
177,80
177,80
177,80
177,80
177,80
177,80
178,80
178,80
178,80
178,80
178,80
178,80
178,80
178,80
178,80
178,80
178,80
178,80
178,80
179,79
179,79
179,79
179,79
179,79
179,79
180,80
180,80
180,80
180,80
180,80
180,80
180,80
180,79
180,79
180,79
180,79
180,79
180,79
181,80
181,80
181,80
181,80
181,80
181,80
181,79
181,79
181,79
181,79
181,79
181,79
181,79
182,80
182,80
182,80
182,80
182,80
182,80
183,79
183,79
183,79
183,79
183,79
183,79
183,79
183,79
183,79
183,79
183,79
183,79
183,79
184,79
184,79
184,79
184,79
184,79
184,79
185,79
185,79
185,79
185,79
185,79
185,79
185,79
185,79
185,79
185,79
185,79
185,79
185,79
186,79
186,79
186,79
186,79
186,79
186,79
186,79
187,80
187,80
187,80
187,80
187,80
187,80
187,79
187,79
187,79
187,79
187,79
187,79
188,79
188,79
188,79
188,79
188,79
188,79
188,79
188,79
188,79
188,79
188,79
188,79
188,79
189,80
189,80
189,80
189,80
189,80
189,80
190,79
190,79
190,79
190,79
190,79
190,79
190,79
190,79
190,79
190,79
190,79
190,79
190,79
191,79
191,79
191,79
191,79
191,79
191,79
191,79
192,79
192,79
192,79
192,79
192,79
192,79
192,79
192,79
192,79
192,79
192,79
192,79
193,80
193,80
193,80
193,80
193,80
193,80
193,80
194,79
194,79
194,79
194,79
194,79
194,79
194,79
194,79
194,79
194,79
194,79
194,79
194,79
195,79
195,79
195,79
195,79
195,79
195,79
196,79
196,79
196,79
196,79
196,79
196,79
196,79
196,79
196,79
196,79
196,79
196,79
196,79
197,79
197,79
197,79
197,79
197,79
197,79
197,79
197,79
197,79
197,79
197,79
197,79
197,79
198,79
198,79
198,79
198,79
198,79
198,79
199,79
199,79
199,79
199,79
199,79
199,79
199,80
199,80
199,80
199,80
199,80
199,80
199,80
200,80
200,80
200,80
200,80
200,80
200,80
201,79
201,79
201,79
201,79
201,79
201,79
201,79
201,79
201,79
201,79
201,79
201,79
201,79
202,79
202,79
202,79
202,79
202,79
202,79
203,79
203,79
203,79
203,79
203,79
203,79
203,79
203,79
203,79
203,79
203,79
203,79
203,79
204,79
204,79
204,79
204,79
204,79
204,79
205,79
205,79
205,79
205,79
205,79
205,79
205,79
205,79
205,79
205,79
205,79
205,79
205,79
206,79
206,79
206,79
206,79
206,79
206,79
206,79
206,79
206,79
206,79
206,79
206,79
206,79
207,79
207,79
207,79
207,79
207,79
207,79
208,79
208,79
208,79
208,79
208,79
208,79
208,79
208,79
208,79
208,79
208,79
208,79
208,79
209,79
209,79
209,79
209,79
209,79
209,79
209,79
210,79
210,79
210,79
210,79
210,79
210,79
210,79
210,79
210,79
210,79
210,79
210,79
211,79
211,79
211,79
211,79
211,79
211,79
211,79
212,79
212,79
212,79
212,79
212,79
212,79
212,79
212,79
212,79
212,79
212,79
212,79
212,79
213,79
213,79
213,79
213,79
213,79
213,79
213,79
213,79
213,79
213,79
213,79
213,79
214,79
214,79
214,79
214,79
214,79
214,79
214,79
215,79
215,79
215,79
215,79
215,79
215,79
215,79
215,79
215,79
215,79
215,79
215,79
215,79
216,79
216,79
216,79
216,79
216,79
216,79
217,79
217,79
217,79
217,79
217,79
217,79
217,79
217,79
217,79
217,79
217,79
217,79
217,79
218,79
218,79
218,79
218,79
218,79
218,79
219,79
219,79
219,79
219,79
219,79
219,79
219,79
219,79
219,79
219,79
219,79
219,79
219,79
220,79
220,79
220,79
220,79
220,79
220,79
221,79
221,79
221,79
221,79
221,79
221,79
221,79
221,79
221,79
221,79
221,79
221,79
221,79
222,80
222,80
222,80
222,80
222,80
222,80
222,80
222,80
222,80
222,80
222,80
222,80
222,80
223,79
223,79
223,79
223,79
223,79
223,79
224,79
224,79
224,79
224,79
224,79
224,79
224,79
224,80
224,80
224,80
224,80
224,80
224,80
225,79
225,79
225,79
225,79
225,79
225,79
226,79
226,79
226,79
226,79
226,79
226,79
226,79
226,79
226,79
226,79
226,79
226,79
226,79
227,79
227,79
227,79
227,79
227,79
227,79
228,79
228,79
228,79
228,79
228,79
228,79
228,79
228,79
228,79
228,79
228,79
228,79
228,79
229,79
229,79
229,79
229,79
229,79
229,79
229,79
229,79
229,79
229,79
229,79
229,79
229,79
230,79
230,79
230,79
230,79
230,79
230,79
231,80
231,80
231,80
231,80
231,80
231,80
231,80
231,79
231,79
231,79
231,79
231,79
231,79
232,79
232,79
232,79
232,79
232,79
232,79
232,79
233,79
233,79
233,79
233,79
233,79
233,79
233,79
233,79
233,79
233,79
233,79
233,79
234,79
234,79
234,79
234,79
234,79
234,79
234,79
235,79
235,79
235,79
235,79
235,79
235,79
235,80
235,80
235,80
235,80
235,80
235,80
235,80
236,79
236,79
236,79
236,79
236,79
236,79
237,79
237,79
237,79
237,79
237,79
237,79
237,79
237,79
237,79
237,79
237,79
237,79
237,79
238,79
238,79
238,79
238,79
238,79
238,79
238,79
238,79
238,79
238,79
238,79
238,79
238,79
239,79
239,79
239,79
239,79
239,79
239,79
240,79
240,79
240,79
240,79
240,79
240,79
240,79
240,79
240,79
240,79
240,79
240,79
240,79
241,79
241,79
241,79
241,79
241,79
241,79
242,79
242,79
242,79
242,79
242,79
242,79
242,79
242,79
242,79
242,79
242,79
242,79
242,79
243,79
243,79
243,79
243,79
243,79
243,79
244,79
244,79
244,79
244,79
244,79
244,79
244,79
244,80
244,80
244,80
244,80
244,80
244,80
245,79
245,79
245,79
245,79
245,79
245,79
245,79
246,80
246,80
246,80
246,80
246,80
246,80
246,79
246,79
246,79
246,79
246,79
246,79
247,79
247,79
247,79
247,79
247,79
247,79
247,79
247,79
247,79
247,79
247,79
247,79
247,79
248,79
248,79
248,79
248,79
248,79
248,79
248,79
249,79
249,79
249,79
249,79
249,79
249,79
249,79
249,79
249,79
249,79
249,79
249,79
250,79
250,79
250,79
250,79
250,79
250,79
250,79
251,79
251,79
251,79
251,79
251,79
251,79
251,79
251,79
251,79
251,79
251,79
251,79
252,79
252,79
252,79
252,79
252,79
252,79
252,79
253,79
253,79
253,79
253,79
253,79
253,79
253,79
253,79
253,79
253,79
253,79
253,79
253,79
254,79
254,79
254,79
254,79
254,79
254,79
254,79
254,79
254,79
254,79
254,79
254,79
255,79
255,79
255,79
255,79
255,79
255,79
255,79
256,80
256,80
256,80
256,80
256,80
256,80
256,79
256,79
256,79
256,79
256,79
256,79
256,79
257,79
257,79
257,79
257,79
257,79
257,79
258,79
258,79
258,79
258,79
258,79
258,79
258,80
258,80
258,80
258,80
258,80
258,80
258,80
259,79
259,79
259,79
259,79
259,79
259,79
260,79
260,79
260,79
260,79
260,79
260,79
260,79
260,79
260,79
260,79
260,79
260,79
260,79
261,79
261,79
261,79
261,79
261,79
261,79
262,79
262,79
262,79
262,79
262,79
262,79
262,79
262,79
262,79
262,79
262,79
262,79
262,79
263,79
263,79
263,79
263,79
263,79
263,79
263,79
263,79
263,79
263,79
263,79
263,79
263,79
264,79
264,79
264,79
264,79
264,79
264,79
265,79
265,79
265,79
265,79
265,79
265,79
265,79
265,79
265,79
265,79
265,79
265,79
265,79
266,79
266,79
266,79
266,79
266,79
266,79
267,79
267,79
267,79
267,79
267,79
267,79
267,79
267,79
267,79
267,79
267,79
267,79
267,79
268,80
268,80
268,80
268,80
268,80
268,80
268,80
269,79
269,79
269,79
269,79
269,79
269,79
269,79
269,79
269,79
269,79
269,79
269,79
270,79
270,79
270,79
270,79
270,79
270,79
270,79
270,79
270,79
270,79
270,79
270,79
270,79
271,79
271,79
271,79
271,79
271,79
271,79
271,79
272,79
272,79
272,79
272,79
272,79
272,79
272,79
272,79
272,79
272,79
272,79
272,79
273,79
273,79
273,79
273,79
273,79
273,79
273,79
274,79
274,79
274,79
274,79
274,79
274,79
274,79
274,79
274,79
274,79
274,79
274,79
274,79
275,80
275,80
275,80
275,80
275,80
275,80
276,79
276,79
276,79
276,79
276,79
276,79
276,79
276,79
276,79
276,79
276,79
276,79
276,79
277,79
277,79
277,79
277,79
277,79
277,79
278,80
278,80
278,80
278,80
278,80
278,80
278,79
278,79
278,79
278,79
278,79
278,79
278,79
279,79
279,79
279,79
279,79
279,79
279,79
279,80
279,80
279,80
279,80
279,80
279,80
279,80
280,79
280,79
280,79
280,79
280,79
280,79
281,79
281,79
281,79
281,79
281,79
281,79
281,79
281,79
281,79
281,79
281,79
281,79
281,79
282,79
282,79
282,79
282,79
282,79
282,79
283,79
283,79
283,79
283,79
283,79
283,79
283,79
283,79
283,79
283,79
283,79
283,79
283,79
284,79
284,79
284,79
284,79
284,79
284,79
285,79
285,79
285,79
285,79
285,79
285,79
285,79
285,79
285,79
285,79
285,79
285,79
285,79
286,79
286,79
286,79
286,79
286,79
286,79
287,79
287,79
287,79
287,79
287,79
287,79
287,79
287,79
287,79
287,79
287,79
287,79
287,79
288,79
288,79
288,79
288,79
288,79
288,79
288,79
288,79
288,79
288,79
288,79
288,79
288,79
289,79
289,79
289,79
289,79
289,79
289,79
290,79
290,79
290,79
290,79
290,79
290,79
290,79
290,79
290,79
290,79
290,79
290,79
290,79
291,79
291,79
291,79
291,79
291,79
291,79
291,79
292,79
292,79
292,79
292,79
292,79
292,79
292,79
292,79
292,79
292,79
292,79
292,79
293,79
293,79
293,79
293,79
293,79
293,79
293,79
294,79
294,79
294,79
294,79
294,79
294,79
294,79
294,79
294,79
294,79
294,79
294,79
295,79
295,79
295,79
295,79
295,79
295,79
295,79
295,79
295,79
295,79
295,79
295,79
295,79
296,79
296,79
296,79
296,79
296,79
296,79
296,79
297,79
297,79
297,79
297,79
297,79
297,79
297,79
297,79
297,79
297,79
297,79
297,79
298,79
298,79
298,79
298,79
298,79
298,79
298,79
299,79
299,79
299,79
299,79
299,79
299,79
299,79
299,79
299,79
299,79
299,79
299,79
299,79
300,79
300,79
300,79
300,79
300,79
300,79
300,79
300,79
300,79
300,79
300,79
300,79
300,79
300,79
300,79
300,79
300,79
300,79
300,79
300,79
300,79
300,79
300,79
300,79
300,79
300,79
300,79
300,79
300,79
300,79
300,79
300,79
300,79
300,79
300,79
300,79
300,79
300,79
300,79
300,79
300,79
