0,0
0,79
0,79
0,79
0,79
0,79
0,79
0,79
0,79
0,79
0,79
0,79
0,79
0,79
1,79
1,79
1,79
1,79
1,79
1,79
1,79
2,79
2,79
2,79
2,79
2,79
2,79
2,79
2,79
2,79
2,79
2,79
2,79
3,79
3,79
3,79
3,79
3,79
3,79
3,79
3,79
3,79
3,79
3,79
3,79
3,79
4,79
4,79
4,79
4,79
4,79
4,79
5,79
5,79
5,79
5,79
5,79
5,79
5,79
5,79
5,79
5,79
5,79
5,79
5,79
6,79
6,79
6,79
6,79
6,79
6,79
6,79
7,79
7,79
7,79
7,79
7,79
7,79
7,79
7,79
7,79
7,79
7,79
7,79
8,79
8,79
8,79
8,79
8,79
8,79
8,79
9,79
9,79
9,79
9,79
9,79
9,79
9,79
9,79
9,79
9,79
9,79
9,79
9,79
10,79
10,79
10,79
10,79
10,79
10,79
10,79
10,79
10,79
10,79
10,79
10,79
11,79
11,79
11,79
11,79
11,79
11,79
11,79
12,79
12,79
12,79
12,79
12,79
12,79
12,78
12,78
12,78
12,78
12,78
12,78
13,79
13,79
13,79
13,79
13,79
13,79
13,79
14,79
14,79
14,79
14,79
14,79
14,79
14,79
14,79
14,79
14,79
14,79
14,79
14,79
15,79
15,79
15,79
15,79
15,79
15,79
16,80
16,80
16,80
16,80
16,80
16,80
16,79
16,79
16,79
16,79
16,79
16,79
16,79
17,79
17,79
17,79
17,79
17,79
17,79
18,79
18,79
18,79
18,79
18,79
18,79
18,79
18,79
18,79
18,79
18,79
18,79
18,79
19,79
19,79
19,79
19,79
19,79
19,79
19,79
19,79
19,79
19,79
19,79
19,79
19,79
20,80
20,80
20,80
20,80
20,80
20,80
21,79
21,79
21,79
21,79
21,79
21,79
21,79
21,80
21,80
21,80
21,80
21,80
21,80
22,79
22,79
22,79
22,79
22,79
22,79
23,79
23,79
23,79
23,79
23,79
23,79
23,79
23,79
23,79
23,79
23,79
23,79
23,79
24,80
24,80
24,80
24,80
24,80
24,80
24,80
25,79
25,79
25,79
25,79
25,79
25,79
25,79
25,79
25,79
25,79
25,79
25,79
26,79
26,79
26,79
26,79
26,79
26,79
26,79
27,79
27,79
27,79
27,79
27,79
27,79
27,79
27,79
27,79
27,79
27,79
27,79
27,79
28,80
28,80
28,80
28,80
28,80
28,80
28,79
28,79
28,79
28,79
28,79
28,79
29,79
29,79
29,79
29,79
29,79
29,79
29,79
30,79
30,79
30,79
30,79
30,79
30,79
30,79
30,79
30,79
30,79
30,79
30,79
30,79
31,79
31,79
31,79
31,79
31,79
31,79
32,79
32,79
32,79
32,79
32,79
32,79
32,79
32,79
32,79
32,79
32,79
32,79
32,79
33,79
33,79
33,79
33,79
33,79
33,79
34,79
34,79
34,79
34,79
34,79
34,79
34,79
34,79
34,79
34,79
34,79
34,79
34,79
35,79
35,79
35,79
35,79
35,79
35,79
35,79
35,79
35,79
35,79
35,79
35,79
35,79
36,79
36,79
36,79
36,79
36,79
36,79
37,79
37,79
37,79
37,79
37,79
37,79
37,79
37,79
37,79
37,79
37,79
37,79
37,79
38,79
38,79
38,79
38,79
38,79
38,79
39,79
39,79
39,79
39,79
39,79
39,79
39,79
39,79
39,79
39,79
39,79
39,79
39,79
40,79
40,79
40,79
40,79
40,79
40,79
41,79
41,79
41,79
41,79
41,79
41,79
41,79
41,79
41,79
41,79
41,79
41,79
41,79
42,80
42,80
42,80
42,80
42,80
42,80
42,80
43,79
43,79
43,79
43,79
43,79
43,79
43,79
43,79
43,79
43,79
43,79
43,79
44,79
44,79
44,79
44,79
44,79
44,79
44,79
44,79
44,79
44,79
44,79
44,79
44,79
45,79
45,79
45,79
45,79
45,79
45,79
45,79
46,79
46,79
46,79
46,79
46,79
46,79
46,79
46,79
46,79
46,79
46,79
46,79
47,79
47,79
47,79
47,79
47,79
47,79
47,79
48,79
48,79
48,79
48,79
48,79
48,79
48,79
48,79
48,79
48,79
48,79
48,79
48,79
49,79
49,79
49,79
49,79
49,79
49,79
50,79
50,79
50,79
50,79
50,79
50,79
50,79
50,79
50,79
50,79
50,79
50,79
50,79
51,79
51,79
51,79
51,79
51,79
51,79
51,79
51,79
51,79
51,79
51,79
51,79
51,79
52,79
52,79
52,79
52,79
52,79
52,79
53,79
53,79
53,79
53,79
53,79
53,79
53,79
53,79
53,79
53,79
53,79
53,79
53,79
54,79
54,79
54,79
54,79
54,79
54,79
55,79
55,79
55,79
55,79
55,79
55,79
55,79
55,79
55,79
55,79
55,79
55,79
55,79
56,79
56,79
56,79
56,79
56,79
56,79
57,79
57,79
57,79
57,79
57,79
57,79
57,79
57,79
57,79
57,79
57,79
57,79
57,79
58,79
58,79
58,79
58,79
58,79
58,79
59,78
59,78
59,78
59,78
59,78
59,78
59,78
59,79
59,79
59,79
59,79
59,79
59,79
60,79
60,79
60,79
60,79
60,79
60,79
60,79
60,79
60,79
60,79
60,79
60,79
60,79
61,79
61,79
61,79
61,79
61,79
61,79
62,79
62,79
62,79
62,79
62,79
62,79
62,79
62,79
62,79
62,79
62,79
62,79
62,79
63,79
63,79
63,79
63,79
63,79
63,79
63,79
64,80
64,80
64,80
64,80
64,80
64,80
64,79
64,79
64,79
64,79
64,79
64,79
65,80
65,80
65,80
65,80
65,80
65,80
65,80
66,79
66,79
66,79
66,79
66,79
66,79
66,80
66,80
66,80
66,80
66,80
66,80
67,79
67,79
67,79
67,79
67,79
67,79
67,79
68,79
68,79
68,79
68,79
68,79
68,79
68,79
68,79
68,79
68,79
68,79
68,79
68,79
69,79
69,79
69,79
69,79
69,79
69,79
69,80
69,80
69,80
69,80
69,80
69,80
70,80
70,80
70,80
70,80
70,80
70,80
70,80
71,79
71,79
71,79
71,79
71,79
71,79
71,79
71,79
71,79
71,79
71,79
71,79
72,79
72,79
72,79
72,79
72,79
72,79
72,79
73,79
73,79
73,79
73,79
73,79
73,79
73,79
73,79
73,79
73,79
73,79
73,79
73,79
74,79
74,79
74,79
74,79
74,79
74,79
75,79
75,79
75,79
75,79
75,79
75,79
75,79
75,79
75,79
75,79
75,79
75,79
75,79
76,79
76,79
76,79
76,79
76,79
76,79
76,79
76,79
76,79
76,79
76,79
76,79
76,79
77,80
77,80
77,80
77,80
77,80
77,80
78,79
78,79
78,79
78,79
78,79
78,79
78,79
78,79
78,79
78,79
78,79
78,79
78,79
79,80
79,80
79,80
79,80
79,80
79,80
80,79
80,79
80,79
80,79
80,79
80,79
80,79
80,79
80,79
80,79
80,79
80,79
80,79
81,79
81,79
81,79
81,79
81,79
81,79
82,79
82,79
82,79
82,79
82,79
82,79
82,79
82,79
82,79
82,79
82,79
82,79
82,79
83,79
83,79
83,79
83,79
83,79
83,79
83,79
84,79
84,79
84,79
84,79
84,79
84,79
84,80
84,80
84,80
84,80
84,80
84,80
85,79
85,79
85,79
85,79
85,79
85,79
85,79
85,79
85,79
85,79
85,79
85,79
85,79
86,79
86,79
86,79
86,79
86,79
86,79
87,79
87,79
87,79
87,79
87,79
87,79
87,79
87,79
87,79
87,79
87,79
87,79
87,79
88,79
88,79
88,79
88,79
88,79
88,79
88,79
89,80
89,80
89,80
89,80
89,80
89,80
89,79
89,79
89,79
89,79
89,79
89,79
90,80
90,80
90,80
90,80
90,80
90,80
90,80
91,79
91,79
91,79
91,79
91,79
91,79
91,79
91,79
91,79
91,79
91,79
91,79
91,79
92,79
92,79
92,79
92,79
92,79
92,79
92,79
92,79
92,79
92,79
92,79
92,79
93,79
93,79
93,79
93,79
93,79
93,79
93,79
94,80
94,80
94,80
94,80
94,80
94,80
94,79
94,79
94,79
94,79
94,79
94,79
94,79
95,79
95,79
95,79
95,79
95,79
95,79
96,79
96,79
96,79
96,79
96,79
96,79
96,79
96,79
96,79
96,79
96,79
96,79
96,79
97,79
97,79
97,79
97,79
97,79
97,79
98,79
98,79
98,79
98,79
98,79
98,79
98,79
98,79
98,79
98,79
98,79
98,79
98,79
99,79
99,79
99,79
99,79
99,79
99,79
100,80
100,80
100,80
100,80
100,80
100,80
100,80
100,79
100,79
100,79
100,79
100,79
100,79
101,79
101,79
101,79
101,79
101,79
101,79
101,79
101,79
101,79
101,79
101,79
101,79
101,79
102,80
102,80
102,80
102,80
102,80
102,80
103,79
103,79
103,79
103,79
103,79
103,79
103,79
103,79
103,79
103,79
103,79
103,79
103,79
104,79
104,79
104,79
104,79
104,79
104,79
105,79
105,79
105,79
105,79
105,79
105,79
105,79
105,79
105,79
105,79
105,79
105,79
105,79
106,79
106,79
106,79
106,79
106,79
106,79
106,79
107,79
107,79
107,79
107,79
107,79
107,79
107,80
107,80
107,80
107,80
107,80
107,80
108,80
108,80
108,80
108,80
108,80
108,80
108,80
108,79
108,79
108,79
108,79
108,79
108,79
109,80
109,80
109,80
109,80
109,80
109,80
110,79
110,79
110,79
110,79
110,79
110,79
110,79
110,80
110,80
110,80
110,80
110,80
110,80
111,79
111,79
111,79
111,79
111,79
111,79
111,79
112,79
112,79
112,79
112,79
112,79
112,79
112,79
112,79
112,79
112,79
112,79
112,79
113,79
113,79
113,79
113,79
113,79
113,79
113,79
114,80
114,80
114,80
114,80
114,80
114,80
114,79
114,79
114,79
114,79
114,79
114,79
114,79
115,80
115,80
115,80
115,80
115,80
115,80
116,80
116,80
116,80
116,80
116,80
116,80
116,79
116,79
116,79
116,79
116,79
116,79
116,79
117,79
117,79
117,79
117,79
117,79
117,79
117,79
117,79
117,79
117,79
117,79
117,79
117,79
118,79
118,79
118,79
118,79
118,79
118,79
119,79
119,79
119,79
119,79
119,79
119,79
119,79
119,79
119,79
119,79
119,79
119,79
119,79
120,80
120,80
120,80
120,80
120,80
120,80
121,79
121,79
121,79
121,79
121,79
121,79
121,79
121,79
121,79
121,79
121,79
121,79
121,79
122,80
122,80
122,80
122,80
122,80
122,80
123,79
123,79
123,79
123,79
123,79
123,79
123,79
123,79
123,79
123,79
123,79
123,79
123,79
124,80
124,80
124,80
124,80
124,80
124,80
125,80
125,80
125,80
125,80
125,80
125,80
125,80
125,79
125,79
125,79
125,79
125,79
125,79
126,79
126,79
126,79
126,79
126,79
126,79
126,79
126,79
126,79
126,79
126,79
126,79
126,79
127,79
127,79
127,79
127,79
127,79
127,79
128,79
128,79
128,79
128,79
128,79
128,79
128,79
128,79
128,79
128,79
128,79
128,79
128,79
129,79
129,79
129,79
129,79
129,79
129,79
130,79
130,79
130,79
130,79
130,79
130,79
130,79
130,79
130,79
130,79
130,79
130,79
130,79
131,80
131,80
131,80
131,80
131,80
131,80
131,80
132,80
132,80
132,80
132,80
132,80
132,80
132,79
132,79
132,79
132,79
132,79
132,79
133,79
133,79
133,79
133,79
133,79
133,79
133,79
133,80
133,80
133,80
133,80
133,80
133,80
134,79
134,79
134,79
134,79
134,79
134,79
134,79
135,79
135,79
135,79
135,79
135,79
135,79
135,80
135,80
135,80
135,80
135,80
135,80
136,79
136,79
136,79
136,79
136,79
136,79
136,79
137,80
137,80
137,80
137,80
137,80
137,80
137,79
137,79
137,79
137,79
137,79
137,79
138,79
138,79
138,79
138,79
138,79
138,79
138,79
139,80
139,80
139,80
139,80
139,80
139,80
139,79
139,79
139,79
139,79
139,79
139,79
139,79
140,79
140,79
140,79
140,79
140,79
140,79
141,79
141,79
141,79
141,79
141,79
141,79
141,79
141,79
141,79
141,79
141,79
141,79
141,79
142,79
142,79
142,79
142,79
142,79
142,79
142,79
142,79
142,79
142,79
142,79
142,79
142,79
143,79
143,79
143,79
143,79
143,79
143,79
144,79
144,79
144,79
144,79
144,79
144,79
144,79
144,79
144,79
144,79
144,79
144,79
144,79
145,80
145,80
145,80
145,80
145,80
145,80
146,79
146,79
146,79
146,79
146,79
146,79
146,79
146,80
146,80
146,80
146,80
146,80
146,80
147,80
147,80
147,80
147,80
147,80
147,80
148,79
148,79
148,79
148,79
148,79
148,79
148,79
148,79
148,79
148,79
148,79
148,79
148,79
149,80
149,80
149,80
149,80
149,80
149,80
149,80
149,80
149,80
149,80
149,80
149,80
149,80
150,79
150,79
150,79
150,79
150,79
150,79
151,79
151,79
151,79
151,79
151,79
151,79
151,79
151,79
151,79
151,79
151,79
151,79
151,79
152,79
152,79
152,79
152,79
152,79
152,79
153,80
153,80
153,80
153,80
153,80
153,80
153,80
153,79
153,79
153,79
153,79
153,79
153,79
154,79
154,79
154,79
154,79
154,79
154,79
154,79
155,80
155,80
155,80
155,80
155,80
155,80
155,79
155,79
155,79
155,79
155,79
155,79
156,79
156,79
156,79
156,79
156,79
156,79
156,79
157,80
157,80
157,80
157,80
157,80
157,80
157,79
157,79
157,79
157,79
157,79
157,79
157,79
158,79
158,79
158,79
158,79
158,79
158,79
158,80
158,80
158,80
158,80
158,80
158,80
159,79
159,79
159,79
159,79
159,79
159,79
159,79
160,79
160,79
160,79
160,79
160,79
160,79
160,79
160,79
160,79
160,79
160,79
160,79
161,79
161,79
161,79
161,79
161,79
161,79
161,79
162,79
162,79
162,79
162,79
162,79
162,79
162,79
162,79
162,79
162,79
162,79
162,79
162,79
163,80
163,80
163,80
163,80
163,80
163,80
164,79
164,79
164,79
164,79
164,79
164,79
164,80
164,80
164,80
164,80
164,80
164,80
164,80
165,79
165,79
165,79
165,79
165,79
165,79
166,79
166,79
166,79
166,79
166,79
166,79
166,79
166,79
166,79
166,79
166,79
166,79
166,79
167,79
167,79
167,79
167,79
167,79
167,79
167,79
167,79
167,79
167,79
167,79
167,79
167,79
168,79
168,79
168,79
168,79
168,79
168,79
169,80
169,80
169,80
169,80
169,80
169,80
169,80
169,79
169,79
169,79
169,79
169,79
169,79
170,79
170,79
170,79
170,79
170,79
170,79
171,79
171,79
171,79
171,79
171,79
171,79
171,79
171,79
171,79
171,79
171,79
171,79
171,79
172,79
172,79
172,79
172,79
172,79
172,79
172,79
173,79
173,79
173,79
173,79
173,79
173,79
173,79
173,79
173,79
173,79
173,79
173,79
174,79
174,79
174,79
174,79
174,79
174,79
174,79
174,79
174,79
174,79
174,79
174,79
174,79
175,80
175,80
175,80
175,80
175,80
175,80
175,80
176,80
176,80
176,80
176,80
176,80
176,80
176,79
176,79
176,79
176,79
176,79
176,79
177,80
177,80
177,80
177,80
177,80
177,80
177,80
178,79
178,79
178,79
178,79
178,79
178,79
178,79
178,79
178,79
178,79
178,79
178,79
179,80
179,80
179,80
179,80
179,80
179,80
179,80
180,80
180,80
180,80
180,80
180,80
180,80
180,80
180,80
180,80
180,80
180,80
180,80
180,80
181,80
181,80
181,80
181,80
181,80
181,80
182,79
182,79
182,79
182,79
182,79
182,79
182,79
182,79
182,79
182,79
182,79
182,79
182,79
183,79
183,79
183,79
183,79
183,79
183,79
183,79
183,79
183,79
183,79
183,79
183,79
183,79
184,79
184,79
184,79
184,79
184,79
184,79
185,79
185,79
185,79
185,79
185,79
185,79
185,80
185,80
185,80
185,80
185,80
185,80
185,80
186,79
186,79
186,79
186,79
186,79
186,79
187,80
187,80
187,80
187,80
187,80
187,80
187,80
187,79
187,79
187,79
187,79
187,79
187,79
188,79
188,79
188,79
188,79
188,79
188,79
189,80
189,80
189,80
189,80
189,80
189,80
189,80
189,80
189,80
189,80
189,80
189,80
189,80
190,80
190,80
190,80
190,80
190,80
190,80
190,80
190,79
190,79
190,79
190,79
190,79
190,79
191,79
191,79
191,79
191,79
191,79
191,79
192,79
192,79
192,79
192,79
192,79
192,79
192,79
192,79
192,79
192,79
192,79
192,79
192,79
193,79
193,79
193,79
193,79
193,79
193,79
194,79
194,79
194,79
194,79
194,79
194,79
194,79
194,80
194,80
194,80
194,80
194,80
194,80
195,79
195,79
195,79
195,79
195,79
195,79
195,79
196,80
196,80
196,80
196,80
196,80
196,80
196,79
196,79
196,79
196,79
196,79
196,79
197,80
197,80
197,80
197,80
197,80
197,80
197,80
198,79
198,79
198,79
198,79
198,79
198,79
198,79
198,79
198,79
198,79
198,79
198,79
198,79
199,79
199,79
199,79
199,79
199,79
199,79
199,80
199,80
199,80
199,80
199,80
199,80
200,80
200,80
200,80
200,80
200,80
200,80
200,80
201,79
201,79
201,79
201,79
201,79
201,79
201,80
201,80
201,80
201,80
201,80
201,80
201,80
202,79
202,79
202,79
202,79
202,79
202,79
203,79
203,79
203,79
203,79
203,79
203,79
203,80
203,80
203,80
203,80
203,80
203,80
203,80
204,79
204,79
204,79
204,79
204,79
204,79
205,79
205,79
205,79
205,79
205,79
205,79
205,79
205,80
205,80
205,80
205,80
205,80
205,80
206,79
206,79
206,79
206,79
206,79
206,79
207,79
207,79
207,79
207,79
207,79
207,79
207,79
207,79
207,79
207,79
207,79
207,79
207,79
208,79
208,79
208,79
208,79
208,79
208,79
208,79
208,80
208,80
208,80
208,80
208,80
208,80
209,79
209,79
209,79
209,79
209,79
209,79
210,79
210,79
210,79
210,79
210,79
210,79
210,79
210,80
210,80
210,80
210,80
210,80
210,80
211,79
211,79
211,79
211,79
211,79
211,79
212,79
212,79
212,79
212,79
212,79
212,79
212,79
212,79
212,79
212,79
212,79
212,79
212,79
213,79
213,79
213,79
213,79
213,79
213,79
213,79
214,79
214,79
214,79
214,79
214,79
214,79
214,79
214,79
214,79
214,79
214,79
214,79
215,80
215,80
215,80
215,80
215,80
215,80
215,80
215,79
215,79
215,79
215,79
215,79
215,79
216,80
216,80
216,80
216,80
216,80
216,80
217,79
217,79
217,79
217,79
217,79
217,79
217,79
217,79
217,79
217,79
217,79
217,79
217,79
218,79
218,79
218,79
218,79
218,79
218,79
218,79
219,80
219,80
219,80
219,80
219,80
219,80
219,80
219,80
219,80
219,80
219,80
219,80
220,79
220,79
220,79
220,79
220,79
220,79
220,79
221,79
221,79
221,79
221,79
221,79
221,79
221,80
221,80
221,80
221,80
221,80
221,80
221,80
222,79
222,79
222,79
222,79
222,79
222,79
223,80
223,80
223,80
223,80
223,80
223,80
223,79
223,79
223,79
223,79
223,79
223,79
223,79
224,79
224,79
224,79
224,79
224,79
224,79
224,80
224,80
224,80
224,80
224,80
224,80
224,80
225,79
225,79
225,79
225,79
225,79
225,79
226,79
226,79
226,79
226,79
226,79
226,79
226,79
226,79
226,79
226,79
226,79
226,79
226,79
227,79
227,79
227,79
227,79
227,79
227,79
228,79
228,79
228,79
228,79
228,79
228,79
228,80
228,80
228,80
228,80
228,80
228,80
228,80
229,79
229,79
229,79
229,79
229,79
229,79
230,79
230,79
230,79
230,79
230,79
230,79
230,79
230,79
230,79
230,79
230,79
230,79
230,79
231,79
231,79
231,79
231,79
231,79
231,79
231,79
231,79
231,79
231,79
231,79
231,79
231,79
232,79
232,79
232,79
232,79
232,79
232,79
233,79
233,79
233,79
233,79
233,79
233,79
233,79
233,79
233,79
233,79
233,79
233,79
233,79
234,80
234,80
234,80
234,80
234,80
234,80
235,79
235,79
235,79
235,79
235,79
235,79
235,79
235,79
235,79
235,79
235,79
235,79
235,79
236,80
236,80
236,80
236,80
236,80
236,80
236,80
237,79
237,79
237,79
237,79
237,79
237,79
237,79
237,79
237,79
237,79
237,79
237,79
238,79
238,79
238,79
238,79
238,79
238,79
238,79
239,79
239,79
239,79
239,79
239,79
239,79
239,79
239,79
239,79
239,79
239,79
239,79
239,79
240,79
240,79
240,79
240,79
240,79
240,79
240,80
240,80
240,80
240,80
240,80
240,80
241,79
241,79
241,79
241,79
241,79
241,79
241,79
242,79
242,79
242,79
242,79
242,79
242,79
242,79
242,79
242,79
242,79
242,79
242,79
242,79
243,79
243,79
243,79
243,79
243,79
243,79
244,79
244,79
244,79
244,79
244,79
244,79
244,80
244,80
244,80
244,80
244,80
244,80
244,80
245,80
245,80
245,80
245,80
245,80
245,80
246,79
246,79
246,79
246,79
246,79
246,79
246,79
246,79
246,79
246,79
246,79
246,79
246,79
247,79
247,79
247,79
247,79
247,79
247,79
248,79
248,79
248,79
248,79
248,79
248,79
248,79
248,80
248,80
248,80
248,80
248,80
248,80
249,79
249,79
249,79
249,79
249,79
249,79
249,79
249,79
249,79
249,79
249,79
249,79
249,79
250,79
250,79
250,79
250,79
250,79
250,79
251,80
251,80
251,80
251,80
251,80
251,80
251,80
251,80
251,80
251,80
251,80
251,80
251,80
252,79
252,79
252,79
252,79
252,79
252,79
252,79
253,79
253,79
253,79
253,79
253,79
253,79
253,79
253,79
253,79
253,79
253,79
253,79
254,79
254,79
254,79
254,79
254,79
254,79
254,79
255,79
255,79
255,79
255,79
255,79
255,79
255,79
255,79
255,79
255,79
255,79
255,79
256,79
256,79
256,79
256,79
256,79
256,79
256,79
256,79
256,79
256,79
256,79
256,79
256,79
257,79
257,79
257,79
257,79
257,79
257,79
257,79
258,79
258,79
258,79
258,79
258,79
258,79
258,79
258,79
258,79
258,79
258,79
258,79
259,79
259,79
259,79
259,79
259,79
259,79
259,79
260,79
260,79
260,79
260,79
260,79
260,79
260,79
260,79
260,79
260,79
260,79
260,79
261,79
261,79
261,79
261,79
261,79
261,79
261,79
262,79
262,79
262,79
262,79
262,79
262,79
262,80
262,80
262,80
262,80
262,80
262,80
262,80
263,79
263,79
263,79
263,79
263,79
263,79
264,80
264,80
264,80
264,80
264,80
264,80
264,79
264,79
264,79
264,79
264,79
264,79
264,79
265,80
265,80
265,80
265,80
265,80
265,80
265,79
265,79
265,79
265,79
265,79
265,79
265,79
266,79
266,79
266,79
266,79
266,79
266,79
267,80
267,80
267,80
267,80
267,80
267,80
267,79
267,79
267,79
267,79
267,79
267,79
267,79
268,80
268,80
268,80
268,80
268,80
268,80
269,79
269,79
269,79
269,79
269,79
269,79
269,79
269,80
269,80
269,80
269,80
269,80
269,80
270,79
270,79
270,79
270,79
270,79
270,79
271,79
271,79
271,79
271,79
271,79
271,79
271,79
271,80
271,80
271,80
271,80
271,80
271,80
272,79
272,79
272,79
272,79
272,79
272,79
272,80
272,80
272,80
272,80
272,80
272,80
272,80
273,79
273,79
273,79
273,79
273,79
273,79
274,79
274,79
274,79
274,79
274,79
274,79
274,79
274,80
274,80
274,80
274,80
274,80
274,80
275,79
275,79
275,79
275,79
275,79
275,79
276,79
276,79
276,79
276,79
276,79
276,79
276,79
276,79
276,79
276,79
276,79
276,79
276,79
277,79
277,79
277,79
277,79
277,79
277,79
278,79
278,79
278,79
278,79
278,79
278,79
278,79
278,80
278,80
278,80
278,80
278,80
278,80
279,79
279,79
279,79
279,79
279,79
279,79
279,79
280,79
280,79
280,79
280,79
280,79
280,79
280,79
280,79
280,79
280,79
280,79
280,79
281,80
281,80
281,80
281,80
281,80
281,80
281,80
281,80
281,80
281,80
281,80
281,80
281,80
282,79
282,79
282,79
282,79
282,79
282,79
282,79
283,79
283,79
283,79
283,79
283,79
283,79
283,79
283,79
283,79
283,79
283,79
283,79
284,79
284,79
284,79
284,79
284,79
284,79
284,79
285,79
285,79
285,79
285,79
285,79
285,79
285,80
285,80
285,80
285,80
285,80
285,80
285,80
286,80
286,80
286,80
286,80
286,80
286,80
287,79
287,79
287,79
287,79
287,79
287,79
287,80
287,80
287,80
287,80
287,80
287,80
287,80
288,79
288,79
288,79
288,79
288,79
288,79
288,79
288,79
288,79
288,79
288,79
288,79
289,79
289,79
289,79
289,79
289,79
289,79
289,79
290,79
290,79
290,79
290,79
290,79
290,79
290,79
290,79
290,79
290,79
290,79
290,79
290,79
291,80
291,80
291,80
291,80
291,80
291,80
292,80
292,80
292,80
292,80
292,80
292,80
292,79
292,79
292,79
292,79
292,79
292,79
292,79
293,79
293,79
293,79
293,79
293,79
293,79
294,79
294,79
294,79
294,79
294,79
294,79
294,79
294,80
294,80
294,80
294,80
294,80
294,80
295,80
295,80
295,80
295,80
295,80
295,80
296,79
296,79
296,79
296,79
296,79
296,79
296,79
296,79
296,79
296,79
296,79
296,79
296,79
297,79
297,79
297,79
297,79
297,79
297,79
297,79
297,79
297,79
297,79
297,79
297,79
297,79
298,79
298,79
298,79
298,79
298,79
298,79
299,79
299,79
299,79
299,79
299,79
299,79
299,79
299,79
299,79
299,79
299,79
299,79
299,79
300,79
300,79
300,79
300,79
300,79
300,79
300,79
300,79
300,79
300,79
300,79
300,79
300,79
300,79
300,79
300,79
300,79
300,79
300,79
300,79
300,79
300,79
300,79
300,79
300,79
300,79
300,79
300,79
300,79
300,79
300,79
300,79
300,79
300,79
300,79
300,79
300,79
300,79
300,79
300,79
300,79
300,79
300,79
300,79
300,79
300,79
300,79
300,79
300,79
300,79
300,79
300,79
300,79
300,79
300,79
300,79
300,79
300,79
300,79
300,79
300,79
300,79
300,79
300,79
300,79
300,79
300,79
300,79
300,79
300,79
300,79
300,79
300,79
300,79
300,79
300,79
300,79
300,79
300,79
300,79
300,79
300,79
300,79
300,79
300,79
300,79
300,79
300,79
300,79
300,79
300,79
300,79
300,79
300,79
300,79
300,79
300,79
300,79
300,79
300,79
300,79
300,79
300,79
300,79
