0,0
0,83
0,83
0,83
0,83
0,83
0,83
0,83
0,83
0,83
0,83
0,83
0,83
0,83
1,83
1,83
1,83
1,83
1,83
1,83
2,83
2,83
2,83
2,83
2,83
2,83
2,83
2,83
2,83
2,83
2,83
2,83
2,83
3,83
3,83
3,83
3,83
3,83
3,83
3,83
3,83
3,83
3,83
3,83
3,83
3,83
4,83
4,83
4,83
4,83
4,83
4,83
5,83
5,83
5,83
5,83
5,83
5,83
5,83
5,83
5,83
5,83
5,83
5,83
5,83
6,83
6,83
6,83
6,83
6,83
6,83
7,83
7,83
7,83
7,83
7,83
7,83
7,83
7,82
7,82
7,82
7,82
7,82
7,82
8,83
8,83
8,83
8,83
8,83
8,83
8,83
9,83
9,83
9,83
9,83
9,83
9,83
9,83
9,83
9,83
9,83
9,83
9,83
10,83
10,83
10,83
10,83
10,83
10,83
10,83
10,83
10,83
10,83
10,83
10,83
10,83
11,83
11,83
11,83
11,83
11,83
11,83
11,83
12,83
12,83
12,83
12,83
12,83
12,83
12,82
12,82
12,82
12,82
12,82
12,82
13,83
13,83
13,83
13,83
13,83
13,83
13,83
14,83
14,83
14,83
14,83
14,83
14,83
14,83
14,83
14,83
14,83
14,83
14,83
14,83
15,83
15,83
15,83
15,83
15,83
15,83
16,83
16,83
16,83
16,83
16,83
16,83
16,83
16,83
16,83
16,83
16,83
16,83
16,83
17,83
17,83
17,83
17,83
17,83
17,83
18,83
18,83
18,83
18,83
18,83
18,83
18,83
18,83
18,83
18,83
18,83
18,83
18,83
19,83
19,83
19,83
19,83
19,83
19,83
19,83
19,83
19,83
19,83
19,83
19,83
19,83
20,83
20,83
20,83
20,83
20,83
20,83
21,83
21,83
21,83
21,83
21,83
21,83
21,83
21,83
21,83
21,83
21,83
21,83
21,83
22,83
22,83
22,83
22,83
22,83
22,83
23,83
23,83
23,83
23,83
23,83
23,83
23,83
23,83
23,83
23,83
23,83
23,83
23,83
24,83
24,83
24,83
24,83
24,83
24,83
25,83
25,83
25,83
25,83
25,83
25,83
25,83
25,83
25,83
25,83
25,83
25,83
25,83
26,83
26,83
26,83
26,83
26,83
26,83
26,83
26,83
26,83
26,83
26,83
26,83
26,83
27,83
27,83
27,83
27,83
27,83
27,83
28,83
28,83
28,83
28,83
28,83
28,83
28,83
28,83
28,83
28,83
28,83
28,83
28,83
29,83
29,83
29,83
29,83
29,83
29,83
30,83
30,83
30,83
30,83
30,83
30,83
30,83
30,83
30,83
30,83
30,83
30,83
30,83
31,83
31,83
31,83
31,83
31,83
31,83
31,83
32,83
32,83
32,83
32,83
32,83
32,83
32,83
32,83
32,83
32,83
32,83
32,83
33,83
33,83
33,83
33,83
33,83
33,83
33,83
34,83
34,83
34,83
34,83
34,83
34,83
34,83
34,83
34,83
34,83
34,83
34,83
35,83
35,83
35,83
35,83
35,83
35,83
35,83
35,83
35,83
35,83
35,83
35,83
35,83
36,83
36,83
36,83
36,83
36,83
36,83
36,83
37,83
37,83
37,83
37,83
37,83
37,83
37,83
37,83
37,83
37,83
37,83
37,83
38,83
38,83
38,83
38,83
38,83
38,83
38,83
39,83
39,83
39,83
39,83
39,83
39,83
39,83
39,83
39,83
39,83
39,83
39,83
39,83
40,83
40,83
40,83
40,83
40,83
40,83
41,83
41,83
41,83
41,83
41,83
41,83
41,83
41,83
41,83
41,83
41,83
41,83
41,83
42,83
42,83
42,83
42,83
42,83
42,83
42,83
42,83
42,83
42,83
42,83
42,83
42,83
43,83
43,83
43,83
43,83
43,83
43,83
44,84
44,84
44,84
44,84
44,84
44,84
44,83
44,83
44,83
44,83
44,83
44,83
44,83
45,83
45,83
45,83
45,83
45,83
45,83
46,83
46,83
46,83
46,83
46,83
46,83
46,83
46,83
46,83
46,83
46,83
46,83
46,83
47,83
47,83
47,83
47,83
47,83
47,83
48,83
48,83
48,83
48,83
48,83
48,83
48,83
48,83
48,83
48,83
48,83
48,83
48,83
49,83
49,83
49,83
49,83
49,83
49,83
50,83
50,83
50,83
50,83
50,83
50,83
50,83
50,83
50,83
50,83
50,83
50,83
50,83
51,83
51,83
51,83
51,83
51,83
51,83
51,83
51,83
51,83
51,83
51,83
51,83
51,83
52,83
52,83
52,83
52,83
52,83
52,83
53,83
53,83
53,83
53,83
53,83
53,83
53,83
53,83
53,83
53,83
53,83
53,83
53,83
54,83
54,83
54,83
54,83
54,83
54,83
54,83
55,84
55,84
55,84
55,84
55,84
55,84
55,83
55,83
55,83
55,83
55,83
55,83
56,83
56,83
56,83
56,83
56,83
56,83
56,83
57,83
57,83
57,83
57,83
57,83
57,83
57,83
57,83
57,83
57,83
57,83
57,83
58,83
58,83
58,83
58,83
58,83
58,83
58,83
58,83
58,83
58,83
58,83
58,83
58,83
59,83
59,83
59,83
59,83
59,83
59,83
59,83
60,83
60,83
60,83
60,83
60,83
60,83
60,83
60,83
60,83
60,83
60,83
60,83
61,83
61,83
61,83
61,83
61,83
61,83
61,83
62,83
62,83
62,83
62,83
62,83
62,83
62,83
62,83
62,83
62,83
62,83
62,83
62,83
63,83
63,83
63,83
63,83
63,83
63,83
64,84
64,84
64,84
64,84
64,84
64,84
64,83
64,83
64,83
64,83
64,83
64,83
64,83
65,83
65,83
65,83
65,83
65,83
65,83
66,83
66,83
66,83
66,83
66,83
66,83
66,84
66,84
66,84
66,84
66,84
66,84
66,84
67,83
67,83
67,83
67,83
67,83
67,83
67,83
67,83
67,83
67,83
67,83
67,83
67,83
68,83
68,83
68,83
68,83
68,83
68,83
69,83
69,83
69,83
69,83
69,83
69,83
69,83
69,83
69,83
69,83
69,83
69,83
69,83
70,83
70,83
70,83
70,83
70,83
70,83
71,83
71,83
71,83
71,83
71,83
71,83
71,83
71,83
71,83
71,83
71,83
71,83
71,83
72,82
72,82
72,82
72,82
72,82
72,82
73,84
73,84
73,84
73,84
73,84
73,84
73,84
73,83
73,83
73,83
73,83
73,83
73,83
74,83
74,83
74,83
74,83
74,83
74,83
74,83
74,83
74,83
74,83
74,83
74,83
74,83
75,83
75,83
75,83
75,83
75,83
75,83
76,83
76,83
76,83
76,83
76,83
76,83
76,83
76,83
76,83
76,83
76,83
76,83
76,83
77,83
77,83
77,83
77,83
77,83
77,83
77,83
78,83
78,83
78,83
78,83
78,83
78,83
78,83
78,83
78,83
78,83
78,83
78,83
79,83
79,83
79,83
79,83
79,83
79,83
79,83
80,83
80,83
80,83
80,83
80,83
80,83
80,83
80,83
80,83
80,83
80,83
80,83
81,83
81,83
81,83
81,83
81,83
81,83
81,83
82,83
82,83
82,83
82,83
82,83
82,83
82,83
82,83
82,83
82,83
82,83
82,83
82,83
83,83
83,83
83,83
83,83
83,83
83,83
83,83
83,83
83,83
83,83
83,83
83,83
84,83
84,83
84,83
84,83
84,83
84,83
84,83
85,83
85,83
85,83
85,83
85,83
85,83
85,83
85,83
85,83
85,83
85,83
85,83
85,83
86,83
86,83
86,83
86,83
86,83
86,83
87,83
87,83
87,83
87,83
87,83
87,83
87,83
87,83
87,83
87,83
87,83
87,83
87,83
88,83
88,83
88,83
88,83
88,83
88,83
89,83
89,83
89,83
89,83
89,83
89,83
89,83
89,84
89,84
89,84
89,84
89,84
89,84
90,83
90,83
90,83
90,83
90,83
90,83
91,83
91,83
91,83
91,83
91,83
91,83
91,83
91,83
91,83
91,83
91,83
91,83
91,83
92,83
92,83
92,83
92,83
92,83
92,83
92,83
92,83
92,83
92,83
92,83
92,83
92,83
93,83
93,83
93,83
93,83
93,83
93,83
94,83
94,83
94,83
94,83
94,83
94,83
94,83
94,83
94,83
94,83
94,83
94,83
94,83
95,83
95,83
95,83
95,83
95,83
95,83
96,83
96,83
96,83
96,83
96,83
96,83
96,83
96,83
96,83
96,83
96,83
96,83
96,83
97,83
97,83
97,83
97,83
97,83
97,83
97,83
98,83
98,83
98,83
98,83
98,83
98,83
98,83
98,83
98,83
98,83
98,83
98,83
99,83
99,83
99,83
99,83
99,83
99,83
99,83
99,83
99,83
99,83
99,83
99,83
99,83
100,83
100,83
100,83
100,83
100,83
100,83
100,83
101,82
101,82
101,82
101,82
101,82
101,82
101,83
101,83
101,83
101,83
101,83
101,83
102,83
102,83
102,83
102,83
102,83
102,83
102,83
103,83
103,83
103,83
103,83
103,83
103,83
103,83
103,83
103,83
103,83
103,83
103,83
103,83
104,83
104,83
104,83
104,83
104,83
104,83
105,83
105,83
105,83
105,83
105,83
105,83
105,83
105,83
105,83
105,83
105,83
105,83
105,83
106,83
106,83
106,83
106,83
106,83
106,83
107,83
107,83
107,83
107,83
107,83
107,83
107,83
107,83
107,83
107,83
107,83
107,83
107,83
108,83
108,83
108,83
108,83
108,83
108,83
108,83
108,83
108,83
108,83
108,83
108,83
108,83
109,83
109,83
109,83
109,83
109,83
109,83
110,83
110,83
110,83
110,83
110,83
110,83
110,83
110,83
110,83
110,83
110,83
110,83
110,83
111,83
111,83
111,83
111,83
111,83
111,83
112,83
112,83
112,83
112,83
112,83
112,83
112,83
112,83
112,83
112,83
112,83
112,83
112,83
113,83
113,83
113,83
113,83
113,83
113,83
114,83
114,83
114,83
114,83
114,83
114,83
114,83
114,83
114,83
114,83
114,83
114,83
114,83
115,83
115,83
115,83
115,83
115,83
115,83
115,83
116,83
116,83
116,83
116,83
116,83
116,83
116,83
116,83
116,83
116,83
116,83
116,83
117,83
117,83
117,83
117,83
117,83
117,83
117,83
117,83
117,83
117,83
117,83
117,83
117,83
118,83
118,83
118,83
118,83
118,83
118,83
118,83
119,83
119,83
119,83
119,83
119,83
119,83
119,83
119,83
119,83
119,83
119,83
119,83
120,83
120,83
120,83
120,83
120,83
120,83
120,83
121,83
121,83
121,83
121,83
121,83
121,83
121,83
121,83
121,83
121,83
121,83
121,83
121,83
122,83
122,83
122,83
122,83
122,83
122,83
123,83
123,83
123,83
123,83
123,83
123,83
123,83
123,83
123,83
123,83
123,83
123,83
123,83
124,83
124,83
124,83
124,83
124,83
124,83
124,83
124,83
124,83
124,83
124,83
124,83
125,83
125,83
125,83
125,83
125,83
125,83
125,83
126,83
126,83
126,83
126,83
126,83
126,83
126,83
126,83
126,83
126,83
126,83
126,83
126,83
127,83
127,83
127,83
127,83
127,83
127,83
128,83
128,83
128,83
128,83
128,83
128,83
128,83
128,83
128,83
128,83
128,83
128,83
128,83
129,83
129,83
129,83
129,83
129,83
129,83
130,83
130,83
130,83
130,83
130,83
130,83
130,83
130,83
130,83
130,83
130,83
130,83
130,83
131,83
131,83
131,83
131,83
131,83
131,83
132,83
132,83
132,83
132,83
132,83
132,83
132,83
132,83
132,83
132,83
132,83
132,83
132,83
133,83
133,83
133,83
133,83
133,83
133,83
133,83
133,83
133,83
133,83
133,83
133,83
133,83
134,83
134,83
134,83
134,83
134,83
134,83
135,83
135,83
135,83
135,83
135,83
135,83
135,83
135,83
135,83
135,83
135,83
135,83
135,83
136,83
136,83
136,83
136,83
136,83
136,83
137,83
137,83
137,83
137,83
137,83
137,83
137,83
137,83
137,83
137,83
137,83
137,83
137,83
138,83
138,83
138,83
138,83
138,83
138,83
138,83
139,83
139,83
139,83
139,83
139,83
139,83
139,83
139,83
139,83
139,83
139,83
139,83
140,83
140,83
140,83
140,83
140,83
140,83
140,83
140,83
140,83
140,83
140,83
140,83
140,83
141,83
141,83
141,83
141,83
141,83
141,83
141,83
142,83
142,83
142,83
142,83
142,83
142,83
142,83
142,83
142,83
142,83
142,83
142,83
143,83
143,83
143,83
143,83
143,83
143,83
143,83
144,83
144,83
144,83
144,83
144,83
144,83
144,83
144,83
144,83
144,83
144,83
144,83
144,83
145,83
145,83
145,83
145,83
145,83
145,83
146,83
146,83
146,83
146,83
146,83
146,83
146,83
146,83
146,83
146,83
146,83
146,83
146,83
147,83
147,83
147,83
147,83
147,83
147,83
148,83
148,83
148,83
148,83
148,83
148,83
148,83
148,83
148,83
148,83
148,83
148,83
148,83
149,83
149,83
149,83
149,83
149,83
149,83
149,83
149,83
149,83
149,83
149,83
149,83
149,83
150,83
150,83
150,83
150,83
150,83
150,83
151,83
151,83
151,83
151,83
151,83
151,83
151,83
151,83
151,83
151,83
151,83
151,83
151,83
152,83
152,83
152,83
152,83
152,83
152,83
153,83
153,83
153,83
153,83
153,83
153,83
153,83
153,83
153,83
153,83
153,83
153,83
153,83
154,83
154,83
154,83
154,83
154,83
154,83
155,83
155,83
155,83
155,83
155,83
155,83
155,83
155,83
155,83
155,83
155,83
155,83
155,83
156,83
156,83
156,83
156,83
156,83
156,83
156,83
156,83
156,83
156,83
156,83
156,83
156,83
157,83
157,83
157,83
157,83
157,83
157,83
158,83
158,83
158,83
158,83
158,83
158,83
158,83
158,83
158,83
158,83
158,83
158,83
158,83
159,83
159,83
159,83
159,83
159,83
159,83
159,83
160,83
160,83
160,83
160,83
160,83
160,83
160,83
160,83
160,83
160,83
160,83
160,83
161,83
161,83
161,83
161,83
161,83
161,83
161,83
162,83
162,83
162,83
162,83
162,83
162,83
162,83
162,83
162,83
162,83
162,83
162,83
163,83
163,83
163,83
163,83
163,83
163,83
163,83
164,83
164,83
164,83
164,83
164,83
164,83
164,83
164,83
164,83
164,83
164,83
164,83
164,83
165,83
165,83
165,83
165,83
165,83
165,83
165,84
165,84
165,84
165,84
165,84
165,84
166,83
166,83
166,83
166,83
166,83
166,83
166,83
167,83
167,83
167,83
167,83
167,83
167,83
167,83
167,83
167,83
167,83
167,83
167,83
167,83
168,83
168,83
168,83
168,83
168,83
168,83
169,83
169,83
169,83
169,83
169,83
169,83
169,83
169,83
169,83
169,83
169,83
169,83
169,83
170,83
170,83
170,83
170,83
170,83
170,83
171,83
171,83
171,83
171,83
171,83
171,83
171,83
171,83
171,83
171,83
171,83
171,83
171,83
172,83
172,83
172,83
172,83
172,83
172,83
173,83
173,83
173,83
173,83
173,83
173,83
173,83
173,83
173,83
173,83
173,83
173,83
173,83
174,83
174,83
174,83
174,83
174,83
174,83
174,83
174,83
174,83
174,83
174,83
174,83
174,83
175,83
175,83
175,83
175,83
175,83
175,83
176,83
176,83
176,83
176,83
176,83
176,83
176,83
176,83
176,83
176,83
176,83
176,83
176,83
177,83
177,83
177,83
177,83
177,83
177,83
178,84
178,84
178,84
178,84
178,84
178,84
178,84
178,83
178,83
178,83
178,83
178,83
178,83
179,83
179,83
179,83
179,83
179,83
179,83
179,83
180,83
180,83
180,83
180,83
180,83
180,83
180,83
180,83
180,83
180,83
180,83
180,83
181,83
181,83
181,83
181,83
181,83
181,83
181,83
181,83
181,83
181,83
181,83
181,83
181,83
182,83
182,83
182,83
182,83
182,83
182,83
183,83
183,83
183,83
183,83
183,83
183,83
183,83
183,83
183,83
183,83
183,83
183,83
183,83
184,83
184,83
184,83
184,83
184,83
184,83
184,83
185,83
185,83
185,83
185,83
185,83
185,83
185,83
185,83
185,83
185,83
185,83
185,83
186,83
186,83
186,83
186,83
186,83
186,83
186,83
187,83
187,83
187,83
187,83
187,83
187,83
187,83
187,83
187,83
187,83
187,83
187,83
187,83
188,83
188,83
188,83
188,83
188,83
188,83
189,83
189,83
189,83
189,83
189,83
189,83
189,83
189,83
189,83
189,83
189,83
189,83
189,83
190,83
190,83
190,83
190,83
190,83
190,83
190,83
190,83
190,83
190,83
190,83
190,83
190,83
191,83
191,83
191,83
191,83
191,83
191,83
192,83
192,83
192,83
192,83
192,83
192,83
192,83
192,83
192,83
192,83
192,83
192,83
192,83
193,83
193,83
193,83
193,83
193,83
193,83
194,83
194,83
194,83
194,83
194,83
194,83
194,83
194,83
194,83
194,83
194,83
194,83
194,83
195,83
195,83
195,83
195,83
195,83
195,83
196,83
196,83
196,83
196,83
196,83
196,83
196,83
196,83
196,83
196,83
196,83
196,83
196,83
197,83
197,83
197,83
197,83
197,83
197,83
198,83
198,83
198,83
198,83
198,83
198,83
198,83
198,83
198,83
198,83
198,83
198,83
198,83
199,83
199,83
199,83
199,83
199,83
199,83
199,83
199,83
199,83
199,83
199,83
199,83
199,83
200,83
200,83
200,83
200,83
200,83
200,83
201,83
201,83
201,83
201,83
201,83
201,83
201,83
201,83
201,83
201,83
201,83
201,83
201,83
202,83
202,83
202,83
202,83
202,83
202,83
202,83
203,83
203,83
203,83
203,83
203,83
203,83
203,83
203,83
203,83
203,83
203,83
203,83
204,83
204,83
204,83
204,83
204,83
204,83
204,83
205,83
205,83
205,83
205,83
205,83
205,83
205,83
205,83
205,83
205,83
205,83
205,83
205,83
206,83
206,83
206,83
206,83
206,83
206,83
206,83
206,83
206,83
206,83
206,83
206,83
207,83
207,83
207,83
207,83
207,83
207,83
207,83
208,84
208,84
208,84
208,84
208,84
208,84
208,83
208,83
208,83
208,83
208,83
208,83
208,83
209,83
209,83
209,83
209,83
209,83
209,83
210,83
210,83
210,83
210,83
210,83
210,83
210,83
210,83
210,83
210,83
210,83
210,83
210,83
211,83
211,83
211,83
211,83
211,83
211,83
212,83
212,83
212,83
212,83
212,83
212,83
212,83
212,83
212,83
212,83
212,83
212,83
212,83
213,83
213,83
213,83
213,83
213,83
213,83
214,83
214,83
214,83
214,83
214,83
214,83
214,83
214,82
214,82
214,82
214,82
214,82
214,82
215,83
215,83
215,83
215,83
215,83
215,83
215,83
215,83
215,83
215,83
215,83
215,83
215,83
216,83
216,83
216,83
216,83
216,83
216,83
217,83
217,83
217,83
217,83
217,83
217,83
217,83
217,83
217,83
217,83
217,83
217,83
217,83
218,84
218,84
218,84
218,84
218,84
218,84
218,84
219,83
219,83
219,83
219,83
219,83
219,83
219,83
219,83
219,83
219,83
219,83
219,83
220,83
220,83
220,83
220,83
220,83
220,83
220,83
221,83
221,83
221,83
221,83
221,83
221,83
221,83
221,83
221,83
221,83
221,83
221,83
222,83
222,83
222,83
222,83
222,83
222,83
222,83
222,83
222,83
222,83
222,83
222,83
222,83
223,83
223,83
223,83
223,83
223,83
223,83
223,83
224,83
224,83
224,83
224,83
224,83
224,83
224,83
224,83
224,83
224,83
224,83
224,83
225,83
225,83
225,83
225,83
225,83
225,83
225,83
226,83
226,83
226,83
226,83
226,83
226,83
226,83
226,83
226,83
226,83
226,83
226,83
226,83
227,83
227,83
227,83
227,83
227,83
227,83
228,83
228,83
228,83
228,83
228,83
228,83
228,83
228,83
228,83
228,83
228,83
228,83
228,83
229,83
229,83
229,83
229,83
229,83
229,83
230,83
230,83
230,83
230,83
230,83
230,83
230,83
230,83
230,83
230,83
230,83
230,83
230,83
231,83
231,83
231,83
231,83
231,83
231,83
231,83
231,83
231,83
231,83
231,83
231,83
231,83
232,83
232,83
232,83
232,83
232,83
232,83
233,83
233,83
233,83
233,83
233,83
233,83
233,83
233,83
233,83
233,83
233,83
233,83
233,83
234,83
234,83
234,83
234,83
234,83
234,83
235,83
235,83
235,83
235,83
235,83
235,83
235,83
235,83
235,83
235,83
235,83
235,83
235,83
236,83
236,83
236,83
236,83
236,83
236,83
237,83
237,83
237,83
237,83
237,83
237,83
237,83
237,84
237,84
237,84
237,84
237,84
237,84
238,83
238,83
238,83
238,83
238,83
238,83
238,83
239,83
239,83
239,83
239,83
239,83
239,83
239,83
239,83
239,83
239,83
239,83
239,83
240,83
240,83
240,83
240,83
240,83
240,83
240,83
240,83
240,83
240,83
240,83
240,83
240,83
241,83
241,83
241,83
241,83
241,83
241,83
241,83
242,83
242,83
242,83
242,83
242,83
242,83
242,84
242,84
242,84
242,84
242,84
242,84
243,83
243,83
243,83
243,83
243,83
243,83
243,83
244,83
244,83
244,83
244,83
244,83
244,83
244,83
244,83
244,83
244,83
244,83
244,83
244,83
245,83
245,83
245,83
245,83
245,83
245,83
246,83
246,83
246,83
246,83
246,83
246,83
246,83
246,83
246,83
246,83
246,83
246,83
246,83
247,83
247,83
247,83
247,83
247,83
247,83
247,83
247,83
247,83
247,83
247,83
247,83
247,83
248,83
248,83
248,83
248,83
248,83
248,83
249,83
249,83
249,83
249,83
249,83
249,83
249,83
249,83
249,83
249,83
249,83
249,83
249,83
250,83
250,83
250,83
250,83
250,83
250,83
251,83
251,83
251,83
251,83
251,83
251,83
251,83
251,83
251,83
251,83
251,83
251,83
251,83
252,83
252,83
252,83
252,83
252,83
252,83
253,83
253,83
253,83
253,83
253,83
253,83
253,83
253,83
253,83
253,83
253,83
253,83
253,83
254,83
254,83
254,83
254,83
254,83
254,83
255,83
255,83
255,83
255,83
255,83
255,83
255,83
255,83
255,83
255,83
255,83
255,83
255,83
256,83
256,83
256,83
256,83
256,83
256,83
256,83
256,83
256,83
256,83
256,83
256,83
256,83
257,83
257,83
257,83
257,83
257,83
257,83
258,83
258,83
258,83
258,83
258,83
258,83
258,83
258,83
258,83
258,83
258,83
258,83
258,83
259,83
259,83
259,83
259,83
259,83
259,83
259,83
260,83
260,83
260,83
260,83
260,83
260,83
260,83
260,83
260,83
260,83
260,83
260,83
261,83
261,83
261,83
261,83
261,83
261,83
261,83
262,83
262,83
262,83
262,83
262,83
262,83
262,83
262,83
262,83
262,83
262,83
262,83
262,83
263,83
263,83
263,83
263,83
263,83
263,83
263,83
263,83
263,83
263,83
263,83
263,83
264,83
264,83
264,83
264,83
264,83
264,83
264,83
265,83
265,83
265,83
265,83
265,83
265,83
265,83
265,83
265,83
265,83
265,83
265,83
266,83
266,83
266,83
266,83
266,83
266,83
266,83
267,83
267,83
267,83
267,83
267,83
267,83
267,83
267,83
267,83
267,83
267,83
267,83
267,83
268,83
268,83
268,83
268,83
268,83
268,83
269,83
269,83
269,83
269,83
269,83
269,83
269,83
269,83
269,83
269,83
269,83
269,83
269,83
270,83
270,83
270,83
270,83
270,83
270,83
271,83
271,83
271,83
271,83
271,83
271,83
271,83
271,83
271,83
271,83
271,83
271,83
271,83
272,83
272,83
272,83
272,83
272,83
272,83
272,83
272,83
272,83
272,83
272,83
272,83
272,83
273,83
273,83
273,83
273,83
273,83
273,83
274,83
274,83
274,83
274,83
274,83
274,83
274,83
274,83
274,83
274,83
274,83
274,83
274,83
275,83
275,83
275,83
275,83
275,83
275,83
276,83
276,83
276,83
276,83
276,83
276,83
276,83
276,83
276,83
276,83
276,83
276,83
276,83
277,83
277,83
277,83
277,83
277,83
277,83
277,83
278,83
278,83
278,83
278,83
278,83
278,83
278,83
278,83
278,83
278,83
278,83
278,83
279,83
279,83
279,83
279,83
279,83
279,83
279,83
280,83
280,83
280,83
280,83
280,83
280,83
280,83
280,83
280,83
280,83
280,83
280,83
281,83
281,83
281,83
281,83
281,83
281,83
281,83
281,83
281,83
281,83
281,83
281,83
281,83
282,83
282,83
282,83
282,83
282,83
282,83
282,83
283,83
283,83
283,83
283,83
283,83
283,83
283,83
283,83
283,83
283,83
283,83
283,83
284,83
284,83
284,83
284,83
284,83
284,83
284,83
285,83
285,83
285,83
285,83
285,83
285,83
285,83
285,83
285,83
285,83
285,83
285,83
285,83
286,83
286,83
286,83
286,83
286,83
286,83
287,83
287,83
287,83
287,83
287,83
287,83
287,83
287,83
287,83
287,83
287,83
287,83
287,83
288,83
288,83
288,83
288,83
288,83
288,83
288,83
288,83
288,83
288,83
288,83
288,83
289,83
289,83
289,83
289,83
289,83
289,83
289,83
290,83
290,83
290,83
290,83
290,83
290,83
290,83
290,83
290,83
290,83
290,83
290,83
290,83
291,83
291,83
291,83
291,83
291,83
291,83
292,83
292,83
292,83
292,83
292,83
292,83
292,83
292,83
292,83
292,83
292,83
292,83
292,83
293,83
293,83
293,83
293,83
293,83
293,83
294,83
294,83
294,83
294,83
294,83
294,83
294,83
294,83
294,83
294,83
294,83
294,83
294,83
295,83
295,83
295,83
295,83
295,83
295,83
296,83
296,83
296,83
296,83
296,83
296,83
296,83
296,83
296,83
296,83
296,83
296,83
296,83
297,83
297,83
297,83
297,83
297,83
297,83
297,83
297,83
297,83
297,83
297,83
297,83
297,83
298,83
298,83
298,83
298,83
298,83
298,83
299,84
299,84
299,84
299,84
299,84
299,84
299,84
299,83
299,83
299,83
299,83
299,83
299,83
300,83
300,83
300,83
300,83
300,83
300,83
300,83
300,83
300,83
300,83
300,83
300,83
300,83
300,83
300,83
300,83
300,83
300,83
300,83
300,83
300,83
300,83
300,83
300,83
300,83
300,83
300,83
300,83
300,83
300,83
300,83
300,83
300,83
300,83
300,83
300,83
300,83
300,83
300,83
300,83
300,83
300,83
300,83
300,83
300,83
300,83
300,83
300,83
300,83
300,83
300,83
300,83
300,83
300,83
300,83
300,83
300,83
300,83
300,83
300,83
300,83
300,83
300,83
300,83
300,83
300,83
300,83
300,83
300,83
300,83
300,83
300,83
300,83
300,83
300,83
300,83
300,83
300,83
300,83
300,83
300,83
300,83
300,83
300,83
300,83
300,83
300,83
300,83
300,83
300,83
300,83
300,83
300,83
300,83
300,83
300,83
300,83
300,83
