0,0
0,0
0,91.6
0,91.6
0,91.6
0,91.6
0,91.6
0,91.6
0,91.6
0,44.0
0,44.0
0,44.0
0,44.0
0,44.0
1,44.0
1,44.0
1,44.0
1,44.0
1,44.0
1,44.0
2,44.0
2,44.6
2,44.6
2,44.6
2,44.6
2,44.6
2,44.6
2,44.6
2,44.1
2,44.1
2,44.1
2,44.1
2,44.1
3,44.1
3,44.6
3,44.6
3,44.6
3,44.6
3,44.6
3,44.6
3,44.6
3,44.8
3,44.8
3,44.8
3,44.8
3,44.8
4,44.8
4,44.1
4,44.1
4,44.1
4,44.1
4,44.1
5,44.1
5,44.5
5,44.5
5,44.5
5,44.5
5,44.5
5,44.5
5,44.5
5,44.2
5,44.2
5,44.2
5,44.2
5,44.2
6,44.2
6,44.1
6,44.1
6,44.1
6,44.1
6,44.1
6,44.1
7,44.6
7,44.6
7,44.6
7,44.6
7,44.6
7,44.6
7,44.6
7,44.5
7,44.5
7,44.5
7,44.5
7,44.5
8,44.5
8,44.4
8,44.4
8,44.4
8,44.4
8,44.4
8,44.4
9,44.4
9,44.4
9,44.4
9,44.4
9,44.4
9,44.4
9,44.4
9,44.2
9,44.2
9,44.2
9,44.2
9,44.2
10,44.2
10,43.9
10,43.9
10,43.9
10,43.9
10,43.9
10,43.9
10,43.9
10,45.1
10,45.1
10,45.1
10,45.1
10,45.1
11,45.1
11,44.2
11,44.2
11,44.2
11,44.2
11,44.2
11,44.2
12,44.2
12,44.2
12,44.2
12,44.2
12,44.2
12,44.2
12,44.2
12,44.1
12,44.1
12,44.1
12,44.1
12,44.1
13,44.1
13,44.4
13,44.4
13,44.4
13,44.4
13,44.4
13,44.4
14,44.4
14,44.2
14,44.2
14,44.2
14,44.2
14,44.2
14,44.2
14,44.8
14,44.8
14,44.8
14,44.8
14,44.8
14,44.8
15,44.8
15,44.5
15,44.5
15,44.5
15,44.5
15,44.5
16,44.5
16,44.1
16,44.1
16,44.1
16,44.1
16,44.1
16,44.1
16,44.5
16,44.5
16,44.5
16,44.5
16,44.5
16,44.5
17,44.5
17,44.0
17,44.0
17,44.0
17,44.0
17,44.0
18,44.0
18,44.1
18,44.1
18,44.1
18,44.1
18,44.1
18,44.1
18,44.6
18,44.6
18,44.6
18,44.6
18,44.6
18,44.6
19,44.6
19,44.2
19,44.2
19,44.2
19,44.2
19,44.2
19,44.2
19,44.4
19,44.4
19,44.4
19,44.4
19,44.4
19,44.4
20,44.4
20,44.6
20,44.6
20,44.6
20,44.6
20,44.6
21,44.6
21,44.4
21,44.4
21,44.4
21,44.4
21,44.4
21,44.4
21,44.4
21,44.4
21,44.4
21,44.4
21,44.4
21,44.4
22,44.4
22,44.2
22,44.2
22,44.2
22,44.2
22,44.2
23,44.2
23,44.2
23,44.2
23,44.2
23,44.2
23,44.2
23,44.2
23,44.2
23,44.3
23,44.3
23,44.3
23,44.3
23,44.3
24,44.3
24,44.6
24,44.6
24,44.6
24,44.6
24,44.6
25,44.6
25,44.6
25,44.6
25,44.6
25,44.6
25,44.6
25,44.6
25,44.6
25,44.8
25,44.8
25,44.8
25,44.8
25,44.8
26,44.8
26,44.0
26,44.0
26,44.0
26,44.0
26,44.0
26,44.0
26,44.0
26,44.7
26,44.7
26,44.7
26,44.7
26,44.7
27,44.7
27,44.6
27,44.6
27,44.6
27,44.6
27,44.6
28,44.6
28,44.0
28,44.0
28,44.0
28,44.0
28,44.0
28,44.0
28,44.0
28,44.5
28,44.5
28,44.5
28,44.5
28,44.5
29,44.5
29,44.3
29,44.3
29,44.3
29,44.3
29,44.3
29,44.3
30,44.3
30,44.8
30,44.8
30,44.8
30,44.8
30,44.8
30,44.8
30,44.2
30,44.2
30,44.2
30,44.2
30,44.2
31,44.2
31,44.5
31,44.5
31,44.5
31,44.5
31,44.5
31,44.5
32,44.5
32,44.6
32,44.6
32,44.6
32,44.6
32,44.6
32,44.6
32,44.7
32,44.7
32,44.7
32,44.7
32,44.7
32,44.7
33,44.7
33,44.5
33,44.5
33,44.5
33,44.5
33,44.5
34,44.5
34,44.5
34,44.5
34,44.5
34,44.5
34,44.5
34,44.5
34,44.3
34,44.3
34,44.3
34,44.3
34,44.3
34,44.3
35,44.3
35,44.4
35,44.4
35,44.4
35,44.4
35,44.4
35,44.4
35,44.4
35,44.4
35,44.4
35,44.4
35,44.4
35,44.4
36,44.4
36,44.3
36,44.3
36,44.3
36,44.3
36,44.3
37,44.3
37,44.3
37,44.3
37,44.3
37,44.3
37,44.3
37,44.3
37,44.2
37,44.2
37,44.2
37,44.2
37,44.2
37,44.2
38,44.2
38,44.9
38,44.9
38,44.9
38,44.9
38,44.9
39,44.9
39,44.5
39,44.5
39,44.5
39,44.5
39,44.5
39,44.5
39,44.3
39,44.3
39,44.3
39,44.3
39,44.3
39,44.3
40,44.3
40,45.1
40,45.1
40,45.1
40,45.1
40,45.1
41,45.1
41,44.5
41,44.5
41,44.5
41,44.5
41,44.5
41,44.5
41,44.5
41,43.8
41,43.8
41,43.8
41,43.8
41,43.8
42,43.8
42,44.5
42,44.5
42,44.5
42,44.5
42,44.5
42,44.5
43,44.9
43,44.9
43,44.9
43,44.9
43,44.9
43,44.9
43,44.9
43,44.6
43,44.6
43,44.6
43,44.6
43,44.6
44,44.6
44,44.3
44,44.3
44,44.3
44,44.3
44,44.3
44,44.3
44,44.3
44,44.1
44,44.1
44,44.1
44,44.1
44,44.1
45,44.1
45,44.9
45,44.9
45,44.9
45,44.9
45,44.9
46,44.9
46,44.1
46,44.1
46,44.1
46,44.1
46,44.1
46,44.1
46,44.1
46,44.5
46,44.5
46,44.5
46,44.5
46,44.5
47,44.5
47,44.2
47,44.2
47,44.2
47,44.2
47,44.2
47,44.2
48,44.2
48,44.8
48,44.8
48,44.8
48,44.8
48,44.8
48,44.8
48,44.1
48,44.1
48,44.1
48,44.1
48,44.1
49,44.1
49,45.4
49,45.4
49,45.4
49,45.4
49,45.4
49,45.4
50,45.4
50,44.6
50,44.6
50,44.6
50,44.6
50,44.6
50,44.6
50,44.4
50,44.4
50,44.4
50,44.4
50,44.4
50,44.4
51,44.4
51,45.3
51,45.3
51,45.3
51,45.3
51,45.3
51,45.3
51,44.0
51,44.0
51,44.0
51,44.0
51,44.0
52,44.0
52,44.9
52,44.9
52,44.9
52,44.9
52,44.9
52,44.9
53,44.9
53,44.4
53,44.4
53,44.4
53,44.4
53,44.4
53,44.4
53,44.5
53,44.5
53,44.5
53,44.5
53,44.5
53,44.5
54,44.5
54,44.6
54,44.6
54,44.6
54,44.6
54,44.6
55,44.6
55,44.5
55,44.5
55,44.5
55,44.5
55,44.5
55,44.5
55,44.8
55,44.8
55,44.8
55,44.8
55,44.8
55,44.8
56,44.8
56,44.8
56,44.8
56,44.8
56,44.8
56,44.8
57,44.8
57,45.1
57,45.1
57,45.1
57,45.1
57,45.1
57,45.1
57,44.3
57,44.3
57,44.3
57,44.3
57,44.3
57,44.3
58,44.3
58,44.0
58,44.0
58,44.0
58,44.0
58,44.0
59,44.0
59,44.6
59,44.6
59,44.6
59,44.6
59,44.6
59,44.6
59,44.6
59,44.9
59,44.9
59,44.9
59,44.9
59,44.9
60,44.9
60,44.5
60,44.5
60,44.5
60,44.5
60,44.5
60,44.5
60,44.8
60,44.8
60,44.8
60,44.8
60,44.8
60,44.8
61,44.8
61,44.1
61,44.1
61,44.1
61,44.1
61,44.1
62,44.1
62,44.8
62,44.8
62,44.8
62,44.8
62,44.8
62,44.8
62,44.8
62,44.5
62,44.5
62,44.5
62,44.5
62,44.5
63,44.5
63,44.7
63,44.7
63,44.7
63,44.7
63,44.7
63,44.7
64,44.6
64,44.6
64,44.6
64,44.6
64,44.6
64,44.6
64,44.6
64,44.4
64,44.4
64,44.4
64,44.4
64,44.4
65,44.4
65,44.9
65,44.9
65,44.9
65,44.9
65,44.9
65,44.9
66,44.9
66,44.2
66,44.2
66,44.2
66,44.2
66,44.2
66,44.2
66,44.9
66,44.9
66,44.9
66,44.9
66,44.9
67,44.9
67,43.8
67,43.8
67,43.8
67,43.8
67,43.8
67,43.8
67,43.8
67,44.7
67,44.7
67,44.7
67,44.7
67,44.7
68,44.7
68,44.8
68,44.8
68,44.8
68,44.8
68,44.8
68,44.8
69,44.8
69,44.4
69,44.4
69,44.4
69,44.4
69,44.4
69,44.4
69,44.8
69,44.8
69,44.8
69,44.8
69,44.8
70,44.8
70,44.8
70,44.8
70,44.8
70,44.8
70,44.8
70,44.8
71,44.8
71,44.1
71,44.1
71,44.1
71,44.1
71,44.1
71,44.1
71,45.1
71,45.1
71,45.1
71,45.1
71,45.1
71,45.1
72,44.9
72,44.9
72,44.9
72,44.9
72,44.9
72,44.9
73,44.9
73,44.1
73,44.1
73,44.1
73,44.1
73,44.1
73,44.1
73,44.5
73,44.5
73,44.5
73,44.5
73,44.5
73,44.5
74,44.5
74,44.5
74,44.5
74,44.5
74,44.5
74,44.5
75,44.5
75,44.4
75,44.4
75,44.4
75,44.4
75,44.4
75,44.4
75,44.8
75,44.8
75,44.8
75,44.8
75,44.8
75,44.8
76,44.8
76,44.4
76,44.4
76,44.4
76,44.4
76,44.4
76,44.4
76,44.3
76,44.3
76,44.3
76,44.3
76,44.3
76,44.3
77,44.3
77,44.8
77,44.8
77,44.8
77,44.8
77,44.8
78,44.8
78,44.8
78,44.8
78,44.8
78,44.8
78,44.8
78,44.8
78,45.0
78,45.0
78,45.0
78,45.0
78,45.0
78,45.0
79,45.0
79,44.2
79,44.2
79,44.2
79,44.2
79,44.2
80,44.2
80,44.6
80,44.6
80,44.6
80,44.6
80,44.6
80,44.6
80,44.7
80,44.7
80,44.7
80,44.7
80,44.7
80,44.7
81,44.7
81,44.5
81,44.5
81,44.5
81,44.5
81,44.5
82,44.5
82,44.5
82,44.5
82,44.5
82,44.5
82,44.5
82,44.5
82,44.5
82,44.9
82,44.9
82,44.9
82,44.9
82,44.9
83,44.9
83,44.4
83,44.4
83,44.4
83,44.4
83,44.4
84,44.4
84,44.5
84,44.5
84,44.5
84,44.5
84,44.5
84,44.5
84,44.5
84,45.0
84,45.0
84,45.0
84,45.0
84,45.0
85,45.0
85,44.2
85,44.2
85,44.2
85,44.2
85,44.2
85,44.2
85,44.2
85,44.3
85,44.3
85,44.3
85,44.3
85,44.3
86,44.3
86,44.9
86,44.9
86,44.9
86,44.9
86,44.9
87,44.9
87,44.4
87,44.4
87,44.4
87,44.4
87,44.4
87,44.4
87,44.4
87,45.1
87,45.1
87,45.1
87,45.1
87,45.1
88,45.1
88,43.9
88,43.9
88,43.9
88,43.9
88,43.9
88,43.9
89,43.9
89,45.5
89,45.5
89,45.5
89,45.5
89,45.5
89,45.5
89,44.1
89,44.1
89,44.1
89,44.1
89,44.1
90,44.1
90,45.4
90,45.4
90,45.4
90,45.4
90,45.4
90,45.4
91,45.4
91,44.8
91,44.8
91,44.8
91,44.8
91,44.8
91,44.8
91,44.1
91,44.1
91,44.1
91,44.1
91,44.1
92,44.1
92,44.9
92,44.9
92,44.9
92,44.9
92,44.9
92,44.9
92,44.9
92,44.1
92,44.1
92,44.1
92,44.1
92,44.1
93,44.1
93,44.5
93,44.5
93,44.5
93,44.5
93,44.5
93,44.5
94,44.5
94,45.1
94,45.1
94,45.1
94,45.1
94,45.1
94,45.1
94,44.7
94,44.7
94,44.7
94,44.7
94,44.7
95,44.7
95,44.6
95,44.6
95,44.6
95,44.6
95,44.6
95,44.6
96,44.6
96,44.3
96,44.3
96,44.3
96,44.3
96,44.3
96,44.3
96,45.1
96,45.1
96,45.1
96,45.1
96,45.1
96,45.1
97,45.1
97,44.4
97,44.4
97,44.4
97,44.4
97,44.4
98,44.4
98,44.7
98,44.7
98,44.7
98,44.7
98,44.7
98,44.7
98,44.5
98,44.5
98,44.5
98,44.5
98,44.5
98,44.5
99,44.5
99,45.0
99,45.0
99,45.0
99,45.0
99,45.0
100,45.0
100,44.4
100,44.4
100,44.4
100,44.4
100,44.4
100,44.4
100,44.5
100,44.5
100,44.5
100,44.5
100,44.5
100,44.5
101,44.5
101,44.2
101,44.2
101,44.2
101,44.2
101,44.2
101,44.2
101,45.1
101,45.1
101,45.1
101,45.1
101,45.1
101,45.1
102,45.1
102,44.7
102,44.7
102,44.7
102,44.7
102,44.7
103,44.7
103,44.5
103,44.5
103,44.5
103,44.5
103,44.5
103,44.5
103,44.8
103,44.8
103,44.8
103,44.8
103,44.8
103,44.8
104,44.8
104,44.8
104,44.8
104,44.8
104,44.8
104,44.8
105,44.8
105,44.8
105,44.8
105,44.8
105,44.8
105,44.8
105,44.8
105,44.2
105,44.2
105,44.2
105,44.2
105,44.2
105,44.2
106,44.2
106,44.9
106,44.9
106,44.9
106,44.9
106,44.9
107,44.9
107,44.8
107,44.8
107,44.8
107,44.8
107,44.8
107,44.8
107,44.8
107,44.4
107,44.4
107,44.4
107,44.4
107,44.4
108,44.4
108,44.9
108,44.9
108,44.9
108,44.9
108,44.9
108,44.9
108,44.6
108,44.6
108,44.6
108,44.6
108,44.6
108,44.6
109,44.6
109,44.5
109,44.5
109,44.5
109,44.5
109,44.5
110,44.5
110,44.7
110,44.7
110,44.7
110,44.7
110,44.7
110,44.7
110,44.7
110,44.3
110,44.3
110,44.3
110,44.3
110,44.3
111,44.3
111,44.5
111,44.5
111,44.5
111,44.5
111,44.5
112,44.5
112,44.8
112,44.8
112,44.8
112,44.8
112,44.8
112,44.8
112,44.8
112,44.5
112,44.5
112,44.5
112,44.5
112,44.5
113,44.5
113,45.2
113,45.2
113,45.2
113,45.2
113,45.2
113,45.2
114,45.2
114,44.3
114,44.3
114,44.3
114,44.3
114,44.3
114,44.3
114,44.6
114,44.6
114,44.6
114,44.6
114,44.6
115,44.6
115,45.0
115,45.0
115,45.0
115,45.0
115,45.0
115,45.0
116,45.0
116,44.4
116,44.4
116,44.4
116,44.4
116,44.4
116,44.4
116,44.3
116,44.3
116,44.3
116,44.3
116,44.3
116,44.3
117,45.4
117,45.4
117,45.4
117,45.4
117,45.4
117,45.4
117,45.4
117,44.1
117,44.1
117,44.1
117,44.1
117,44.1
118,44.1
118,44.8
118,44.8
118,44.8
118,44.8
118,44.8
118,44.8
119,44.8
119,44.7
119,44.7
119,44.7
119,44.7
119,44.7
119,44.7
119,44.5
119,44.5
119,44.5
119,44.5
119,44.5
119,44.5
120,45.1
120,45.1
120,45.1
120,45.1
120,45.1
120,45.1
121,45.1
121,44.6
121,44.6
121,44.6
121,44.6
121,44.6
121,44.6
121,44.5
121,44.5
121,44.5
121,44.5
121,44.5
121,44.5
122,44.5
122,44.8
122,44.8
122,44.8
122,44.8
122,44.8
123,44.8
123,44.7
123,44.7
123,44.7
123,44.7
123,44.7
123,44.7
123,44.6
123,44.6
123,44.6
123,44.6
123,44.6
123,44.6
124,44.6
124,44.5
124,44.5
124,44.5
124,44.5
124,44.5
125,44.5
125,45.1
125,45.1
125,45.1
125,45.1
125,45.1
125,45.1
125,45.1
125,44.3
125,44.3
125,44.3
125,44.3
125,44.3
126,44.3
126,45.0
126,45.0
126,45.0
126,45.0
126,45.0
126,45.0
126,44.9
126,44.9
126,44.9
126,44.9
126,44.9
126,44.9
127,44.9
127,44.6
127,44.6
127,44.6
127,44.6
127,44.6
128,44.6
128,44.8
128,44.8
128,44.8
128,44.8
128,44.8
128,44.8
128,44.8
128,44.4
128,44.4
128,44.4
128,44.4
128,44.4
129,44.4
129,44.6
129,44.6
129,44.6
129,44.6
129,44.6
130,44.6
130,44.4
130,44.4
130,44.4
130,44.4
130,44.4
130,44.4
130,44.4
130,45.0
130,45.0
130,45.0
130,45.0
130,45.0
131,45.0
131,44.7
131,44.7
131,44.7
131,44.7
131,44.7
131,44.7
132,44.7
132,44.8
132,44.8
132,44.8
132,44.8
132,44.8
132,44.8
132,44.6
132,44.6
132,44.6
132,44.6
132,44.6
133,44.6
133,44.6
133,44.6
133,44.6
133,44.6
133,44.6
133,44.6
133,44.6
133,45.0
133,45.0
133,45.0
133,45.0
133,45.0
134,45.0
134,44.6
134,44.6
134,44.6
134,44.6
134,44.6
134,44.6
135,44.6
135,44.1
135,44.1
135,44.1
135,44.1
135,44.1
135,44.1
135,45.4
135,45.4
135,45.4
135,45.4
135,45.4
136,45.4
136,44.0
136,44.0
136,44.0
136,44.0
136,44.0
136,44.0
137,44.0
137,44.4
137,44.4
137,44.4
137,44.4
137,44.4
137,44.4
137,44.7
137,44.7
137,44.7
137,44.7
137,44.7
137,44.7
138,44.9
138,44.9
138,44.9
138,44.9
138,44.9
138,44.9
139,44.9
139,44.4
139,44.4
139,44.4
139,44.4
139,44.4
139,44.4
139,44.7
139,44.7
139,44.7
139,44.7
139,44.7
139,44.7
140,44.7
140,44.4
140,44.4
140,44.4
140,44.4
140,44.4
141,44.4
141,44.9
141,44.9
141,44.9
141,44.9
141,44.9
141,44.9
141,44.5
141,44.5
141,44.5
141,44.5
141,44.5
141,44.5
142,44.5
142,44.6
142,44.6
142,44.6
142,44.6
142,44.6
142,44.6
142,45.2
142,45.2
142,45.2
142,45.2
142,45.2
142,45.2
143,45.2
143,44.3
143,44.3
143,44.3
143,44.3
143,44.3
144,44.3
144,44.8
144,44.8
144,44.8
144,44.8
144,44.8
144,44.8
144,44.4
144,44.4
144,44.4
144,44.4
144,44.4
144,44.4
145,44.4
145,44.9
145,44.9
145,44.9
145,44.9
145,44.9
146,44.9
146,44.8
146,44.8
146,44.8
146,44.8
146,44.8
146,44.8
146,44.8
146,44.4
146,44.4
146,44.4
146,44.4
146,44.4
147,44.4
147,44.6
147,44.6
147,44.6
147,44.6
147,44.6
148,44.6
148,44.7
148,44.7
148,44.7
148,44.7
148,44.7
148,44.7
148,44.7
148,45.1
148,45.1
148,45.1
148,45.1
148,45.1
149,45.1
149,44.6
149,44.6
149,44.6
149,44.6
149,44.6
149,44.6
149,44.2
149,44.2
149,44.2
149,44.2
149,44.2
149,44.2
150,44.2
150,44.9
150,44.9
150,44.9
150,44.9
150,44.9
151,44.9
151,44.5
151,44.5
151,44.5
151,44.5
151,44.5
151,44.5
151,44.5
151,45.1
151,45.1
151,45.1
151,45.1
151,45.1
152,45.1
152,44.3
152,44.3
152,44.3
152,44.3
152,44.3
153,44.3
153,44.4
153,44.4
153,44.4
153,44.4
153,44.4
153,44.4
153,44.4
153,45.2
153,45.2
153,45.2
153,45.2
153,45.2
154,45.2
154,44.2
154,44.2
154,44.2
154,44.2
154,44.2
154,44.2
155,44.2
155,44.9
155,44.9
155,44.9
155,44.9
155,44.9
155,44.9
155,44.4
155,44.4
155,44.4
155,44.4
155,44.4
156,44.4
156,44.8
156,44.8
156,44.8
156,44.8
156,44.8
156,44.8
157,44.8
157,44.7
157,44.7
157,44.7
157,44.7
157,44.7
157,44.7
157,44.1
157,44.1
157,44.1
157,44.1
157,44.1
158,44.1
158,44.9
158,44.9
158,44.9
158,44.9
158,44.9
158,44.9
158,44.9
158,44.7
158,44.7
158,44.7
158,44.7
158,44.7
159,44.7
159,44.4
159,44.4
159,44.4
159,44.4
159,44.4
159,44.4
160,44.4
160,45.2
160,45.2
160,45.2
160,45.2
160,45.2
160,45.2
160,44.3
160,44.3
160,44.3
160,44.3
160,44.3
161,44.3
161,44.5
161,44.5
161,44.5
161,44.5
161,44.5
161,44.5
162,44.5
162,44.7
162,44.7
162,44.7
162,44.7
162,44.7
162,44.7
162,44.8
162,44.8
162,44.8
162,44.8
162,44.8
162,44.8
163,44.2
163,44.2
163,44.2
163,44.2
163,44.2
163,44.2
164,44.2
164,44.9
164,44.9
164,44.9
164,44.9
164,44.9
164,44.9
164,44.7
164,44.7
164,44.7
164,44.7
164,44.7
164,44.7
165,44.7
165,44.9
165,44.9
165,44.9
165,44.9
165,44.9
165,44.9
165,44.6
165,44.6
165,44.6
165,44.6
165,44.6
166,44.6
166,44.4
166,44.4
166,44.4
166,44.4
166,44.4
166,44.4
167,44.4
167,44.6
167,44.6
167,44.6
167,44.6
167,44.6
167,44.6
167,44.7
167,44.7
167,44.7
167,44.7
167,44.7
167,44.7
168,44.7
168,45.1
168,45.1
168,45.1
168,45.1
168,45.1
169,45.1
169,44.3
169,44.3
169,44.3
169,44.3
169,44.3
169,44.3
169,44.5
169,44.5
169,44.5
169,44.5
169,44.5
169,44.5
170,44.5
170,44.9
170,44.9
170,44.9
170,44.9
170,44.9
171,44.9
171,44.7
171,44.7
171,44.7
171,44.7
171,44.7
171,44.7
171,44.2
171,44.2
171,44.2
171,44.2
171,44.2
171,44.2
172,44.2
172,44.9
172,44.9
172,44.9
172,44.9
172,44.9
173,44.9
173,44.7
173,44.7
173,44.7
173,44.7
173,44.7
173,44.7
173,44.7
173,44.5
173,44.5
173,44.5
173,44.5
173,44.5
174,44.5
174,44.5
174,44.5
174,44.5
174,44.5
174,44.5
174,44.5
174,45.0
174,45.0
174,45.0
174,45.0
174,45.0
174,45.0
175,45.0
175,44.4
175,44.4
175,44.4
175,44.4
175,44.4
176,44.4
176,45.1
176,45.1
176,45.1
176,45.1
176,45.1
176,45.1
176,45.1
176,44.6
176,44.6
176,44.6
176,44.6
176,44.6
177,44.6
177,44.8
177,44.8
177,44.8
177,44.8
177,44.8
178,44.8
178,44.4
178,44.4
178,44.4
178,44.4
178,44.4
178,44.4
178,44.4
178,45.1
178,45.1
178,45.1
178,45.1
178,45.1
179,45.1
179,44.7
179,44.7
179,44.7
179,44.7
179,44.7
179,44.7
180,44.8
180,44.8
180,44.8
180,44.8
180,44.8
180,44.8
180,44.8
180,44.8
180,44.8
180,44.8
180,44.8
180,44.8
181,44.8
181,44.5
181,44.5
181,44.5
181,44.5
181,44.5
181,44.5
181,44.5
181,44.3
181,44.3
181,44.3
181,44.3
181,44.3
182,44.3
182,44.9
182,44.9
182,44.9
182,44.9
182,44.9
183,44.9
183,43.8
183,43.8
183,43.8
183,43.8
183,43.8
183,43.8
183,43.8
183,45.0
183,45.0
183,45.0
183,45.0
183,45.0
184,45.0
184,44.7
184,44.7
184,44.7
184,44.7
184,44.7
184,44.7
185,44.7
185,44.0
185,44.0
185,44.0
185,44.0
185,44.0
185,44.0
185,45.3
185,45.3
185,45.3
185,45.3
185,45.3
186,45.3
186,44.9
186,44.9
186,44.9
186,44.9
186,44.9
186,44.9
187,44.9
187,45.3
187,45.3
187,45.3
187,45.3
187,45.3
187,45.3
187,43.8
187,43.8
187,43.8
187,43.8
187,43.8
187,43.8
188,43.8
188,45.0
188,45.0
188,45.0
188,45.0
188,45.0
189,45.0
189,44.7
189,44.7
189,44.7
189,44.7
189,44.7
189,44.7
189,44.7
189,44.7
189,44.7
189,44.7
189,44.7
189,44.7
190,44.7
190,44.5
190,44.5
190,44.5
190,44.5
190,44.5
190,44.5
190,45.1
190,45.1
190,45.1
190,45.1
190,45.1
190,45.1
191,44.4
191,44.4
191,44.4
191,44.4
191,44.4
191,44.4
192,44.4
192,44.5
192,44.5
192,44.5
192,44.5
192,44.5
192,44.5
192,44.6
192,44.6
192,44.6
192,44.6
192,44.6
192,44.6
193,44.6
193,44.6
193,44.6
193,44.6
193,44.6
193,44.6
194,44.6
194,44.6
194,44.6
194,44.6
194,44.6
194,44.6
194,44.6
194,45.0
194,45.0
194,45.0
194,45.0
194,45.0
194,45.0
195,45.0
195,44.5
195,44.5
195,44.5
195,44.5
195,44.5
196,44.5
196,45.0
196,45.0
196,45.0
196,45.0
196,45.0
196,45.0
196,45.0
196,44.7
196,44.7
196,44.7
196,44.7
196,44.7
197,44.7
197,44.5
197,44.5
197,44.5
197,44.5
197,44.5
197,44.5
197,44.9
197,44.9
197,44.9
197,44.9
197,44.9
197,44.9
198,44.9
198,44.6
198,44.6
198,44.6
198,44.6
198,44.6
199,44.6
199,45.2
199,45.2
199,45.2
199,45.2
199,45.2
199,45.2
199,44.9
199,44.9
199,44.9
199,44.9
199,44.9
199,44.9
200,44.9
200,44.5
200,44.5
200,44.5
200,44.5
200,44.5
201,44.5
201,44.5
201,44.5
201,44.5
201,44.5
201,44.5
201,44.5
201,44.5
201,44.8
201,44.8
201,44.8
201,44.8
201,44.8
202,44.8
202,44.8
202,44.8
202,44.8
202,44.8
202,44.8
203,44.8
203,45.0
203,45.0
203,45.0
203,45.0
203,45.0
203,45.0
203,45.0
203,44.5
203,44.5
203,44.5
203,44.5
203,44.5
204,44.5
204,44.8
204,44.8
204,44.8
204,44.8
204,44.8
204,44.8
205,44.8
205,45.0
205,45.0
205,45.0
205,45.0
205,45.0
205,45.0
205,44.4
205,44.4
205,44.4
205,44.4
205,44.4
206,44.4
206,44.5
206,44.5
206,44.5
206,44.5
206,44.5
206,44.5
206,44.5
206,44.4
206,44.4
206,44.4
206,44.4
206,44.4
207,44.4
207,45.0
207,45.0
207,45.0
207,45.0
207,45.0
208,45.0
208,44.9
208,44.9
208,44.9
208,44.9
208,44.9
208,44.9
208,44.9
208,45.2
208,45.2
208,45.2
208,45.2
208,45.2
209,45.2
209,44.4
209,44.4
209,44.4
209,44.4
209,44.4
209,44.4
210,44.4
210,44.8
210,44.8
210,44.8
210,44.8
210,44.8
210,44.8
210,45.0
210,45.0
210,45.0
210,45.0
210,45.0
211,45.0
211,44.8
211,44.8
211,44.8
211,44.8
211,44.8
211,44.8
212,44.8
212,44.3
212,44.3
212,44.3
212,44.3
212,44.3
212,44.3
212,44.7
212,44.7
212,44.7
212,44.7
212,44.7
212,44.7
213,44.9
213,44.9
213,44.9
213,44.9
213,44.9
213,44.9
213,44.9
213,44.5
213,44.5
213,44.5
213,44.5
213,44.5
214,44.5
214,44.8
214,44.8
214,44.8
214,44.8
214,44.8
214,44.8
215,44.8
215,44.7
215,44.7
215,44.7
215,44.7
215,44.7
215,44.7
215,44.7
215,44.7
215,44.7
215,44.7
215,44.7
216,44.7
216,45.2
216,45.2
216,45.2
216,45.2
216,45.2
216,45.2
217,45.2
217,44.2
217,44.2
217,44.2
217,44.2
217,44.2
217,44.2
217,45.4
217,45.4
217,45.4
217,45.4
217,45.4
217,45.4
218,45.4
218,44.2
218,44.2
218,44.2
218,44.2
218,44.2
219,44.2
219,45.4
219,45.4
219,45.4
219,45.4
219,45.4
219,45.4
219,44.7
219,44.7
219,44.7
219,44.7
219,44.7
219,44.7
220,44.7
220,44.5
220,44.5
220,44.5
220,44.5
220,44.5
221,44.5
221,44.6
221,44.6
221,44.6
221,44.6
221,44.6
221,44.6
221,44.4
221,44.4
221,44.4
221,44.4
221,44.4
221,44.4
222,44.4
222,44.8
222,44.8
222,44.8
222,44.8
222,44.8
222,44.8
222,45.1
222,45.1
222,45.1
222,45.1
222,45.1
222,45.1
223,45.1
223,45.0
223,45.0
223,45.0
223,45.0
223,45.0
224,45.0
224,44.7
224,44.7
224,44.7
224,44.7
224,44.7
224,44.7
224,45.0
224,45.0
224,45.0
224,45.0
224,45.0
224,45.0
225,45.0
225,44.7
225,44.7
225,44.7
225,44.7
225,44.7
226,44.7
226,45.0
226,45.0
226,45.0
226,45.0
226,45.0
226,45.0
226,45.0
226,44.5
226,44.5
226,44.5
226,44.5
226,44.5
227,44.5
227,44.9
227,44.9
227,44.9
227,44.9
227,44.9
228,44.9
228,45.1
228,45.1
228,45.1
228,45.1
228,45.1
228,45.1
228,45.1
228,43.9
228,43.9
228,43.9
228,43.9
228,43.9
229,43.9
229,45.3
229,45.3
229,45.3
229,45.3
229,45.3
229,45.3
230,45.3
230,44.4
230,44.4
230,44.4
230,44.4
230,44.4
230,44.4
230,44.8
230,44.8
230,44.8
230,44.8
230,44.8
231,44.8
231,44.7
231,44.7
231,44.7
231,44.7
231,44.7
231,44.7
231,44.7
231,44.4
231,44.4
231,44.4
231,44.4
231,44.4
232,44.4
232,45.2
232,45.2
232,45.2
232,45.2
232,45.2
232,45.2
233,44.7
233,44.7
233,44.7
233,44.7
233,44.7
233,44.7
233,44.7
233,44.5
233,44.5
233,44.5
233,44.5
233,44.5
234,44.5
234,44.3
234,44.3
234,44.3
234,44.3
234,44.3
234,44.3
235,44.3
235,44.9
235,44.9
235,44.9
235,44.9
235,44.9
235,44.9
235,45.0
235,45.0
235,45.0
235,45.0
235,45.0
236,45.0
236,44.4
236,44.4
236,44.4
236,44.4
236,44.4
236,44.4
237,44.4
237,44.9
237,44.9
237,44.9
237,44.9
237,44.9
237,44.9
237,44.5
237,44.5
237,44.5
237,44.5
237,44.5
237,44.5
238,44.5
238,44.7
238,44.7
238,44.7
238,44.7
238,44.7
238,44.7
238,44.8
238,44.8
238,44.8
238,44.8
238,44.8
239,44.8
239,44.5
239,44.5
239,44.5
239,44.5
239,44.5
239,44.5
240,44.5
240,45.0
240,45.0
240,45.0
240,45.0
240,45.0
240,45.0
240,44.6
240,44.6
240,44.6
240,44.6
240,44.6
240,44.6
241,44.6
241,44.6
241,44.6
241,44.6
241,44.6
241,44.6
242,44.6
242,44.7
242,44.7
242,44.7
242,44.7
242,44.7
242,44.7
242,44.8
242,44.8
242,44.8
242,44.8
242,44.8
242,44.8
243,44.8
243,44.7
243,44.7
243,44.7
243,44.7
243,44.7
244,44.7
244,44.6
244,44.6
244,44.6
244,44.6
244,44.6
244,44.6
244,44.8
244,44.8
244,44.8
244,44.8
244,44.8
244,44.8
245,44.8
245,44.8
245,44.8
245,44.8
245,44.8
245,44.8
246,44.8
246,44.9
246,44.9
246,44.9
246,44.9
246,44.9
246,44.9
246,44.9
246,44.6
246,44.6
246,44.6
246,44.6
246,44.6
247,44.6
247,44.6
247,44.6
247,44.6
247,44.6
247,44.6
247,44.6
247,44.5
247,44.5
247,44.5
247,44.5
247,44.5
247,44.5
248,44.5
248,45.0
248,45.0
248,45.0
248,45.0
248,45.0
249,45.0
249,44.8
249,44.8
249,44.8
249,44.8
249,44.8
249,44.8
249,44.8
249,44.6
249,44.6
249,44.6
249,44.6
249,44.6
250,44.6
250,44.6
250,44.6
250,44.6
250,44.6
250,44.6
251,44.6
251,44.8
251,44.8
251,44.8
251,44.8
251,44.8
251,44.8
251,44.8
251,45.1
251,45.1
251,45.1
251,45.1
251,45.1
252,45.1
252,44.4
252,44.4
252,44.4
252,44.4
252,44.4
252,44.4
253,44.4
253,44.4
253,44.4
253,44.4
253,44.4
253,44.4
253,44.4
253,44.9
253,44.9
253,44.9
253,44.9
253,44.9
254,44.9
254,44.9
254,44.9
254,44.9
254,44.9
254,44.9
254,44.9
255,44.9
255,44.6
255,44.6
255,44.6
255,44.6
255,44.6
255,44.6
255,44.2
255,44.2
255,44.2
255,44.2
255,44.2
255,44.2
256,45.1
256,45.1
256,45.1
256,45.1
256,45.1
256,45.1
256,45.1
256,44.9
256,44.9
256,44.9
256,44.9
256,44.9
257,44.9
257,45.0
257,45.0
257,45.0
257,45.0
257,45.0
257,45.0
258,45.0
258,44.3
258,44.3
258,44.3
258,44.3
258,44.3
258,44.3
258,44.7
258,44.7
258,44.7
258,44.7
258,44.7
259,44.7
259,44.7
259,44.7
259,44.7
259,44.7
259,44.7
259,44.7
260,44.7
260,44.8
260,44.8
260,44.8
260,44.8
260,44.8
260,44.8
260,44.8
260,44.8
260,44.8
260,44.8
260,44.8
260,44.8
261,44.8
261,45.0
261,45.0
261,45.0
261,45.0
261,45.0
262,45.0
262,44.5
262,44.5
262,44.5
262,44.5
262,44.5
262,44.5
262,44.2
262,44.2
262,44.2
262,44.2
262,44.2
262,44.2
263,44.2
263,45.0
263,45.0
263,45.0
263,45.0
263,45.0
263,45.0
263,44.9
263,44.9
263,44.9
263,44.9
263,44.9
263,44.9
264,44.9
264,44.7
264,44.7
264,44.7
264,44.7
264,44.7
265,44.7
265,44.6
265,44.6
265,44.6
265,44.6
265,44.6
265,44.6
265,44.0
265,44.0
265,44.0
265,44.0
265,44.0
265,44.0
266,44.0
266,45.3
266,45.3
266,45.3
266,45.3
266,45.3
267,45.3
267,45.0
267,45.0
267,45.0
267,45.0
267,45.0
267,45.0
267,45.0
267,44.4
267,44.4
267,44.4
267,44.4
267,44.4
268,44.4
268,44.7
268,44.7
268,44.7
268,44.7
268,44.7
269,44.7
269,44.8
269,44.8
269,44.8
269,44.8
269,44.8
269,44.8
269,44.8
269,44.9
269,44.9
269,44.9
269,44.9
269,44.9
270,44.9
270,44.3
270,44.3
270,44.3
270,44.3
270,44.3
270,44.3
271,45.1
271,45.1
271,45.1
271,45.1
271,45.1
271,45.1
271,45.1
271,44.3
271,44.3
271,44.3
271,44.3
271,44.3
272,44.3
272,45.0
272,45.0
272,45.0
272,45.0
272,45.0
272,45.0
272,45.0
272,45.0
272,45.0
272,45.0
272,45.0
272,45.0
273,45.0
273,44.7
273,44.7
273,44.7
273,44.7
273,44.7
274,44.7
274,44.8
274,44.8
274,44.8
274,44.8
274,44.8
274,44.8
274,44.8
274,44.8
274,44.8
274,44.8
274,44.8
274,44.8
275,44.8
275,44.8
275,44.8
275,44.8
275,44.8
275,44.8
275,44.8
276,44.8
276,44.6
276,44.6
276,44.6
276,44.6
276,44.6
276,44.6
276,44.6
276,44.6
276,44.6
276,44.6
276,44.6
277,44.6
277,44.8
277,44.8
277,44.8
277,44.8
277,44.8
277,44.8
278,44.8
278,44.4
278,44.4
278,44.4
278,44.4
278,44.4
278,44.4
278,44.9
278,44.9
278,44.9
278,44.9
278,44.9
278,44.9
279,44.9
279,44.8
279,44.8
279,44.8
279,44.8
279,44.8
279,44.8
279,44.5
279,44.5
279,44.5
279,44.5
279,44.5
280,44.5
280,45.0
280,45.0
280,45.0
280,45.0
280,45.0
280,45.0
281,45.0
281,44.4
281,44.4
281,44.4
281,44.4
281,44.4
281,44.4
281,44.9
281,44.9
281,44.9
281,44.9
281,44.9
281,44.9
282,44.9
282,44.5
282,44.5
282,44.5
282,44.5
282,44.5
283,44.5
283,45.2
283,45.2
283,45.2
283,45.2
283,45.2
283,45.2
283,44.7
283,44.7
283,44.7
283,44.7
283,44.7
283,44.7
284,44.7
284,44.8
284,44.8
284,44.8
284,44.8
284,44.8
285,44.8
285,44.4
285,44.4
285,44.4
285,44.4
285,44.4
285,44.4
285,44.4
285,44.7
285,44.7
285,44.7
285,44.7
285,44.7
286,44.7
286,44.8
286,44.8
286,44.8
286,44.8
286,44.8
287,44.8
287,44.6
287,44.6
287,44.6
287,44.6
287,44.6
287,44.6
287,44.6
287,44.8
287,44.8
287,44.8
287,44.8
287,44.8
288,44.8
288,45.4
288,45.4
288,45.4
288,45.4
288,45.4
288,45.4
288,44.4
288,44.4
288,44.4
288,44.4
288,44.4
288,44.4
289,44.4
289,44.2
289,44.2
289,44.2
289,44.2
289,44.2
290,44.2
290,45.3
290,45.3
290,45.3
290,45.3
290,45.3
290,45.3
290,45.3
290,44.0
290,44.0
290,44.0
290,44.0
290,44.0
291,44.0
291,45.1
291,45.1
291,45.1
291,45.1
291,45.1
292,45.1
292,44.6
292,44.6
292,44.6
292,44.6
292,44.6
292,44.6
292,44.6
292,44.9
292,44.9
292,44.9
292,44.9
292,44.9
293,44.9
293,44.4
293,44.4
293,44.4
293,44.4
293,44.4
293,44.4
294,44.4
294,45.4
294,45.4
294,45.4
294,45.4
294,45.4
294,45.4
294,44.2
294,44.2
294,44.2
294,44.2
294,44.2
295,44.2
295,44.8
295,44.8
295,44.8
295,44.8
295,44.8
295,44.8
296,44.8
296,44.5
296,44.5
296,44.5
296,44.5
296,44.5
296,44.5
296,45.0
296,45.0
296,45.0
296,45.0
296,45.0
296,45.0
297,45.0
297,44.8
297,44.8
297,44.8
297,44.8
297,44.8
297,44.8
297,44.5
297,44.5
297,44.5
297,44.5
297,44.5
298,44.5
298,44.7
298,44.7
298,44.7
298,44.7
298,44.7
298,44.7
299,44.7
299,44.5
299,44.5
299,44.5
299,44.5
299,44.5
299,44.5
299,44.8
299,44.8
299,44.8
299,44.8
299,44.8
299,44.8
300,44.8
300,44.8
300,44.8
300,44.8
300,44.8
300,44.8
301,44.8
301,44.8
301,44.8
301,44.8
301,44.8
301,44.8
301,44.8
301,45.0
301,45.0
301,45.0
301,45.0
301,45.0
301,45.0
302,45.0
302,45.0
302,45.0
302,45.0
302,45.0
302,45.0
303,45.0
303,44.5
303,44.5
303,44.5
303,44.5
303,44.5
303,44.5
303,44.8
303,44.8
303,44.8
303,44.8
303,44.8
303,44.8
304,44.8
304,44.6
304,44.6
304,44.6
304,44.6
304,44.6
304,44.6
304,44.5
304,44.5
304,44.5
304,44.5
304,44.5
304,44.5
305,44.5
305,45.2
305,45.2
305,45.2
305,45.2
305,45.2
306,45.2
306,44.6
306,44.6
306,44.6
306,44.6
306,44.6
306,44.6
306,44.4
306,44.4
306,44.4
306,44.4
306,44.4
306,44.4
307,44.4
307,45.1
307,45.1
307,45.1
307,45.1
307,45.1
308,45.1
308,44.3
308,44.3
308,44.3
308,44.3
308,44.3
308,44.3
308,44.6
308,44.6
308,44.6
308,44.6
308,44.6
308,44.6
309,44.6
309,44.7
309,44.7
309,44.7
309,44.7
309,44.7
310,44.7
310,44.5
310,44.5
310,44.5
310,44.5
310,44.5
310,44.5
310,44.5
310,44.7
310,44.7
310,44.7
310,44.7
310,44.7
311,44.7
311,44.7
311,44.7
311,44.7
311,44.7
311,44.7
312,44.7
312,45.2
312,45.2
312,45.2
312,45.2
312,45.2
312,45.2
312,45.2
312,44.3
312,44.3
312,44.3
312,44.3
312,44.3
313,44.3
313,44.8
313,44.8
313,44.8
313,44.8
313,44.8
313,44.8
313,44.8
313,44.9
313,44.9
313,44.9
313,44.9
313,44.9
314,44.9
314,44.8
314,44.8
314,44.8
314,44.8
314,44.8
315,44.8
315,44.4
315,44.4
315,44.4
315,44.4
315,44.4
315,44.4
315,44.4
315,45.2
315,45.2
315,45.2
315,45.2
315,45.2
316,45.2
316,44.2
316,44.2
316,44.2
316,44.2
316,44.2
316,44.2
317,44.2
317,45.1
317,45.1
317,45.1
317,45.1
317,45.1
317,45.1
317,44.3
317,44.3
317,44.3
317,44.3
317,44.3
318,44.3
318,44.7
318,44.7
318,44.7
318,44.7
318,44.7
318,44.7
319,44.7
319,44.9
319,44.9
319,44.9
319,44.9
319,44.9
319,44.9
319,44.4
319,44.4
319,44.4
319,44.4
319,44.4
319,44.4
320,44.4
320,45.2
320,45.2
320,45.2
320,45.2
320,45.2
320,45.2
320,44.0
320,44.0
320,44.0
320,44.0
320,44.0
321,44.0
321,45.2
321,45.2
321,45.2
321,45.2
321,45.2
321,45.2
322,45.2
322,44.7
322,44.7
322,44.7
322,44.7
322,44.7
322,44.7
322,44.5
322,44.5
322,44.5
322,44.5
322,44.5
322,44.5
323,44.5
323,44.7
323,44.7
323,44.7
323,44.7
323,44.7
324,44.7
324,45.0
324,45.0
324,45.0
324,45.0
324,45.0
324,45.0
324,44.8
324,44.8
324,44.8
324,44.8
324,44.8
324,44.8
325,44.8
325,44.7
325,44.7
325,44.7
325,44.7
325,44.7
326,44.7
326,44.5
326,44.5
326,44.5
326,44.5
326,44.5
326,44.5
326,44.5
326,44.5
326,44.5
326,44.5
326,44.5
326,44.5
327,44.5
327,45.1
327,45.1
327,45.1
327,45.1
327,45.1
328,45.1
328,44.8
328,44.8
328,44.8
328,44.8
328,44.8
328,44.8
328,44.8
328,44.8
328,44.8
328,44.8
328,44.8
328,44.8
329,44.8
329,44.9
329,44.9
329,44.9
329,44.9
329,44.9
329,44.9
329,44.6
329,44.6
329,44.6
329,44.6
329,44.6
329,44.6
330,44.6
330,44.5
330,44.5
330,44.5
330,44.5
330,44.5
331,44.5
331,45.1
331,45.1
331,45.1
331,45.1
331,45.1
331,45.1
331,45.1
331,44.8
331,44.8
331,44.8
331,44.8
331,44.8
332,44.8
332,43.9
332,43.9
332,43.9
332,43.9
332,43.9
332,43.9
333,45.2
333,45.2
333,45.2
333,45.2
333,45.2
333,45.2
333,45.2
333,44.3
333,44.3
333,44.3
333,44.3
333,44.3
334,44.3
334,44.8
334,44.8
334,44.8
334,44.8
334,44.8
334,44.8
335,44.8
335,44.7
335,44.7
335,44.7
335,44.7
335,44.7
335,44.7
335,45.0
335,45.0
335,45.0
335,45.0
335,45.0
335,45.0
336,44.7
336,44.7
336,44.7
336,44.7
336,44.7
336,44.7
337,44.7
337,44.9
337,44.9
337,44.9
337,44.9
337,44.9
337,44.9
337,44.7
337,44.7
337,44.7
337,44.7
337,44.7
337,44.7
338,44.7
338,44.5
338,44.5
338,44.5
338,44.5
338,44.5
338,44.5
338,44.5
338,44.5
338,44.5
338,44.5
338,44.5
339,44.5
339,44.6
339,44.6
339,44.6
339,44.6
339,44.6
339,44.6
340,44.6
340,45.0
340,45.0
340,45.0
340,45.0
340,45.0
340,45.0
340,44.2
340,44.2
340,44.2
340,44.2
340,44.2
340,44.2
341,44.2
341,45.0
341,45.0
341,45.0
341,45.0
341,45.0
342,45.0
342,44.7
342,44.7
342,44.7
342,44.7
342,44.7
342,44.7
342,44.7
342,44.7
342,44.7
342,44.7
342,44.7
342,44.7
343,44.7
343,44.6
343,44.6
343,44.6
343,44.6
343,44.6
344,44.6
344,45.1
344,45.1
344,45.1
344,45.1
344,45.1
344,45.1
344,45.1
344,43.9
344,43.9
344,43.9
344,43.9
344,43.9
345,43.9
345,45.3
345,45.3
345,45.3
345,45.3
345,45.3
345,45.3
345,45.0
345,45.0
345,45.0
345,45.0
345,45.0
345,45.0
346,45.0
346,44.5
346,44.5
346,44.5
346,44.5
346,44.5
347,44.5
347,44.5
347,44.5
347,44.5
347,44.5
347,44.5
347,44.5
347,44.5
347,44.8
347,44.8
347,44.8
347,44.8
347,44.8
348,44.8
348,44.6
348,44.6
348,44.6
348,44.6
348,44.6
349,44.6
349,44.7
349,44.7
349,44.7
349,44.7
349,44.7
349,44.7
349,44.7
349,44.5
349,44.5
349,44.5
349,44.5
349,44.5
350,44.5
350,44.8
350,44.8
350,44.8
350,44.8
350,44.8
350,44.8
351,44.8
351,44.6
351,44.6
351,44.6
351,44.6
351,44.6
351,44.6
351,44.9
351,44.9
351,44.9
351,44.9
351,44.9
352,44.9
352,44.6
352,44.6
352,44.6
352,44.6
352,44.6
352,44.6
353,44.6
353,44.7
353,44.7
353,44.7
353,44.7
353,44.7
353,44.7
353,44.9
353,44.9
353,44.9
353,44.9
353,44.9
353,44.9
354,44.8
354,44.8
354,44.8
354,44.8
354,44.8
354,44.8
354,44.8
354,44.3
354,44.3
354,44.3
354,44.3
354,44.3
355,44.3
355,45.7
355,45.7
355,45.7
355,45.7
355,45.7
355,45.7
356,45.7
356,44.2
356,44.2
356,44.2
356,44.2
356,44.2
356,44.2
356,44.8
356,44.8
356,44.8
356,44.8
356,44.8
357,44.8
357,44.5
357,44.5
357,44.5
357,44.5
357,44.5
357,44.5
358,44.5
358,44.7
358,44.7
358,44.7
358,44.7
358,44.7
358,44.7
358,44.8
358,44.8
358,44.8
358,44.8
358,44.8
358,44.8
359,44.8
359,45.1
359,45.1
359,45.1
359,45.1
359,45.1
360,45.1
360,45.0
360,45.0
360,45.0
360,45.0
360,45.0
360,45.0
360,44.5
360,44.5
360,44.5
360,44.5
360,44.5
360,44.5
361,44.5
361,44.6
361,44.6
361,44.6
361,44.6
361,44.6
362,44.6
362,45.1
362,45.1
362,45.1
362,45.1
362,45.1
362,45.1
362,45.1
362,44.5
362,44.5
362,44.5
362,44.5
362,44.5
363,44.5
363,44.7
363,44.7
363,44.7
363,44.7
363,44.7
363,44.7
363,44.8
363,44.8
363,44.8
363,44.8
363,44.8
363,44.8
364,44.8
364,44.1
364,44.1
364,44.1
364,44.1
364,44.1
365,44.1
365,45.4
365,45.4
365,45.4
365,45.4
365,45.4
365,45.4
365,44.4
365,44.4
365,44.4
365,44.4
365,44.4
365,44.4
366,44.4
366,44.8
366,44.8
366,44.8
366,44.8
366,44.8
367,44.8
367,44.6
367,44.6
367,44.6
367,44.6
367,44.6
367,44.6
367,44.6
367,44.8
367,44.8
367,44.8
367,44.8
367,44.8
368,44.8
368,44.6
368,44.6
368,44.6
368,44.6
368,44.6
369,44.6
369,44.9
369,44.9
369,44.9
369,44.9
369,44.9
369,44.9
369,44.9
369,44.9
369,44.9
369,44.9
369,44.9
369,44.9
370,44.9
370,44.8
370,44.8
370,44.8
370,44.8
370,44.8
370,44.8
370,44.8
370,44.6
370,44.6
370,44.6
370,44.6
370,44.6
371,44.6
371,44.7
371,44.7
371,44.7
371,44.7
371,44.7
372,44.7
372,45.1
372,45.1
372,45.1
372,45.1
372,45.1
372,45.1
372,45.1
372,44.6
372,44.6
372,44.6
372,44.6
372,44.6
373,44.6
373,44.8
373,44.8
373,44.8
373,44.8
373,44.8
373,44.8
374,44.8
374,44.8
374,44.8
374,44.8
374,44.8
374,44.8
374,44.8
374,44.9
374,44.9
374,44.9
374,44.9
374,44.9
375,44.9
375,44.6
375,44.6
375,44.6
375,44.6
375,44.6
375,44.6
376,44.6
376,44.8
376,44.8
376,44.8
376,44.8
376,44.8
376,44.8
376,44.8
376,44.8
376,44.8
376,44.8
376,44.8
376,44.8
377,44.6
377,44.6
377,44.6
377,44.6
377,44.6
377,44.6
378,44.6
378,44.9
378,44.9
378,44.9
378,44.9
378,44.9
378,44.9
378,44.7
378,44.7
378,44.7
378,44.7
378,44.7
378,44.7
379,44.7
379,44.2
379,44.2
379,44.2
379,44.2
379,44.2
379,44.2
379,44.6
379,44.6
379,44.6
379,44.6
379,44.6
380,44.6
380,44.6
380,44.6
380,44.6
380,44.6
380,44.6
380,44.6
381,44.6
381,44.5
381,44.5
381,44.5
381,44.5
381,44.5
381,44.5
381,44.6
381,44.6
381,44.6
381,44.6
381,44.6
381,44.6
382,44.6
382,45.0
382,45.0
382,45.0
382,45.0
382,45.0
383,45.0
383,44.4
383,44.4
383,44.4
383,44.4
383,44.4
383,44.4
383,44.6
383,44.6
383,44.6
383,44.6
383,44.6
383,44.6
384,44.6
384,44.6
384,44.6
384,44.6
384,44.6
384,44.6
385,44.6
385,44.5
385,44.5
385,44.5
385,44.5
385,44.5
385,44.5
385,44.5
385,44.5
385,44.5
385,44.5
385,44.5
385,44.5
386,44.5
386,44.1
386,44.1
386,44.1
386,44.1
386,44.1
387,44.1
387,44.8
387,44.8
387,44.8
387,44.8
387,44.8
387,44.8
387,44.8
387,44.3
387,44.3
387,44.3
387,44.3
387,44.3
388,44.3
388,44.1
388,44.1
388,44.1
388,44.1
388,44.1
388,44.1
388,44.2
388,44.2
388,44.2
388,44.2
388,44.2
388,44.2
389,44.2
389,44.3
389,44.3
389,44.3
389,44.3
389,44.3
390,44.3
390,43.9
390,43.9
390,43.9
390,43.9
390,43.9
390,43.9
390,43.9
390,43.5
390,43.5
390,43.5
390,43.5
390,43.5
391,43.5
391,44.2
391,44.2
391,44.2
391,44.2
391,44.2
392,44.2
392,43.9
392,43.9
392,43.9
392,43.9
392,43.9
392,43.9
392,43.9
392,43.5
392,43.5
392,43.5
392,43.5
392,43.5
393,43.5
393,43.6
393,43.6
393,43.6
393,43.6
393,43.6
393,43.6
394,43.1
394,43.1
394,43.1
394,43.1
394,43.1
394,43.1
394,43.1
394,42.8
394,42.8
394,42.8
394,42.8
394,42.8
395,42.8
395,43.1
395,43.1
395,43.1
395,43.1
395,43.1
395,43.1
395,43.1
395,42.6
395,42.6
395,42.6
395,42.6
395,42.6
396,42.6
396,42.2
396,42.2
396,42.2
396,42.2
396,42.2
396,42.2
397,42.2
397,42.2
397,42.2
397,42.2
397,42.2
397,42.2
397,42.2
397,42.1
397,42.1
397,42.1
397,42.1
397,42.1
398,42.1
398,41.6
398,41.6
398,41.6
398,41.6
398,41.6
398,41.6
399,41.6
399,41.8
399,41.8
399,41.8
399,41.8
399,41.8
399,41.8
399,40.0
399,40.0
399,40.0
399,40.0
399,40.0
399,40.0
400,40.8
400,40.8
400,40.8
400,40.8
400,40.8
400,40.8
401,40.8
401,40.9
401,40.9
401,40.9
401,40.9
401,40.9
401,40.9
401,40.0
401,40.0
401,40.0
401,40.0
401,40.0
401,40.0
402,40.0
402,40.0
402,40.0
402,40.0
402,40.0
402,40.0
403,40.0
403,40.0
403,40.0
403,40.0
403,40.0
403,40.0
403,40.0
403,40.0
403,40.0
403,40.0
403,40.0
403,40.0
403,40.0
404,40.0
404,40.0
404,40.0
404,40.0
404,40.0
404,40.0
404,40.0
404,40.0
404,40.0
404,40.0
404,40.0
404,40.0
404,40.0
405,40.0
405,40.0
405,40.0
405,40.0
405,40.0
405,40.0
406,40.0
406,40.0
406,40.0
406,40.0
406,40.0
406,40.0
406,40.0
406,40.0
406,40.0
406,40.0
406,40.0
406,40.0
406,40.0
407,40.0
407,40.0
407,40.0
407,40.0
407,40.0
407,40.0
408,40.0
408,40.0
408,40.0
408,40.0
408,40.0
408,40.0
408,40.0
408,40.0
408,40.0
408,40.0
408,40.0
408,40.0
408,40.0
409,40.0
409,40.0
409,40.0
409,40.0
409,40.0
409,40.0
410,40.0
410,40.0
410,40.0
410,40.0
410,40.0
410,40.0
410,40.0
410,40.0
410,40.0
410,40.0
410,40.0
410,40.0
410,40.0
411,40.0
411,40.0
411,40.0
411,40.0
411,40.0
411,40.0
411,40.0
411,40.0
411,40.0
411,40.0
411,40.0
411,40.0
411,40.0
412,40.0
412,40.0
412,40.0
412,40.0
412,40.0
412,40.0
413,40.0
413,40.0
413,40.0
413,40.0
413,40.0
413,40.0
413,40.0
413,40.0
413,40.0
413,40.0
413,40.0
413,40.0
413,40.0
414,40.0
414,40.0
414,40.0
414,40.0
414,40.0
414,40.0
415,40.0
415,40.0
415,40.0
415,40.0
415,40.0
415,40.0
415,40.0
415,40.0
415,40.0
415,40.0
415,40.0
415,40.0
415,40.0
416,40.0
416,40.0
416,40.0
416,40.0
416,40.0
416,40.0
416,40.0
417,40.0
417,40.0
417,40.0
417,40.0
417,40.0
417,40.0
417,40.0
417,40.0
417,40.0
417,40.0
417,40.0
417,40.0
418,40.0
418,40.0
418,40.0
418,40.0
418,40.0
418,40.0
418,40.0
419,40.0
419,40.0
419,40.0
419,40.0
419,40.0
419,40.0
419,40.0
419,40.0
419,40.0
419,40.0
419,40.0
419,40.0
420,40.0
420,40.0
420,40.0
420,40.0
420,40.0
420,40.0
420,40.0
420,40.0
420,40.0
420,40.0
420,40.0
420,40.0
420,40.0
421,40.0
421,40.0
421,40.0
421,40.0
421,40.0
421,40.0
421,40.0
422,40.0
422,40.0
422,40.0
422,40.0
422,40.0
422,40.0
422,40.0
422,40.0
422,40.0
422,40.0
422,40.0
422,40.0
423,40.0
423,40.0
423,40.0
423,40.0
423,40.0
423,40.0
423,40.0
424,40.0
424,40.0
424,40.0
424,40.0
424,40.0
424,40.0
424,40.0
424,40.0
424,40.0
424,40.0
424,40.0
424,40.0
424,40.0
425,40.0
425,40.0
425,40.0
425,40.0
425,40.0
425,40.0
426,40.0
426,40.0
426,40.0
426,40.0
426,40.0
426,40.0
426,40.0
426,40.0
426,40.0
426,40.0
426,40.0
426,40.0
426,40.0
427,40.0
427,40.0
427,40.0
427,40.0
427,40.0
427,40.0
427,40.0
427,40.0
427,40.0
427,40.0
427,40.0
427,40.0
428,40.0
428,40.0
428,40.0
428,40.0
428,40.0
428,40.0
428,40.0
429,40.0
429,40.0
429,40.0
429,40.0
429,40.0
429,40.0
429,40.0
429,40.0
429,40.0
429,40.0
429,40.0
429,40.0
429,40.0
430,40.0
430,40.0
430,40.0
430,40.0
430,40.0
430,40.0
431,40.0
