0,0
0,81
0,81
0,81
0,81
0,80
0,80
0,80
0,80
0,80
0,80
1,80
1,80
1,80
1,80
1,80
1,80
1,80
1,81
1,80
1,80
2,81
2,80
2,80
2,80
2,80
2,81
2,81
2,81
2,80
2,80
2,80
3,81
3,81
3,81
3,80
3,81
3,80
3,80
3,81
3,80
3,80
4,81
4,81
4,81
4,81
4,80
4,81
4,81
4,81
4,80
5,80
5,80
5,81
5,81
5,81
5,81
5,80
5,81
5,81
5,80
6,81
6,80
6,80
6,81
6,80
6,80
6,81
6,81
6,81
6,80
7,80
7,81
7,81
7,80
7,80
7,80
7,81
7,80
7,80
7,80
8,80
8,80
8,80
8,81
8,80
8,80
8,80
8,80
8,81
9,81
9,81
9,81
9,81
9,81
9,80
9,80
9,80
9,80
9,80
9,81
9,81
10,80
10,81
10,81
10,81
10,81
10,81
10,81
10,81
10,81
10,81
11,80
11,80
11,81
11,81
11,81
11,80
11,80
11,80
11,80
12,81
12,81
12,81
12,81
12,81
12,80
12,80
12,80
12,80
12,81
13,81
13,81
13,81
13,81
13,81
13,81
13,81
13,80
13,81
13,81
14,81
14,81
14,81
14,81
14,80
14,80
14,80
14,81
14,80
14,80
15,80
15,81
15,81
15,81
15,81
15,81
15,81
15,81
15,81
16,81
16,81
16,81
16,81
16,81
16,80
16,81
16,80
16,80
16,81
17,80
17,80
17,80
17,81
17,81
17,81
17,81
17,81
17,81
17,81
17,81
18,81
18,81
18,81
18,81
18,81
18,80
18,81
18,81
18,81
18,80
19,81
19,81
19,81
19,81
19,81
19,81
19,81
19,81
19,81
19,81
20,80
20,80
20,81
20,80
20,81
20,81
20,81
20,81
20,81
20,81
21,80
21,81
21,81
21,81
21,81
21,80
21,80
21,81
21,80
21,80
22,81
22,81
22,80
22,80
22,81
22,81
22,81
22,81
22,81
23,81
23,81
23,81
23,81
23,81
23,81
23,81
23,80
23,80
23,81
24,80
24,81
24,81
24,81
24,81
24,81
24,81
24,81
24,81
24,81
24,81
25,81
25,81
25,81
25,80
25,81
25,81
25,81
25,81
25,81
25,81
26,81
26,81
26,81
26,81
26,81
26,81
26,81
26,81
26,81
27,80
27,80
27,81
27,81
27,81
27,81
27,80
27,80
27,81
27,81
28,80
28,80
28,81
28,81
28,81
28,81
28,81
28,80
28,80
28,81
29,81
29,81
29,81
29,81
29,81
29,81
29,81
29,81
29,80
29,80
30,81
30,81
30,81
30,81
30,81
30,81
30,81
30,81
30,81
30,81
30,81
31,81
31,81
31,81
31,81
31,81
31,81
31,81
31,81
31,81
31,81
32,81
32,81
32,81
32,81
32,81
32,81
32,81
32,81
32,81
32,81
33,81
33,81
33,81
33,81
33,81
33,81
33,81
33,81
33,81
34,81
34,81
34,81
34,81
34,81
34,81
34,81
34,80
34,80
34,81
35,80
35,80
35,81
35,80
35,81
35,81
35,81
35,81
35,81
35,81
35,81
36,80
36,81
36,81
36,81
36,81
36,81
36,81
36,81
36,81
37,81
37,81
37,80
37,81
37,81
37,81
37,81
37,81
37,81
37,81
38,81
38,81
38,81
38,81
38,81
38,81
38,81
38,81
38,81
38,81
39,81
39,81
39,81
39,81
39,81
39,81
39,81
39,81
39,81
39,81
40,81
40,81
40,81
40,80
40,81
40,81
40,81
40,81
40,81
40,81
40,81
41,81
41,81
41,81
41,81
41,81
41,81
41,81
41,81
41,81
41,81
42,81
42,81
42,81
42,81
42,81
42,81
42,81
42,81
42,80
42,80
43,81
43,81
43,81
43,81
43,81
43,81
43,81
43,81
43,81
44,81
44,81
44,80
44,81
44,81
44,81
44,81
44,81
44,81
44,81
45,81
45,81
45,81
45,81
45,81
45,81
45,81
45,81
45,81
45,81
46,81
46,81
46,81
46,81
46,81
46,81
46,81
46,81
46,81
46,81
47,81
47,81
47,81
47,81
47,81
47,81
47,81
47,81
47,81
47,81
48,81
48,81
48,81
48,81
48,81
48,81
48,81
48,81
48,81
48,80
48,80
49,81
49,81
49,81
49,81
49,81
49,81
49,81
49,81
49,80
49,80
50,80
50,81
50,81
50,81
50,81
50,81
50,81
50,81
50,81
50,81
51,81
51,81
51,81
51,81
51,81
51,81
51,81
51,81
51,81
52,81
52,81
52,81
52,81
52,81
52,81
52,81
52,81
52,81
52,81
53,81
53,81
53,81
53,81
53,81
53,81
53,81
53,81
53,81
53,81
54,81
54,81
54,81
54,81
54,81
54,81
54,80
54,81
54,80
54,80
55,81
55,81
55,81
55,81
55,81
55,81
55,81
55,81
55,81
55,81
56,81
56,81
56,81
56,81
56,81
56,81
56,81
56,81
56,81
56,80
56,80
57,81
57,80
57,80
57,81
57,81
57,81
57,81
57,81
57,81
57,81
58,81
58,81
58,81
58,81
58,81
58,80
58,80
58,81
58,81
59,81
59,81
59,81
59,80
59,80
59,81
59,81
59,81
59,81
59,81
60,81
60,81
60,81
60,81
60,80
60,80
60,81
60,81
60,81
60,81
61,81
61,81
61,81
61,81
61,81
61,81
61,81
61,81
61,81
61,81
62,81
62,81
62,81
62,81
62,81
62,81
62,81
62,81
62,81
62,81
63,81
63,81
63,81
63,81
63,81
63,81
63,81
63,81
63,81
63,81
63,81
64,81
64,81
64,81
64,81
64,81
64,81
64,81
64,81
64,81
64,81
65,81
65,81
65,81
65,81
65,81
65,81
65,81
65,81
65,81
66,81
66,81
66,81
66,81
66,81
66,81
66,81
66,81
66,81
66,81
67,81
67,81
67,81
67,81
67,81
67,81
67,81
67,81
67,81
67,81
68,81
68,81
68,81
68,81
68,81
68,81
68,81
68,81
68,81
68,81
69,81
69,81
69,81
69,81
69,81
69,81
69,81
69,81
69,80
69,80
70,81
70,81
70,81
70,81
70,81
70,81
70,81
70,81
70,81
71,81
71,81
71,81
71,81
71,81
71,81
71,81
71,81
71,81
71,81
71,81
71,81
72,81
72,81
72,81
72,81
72,81
72,81
72,81
72,81
72,81
73,81
73,81
73,80
73,81
73,81
73,81
73,81
73,81
73,81
73,81
74,81
74,81
74,81
74,81
74,81
74,81
74,81
74,81
74,81
74,81
75,81
75,81
75,81
75,81
75,80
75,80
75,81
75,81
75,81
75,81
76,81
76,81
76,81
76,81
76,81
76,81
76,81
76,81
76,81
76,81
77,81
77,81
77,81
77,81
77,81
77,81
77,81
77,81
77,81
77,81
78,81
78,81
78,81
78,81
78,80
78,81
78,81
78,82
78,81
78,81
79,81
79,81
79,81
79,81
79,81
79,81
79,81
79,81
79,81
80,81
80,81
80,81
80,81
80,81
80,81
80,81
80,81
80,81
80,81
80,81
80,81
81,81
81,81
81,81
81,81
81,81
81,81
81,81
81,81
81,81
82,81
82,81
82,81
82,81
82,81
82,81
82,81
82,81
82,81
82,81
83,81
83,81
83,81
83,81
83,81
83,81
83,81
83,81
83,81
83,81
84,81
84,81
84,81
84,81
84,81
84,81
84,81
84,81
84,81
84,81
85,81
85,81
85,81
85,81
85,81
85,81
85,81
85,81
85,81
85,81
86,81
86,81
86,81
86,81
86,81
86,81
86,81
86,81
86,81
87,81
87,81
87,80
87,81
87,81
87,81
87,81
87,81
87,81
87,81
87,81
87,81
88,81
88,80
88,81
88,81
88,81
88,81
88,81
88,81
88,81
89,81
89,81
89,81
89,81
89,81
89,81
89,81
89,81
89,81
89,81
90,81
90,81
90,81
90,81
90,81
90,81
90,81
90,81
90,81
90,81
91,81
91,81
91,81
91,81
91,81
91,81
91,81
91,81
91,81
91,81
92,81
92,81
92,81
92,81
92,81
92,81
92,81
92,81
92,81
92,81
93,81
93,81
93,81
93,81
93,81
93,81
93,81
93,81
93,81
94,81
94,81
94,81
94,81
94,81
94,81
94,81
94,81
94,81
94,81
95,81
95,81
95,81
95,81
95,81
95,81
95,81
95,81
95,81
95,81
96,81
96,81
96,81
96,81
96,81
96,81
96,81
96,81
96,81
96,81
96,81
97,81
97,81
97,80
97,81
97,81
97,81
97,81
97,81
97,81
97,81
98,81
98,81
98,81
98,81
98,81
98,81
98,81
98,81
98,81
98,81
99,81
99,81
99,81
99,81
99,81
99,81
99,81
99,81
99,81
99,81
100,81
100,81
100,81
100,81
100,81
100,81
100,81
100,81
100,81
100,81
101,81
101,81
101,81
101,81
101,81
101,81
101,81
101,81
101,81
101,81
102,81
102,81
102,81
102,81
102,81
102,81
102,81
102,81
102,80
103,80
103,80
103,81
103,81
103,81
103,82
103,81
103,81
103,81
103,81
104,81
104,81
104,80
104,81
104,81
104,81
104,81
104,81
104,81
104,81
105,81
105,81
105,81
105,81
105,81
105,81
105,81
105,81
105,81
105,81
105,81
106,81
106,81
106,81
106,81
106,81
106,81
106,81
106,81
106,81
106,81
107,81
107,81
107,81
107,81
107,81
107,81
107,81
107,81
107,81
107,81
108,81
108,81
108,81
108,81
108,81
108,81
108,81
108,81
108,81
108,81
109,81
109,81
109,81
109,81
109,81
109,81
109,81
109,81
109,81
110,81
110,81
110,81
110,81
110,81
110,81
110,82
110,81
110,81
110,81
111,81
111,81
111,81
111,81
111,81
111,81
111,81
111,81
111,81
111,81
111,81
112,81
112,81
112,81
112,80
112,81
112,81
112,81
112,81
112,81
112,81
113,81
113,81
113,81
113,81
113,81
113,81
113,81
113,81
113,81
114,81
114,81
114,81
114,81
114,81
114,81
114,81
114,82
114,82
114,81
115,81
115,82
115,82
115,81
115,82
115,82
115,81
115,81
115,81
115,81
115,81
116,81
116,81
116,81
116,81
116,81
116,81
116,81
116,81
116,81
116,81
117,81
117,81
117,81
117,81
117,81
117,81
117,81
117,81
117,81
117,81
118,81
118,81
118,81
118,81
118,81
118,81
118,81
118,81
118,81
119,81
119,81
119,81
119,81
119,81
119,81
119,81
119,81
119,81
119,81
120,81
120,81
120,81
120,81
120,81
120,81
120,81
120,81
120,81
120,81
121,81
121,81
121,81
121,81
121,81
121,81
121,81
121,81
121,81
121,81
121,81
122,81
122,81
122,81
122,81
122,81
122,81
122,81
122,81
122,81
122,81
123,81
123,81
123,81
123,81
123,81
123,81
123,81
123,81
123,81
123,81
124,81
124,81
124,81
124,81
124,81
124,81
124,81
124,81
124,81
124,81
125,81
125,81
125,81
125,81
125,81
125,81
125,81
125,81
125,81
126,81
126,81
126,81
126,81
126,81
126,81
126,81
126,81
126,81
126,81
127,81
127,81
127,81
127,81
127,81
127,81
127,81
127,81
127,81
127,80
128,81
128,81
128,81
128,81
128,81
128,81
128,81
128,81
128,81
128,81
129,81
129,81
129,81
129,81
129,81
129,81
129,82
129,81
129,81
129,81
130,81
130,81
130,81
130,81
130,81
130,81
130,81
130,81
130,81
130,81
131,81
131,81
131,81
131,81
131,81
131,81
131,81
131,81
131,81
131,81
131,81
132,81
132,81
132,81
132,81
132,81
132,81
132,81
132,81
132,81
132,81
133,81
133,81
133,81
133,81
133,81
133,81
133,81
133,81
133,81
133,81
134,81
134,81
134,81
134,81
134,81
134,81
134,81
134,81
134,81
135,81
135,81
135,81
135,81
135,81
135,81
135,81
135,81
135,81
135,81
136,81
136,81
136,81
136,81
136,81
136,81
136,81
136,82
136,82
136,81
137,81
137,81
137,81
137,81
137,81
137,81
137,81
137,81
137,81
137,81
138,81
138,81
138,81
138,81
138,80
138,80
138,81
138,81
138,81
138,81
139,81
139,81
139,81
139,81
139,80
139,81
139,81
139,81
139,81
139,81
139,81
140,81
140,81
140,81
140,81
140,81
140,81
140,81
140,81
140,81
141,81
141,81
141,81
141,81
141,81
141,81
141,81
141,81
141,81
141,81
142,81
142,81
142,81
142,81
142,81
142,81
142,81
142,81
142,81
142,81
143,81
143,81
143,81
143,81
143,81
143,81
143,81
143,81
143,81
143,81
144,81
144,81
144,81
144,81
144,81
144,81
144,81
144,81
144,81
144,81
145,81
145,81
145,81
145,81
145,81
145,81
145,81
145,81
145,81
145,81
146,81
146,81
146,81
146,81
146,81
146,81
146,81
146,81
146,81
146,81
147,81
147,81
147,81
147,81
147,81
147,81
147,81
147,81
147,81
147,81
147,81
148,81
148,81
148,81
148,81
148,81
148,81
148,81
148,81
148,81
148,81
149,81
149,81
149,81
149,81
149,81
149,81
149,81
149,81
149,81
149,81
150,81
150,81
150,81
150,81
150,80
150,80
150,80
150,81
150,81
150,81
151,81
151,81
151,81
151,81
151,81
151,81
151,81
151,81
151,81
152,81
152,81
152,82
152,81
152,81
152,81
152,81
152,81
152,81
152,81
153,81
153,81
153,81
153,81
153,81
153,81
153,81
153,81
153,81
153,81
154,81
154,81
154,81
154,81
154,81
154,81
154,81
154,81
154,81
154,81
154,81
155,81
155,81
155,81
155,81
155,81
155,80
155,80
155,81
155,81
155,81
156,81
156,81
156,81
156,81
156,81
156,81
156,81
156,81
156,81
157,81
157,81
157,81
157,81
157,81
157,81
157,81
157,81
157,81
157,81
158,81
158,81
158,81
158,81
158,81
158,81
158,81
158,81
158,81
158,81
159,81
159,81
159,81
159,81
159,81
159,81
159,81
159,81
159,81
159,81
160,81
160,81
160,81
160,81
160,81
160,81
160,81
160,81
160,81
160,81
161,81
161,81
161,81
161,81
161,81
161,81
161,81
161,81
161,81
161,81
162,81
162,81
162,81
162,81
162,81
162,81
162,81
162,81
162,81
162,81
163,81
163,81
163,81
163,81
163,81
163,81
163,81
163,81
163,81
163,82
163,82
164,81
164,81
164,81
164,81
164,81
164,81
164,81
164,81
164,81
165,81
165,81
165,81
165,81
165,81
165,81
165,81
165,81
165,81
165,81
166,81
166,81
166,81
166,81
166,81
166,81
166,81
166,81
166,81
166,81
167,81
167,81
167,81
167,81
167,81
167,81
167,81
167,81
167,81
167,81
168,81
168,81
168,81
168,81
168,81
168,81
168,81
168,81
168,81
168,81
169,81
169,81
169,81
169,81
169,81
169,81
169,81
169,81
169,81
169,81
169,81
170,81
170,81
170,81
170,81
170,81
170,81
170,81
170,81
170,81
170,81
171,81
171,81
171,81
171,81
171,80
171,81
171,81
171,81
171,81
172,81
172,81
172,81
172,81
172,81
172,81
172,81
172,81
172,81
172,81
173,81
173,81
173,81
173,81
173,81
173,81
173,81
173,81
173,81
173,81
174,81
174,81
174,81
174,81
174,81
174,81
174,80
174,81
174,81
174,81
175,81
175,81
175,81
175,81
175,81
175,81
175,81
175,81
175,81
175,81
176,81
176,81
176,81
176,81
176,81
176,81
176,81
176,81
176,81
176,81
177,81
177,81
177,81
177,81
177,81
177,81
177,81
177,81
177,81
177,81
177,81
178,81
178,81
178,81
178,81
178,81
178,81
178,81
178,81
178,81
178,81
179,81
179,81
179,81
179,81
179,81
179,81
179,81
179,81
179,81
180,81
180,81
180,81
180,81
180,81
180,81
180,81
180,81
180,81
180,81
181,81
181,81
181,81
181,81
181,81
181,81
181,81
181,81
181,81
181,81
182,81
182,81
182,81
182,81
182,81
182,81
182,81
182,81
182,81
182,81
183,81
183,81
183,81
183,81
183,81
183,81
183,81
183,81
183,81
183,81
184,81
184,81
184,81
184,81
184,81
184,81
184,81
184,81
184,82
184,82
185,81
185,81
185,81
185,81
185,81
185,81
185,81
185,81
185,81
185,81
185,81
186,81
186,81
186,81
186,81
186,81
186,81
186,81
186,81
186,81
186,81
187,81
187,81
187,81
187,81
187,81
187,81
187,81
187,81
187,81
188,80
188,80
188,81
188,81
188,81
188,81
188,81
188,81
188,81
188,81
189,81
189,81
189,81
189,81
189,81
189,81
189,81
189,81
189,81
189,81
190,81
190,81
190,81
190,81
190,81
190,81
190,81
190,81
190,81
190,81
191,81
191,81
191,81
191,81
191,81
191,81
191,81
191,81
191,81
191,81
192,81
192,81
192,81
192,81
192,81
192,81
192,81
192,81
192,81
192,81
193,81
193,81
193,81
193,81
193,81
193,81
193,81
193,81
193,81
194,81
194,81
194,81
194,81
194,81
194,81
194,81
194,81
194,81
194,81
195,81
195,81
195,81
195,81
195,81
195,81
195,81
195,81
195,81
195,81
195,81
196,81
196,81
196,81
196,81
196,81
196,81
196,81
196,81
196,81
196,81
197,81
197,81
197,81
197,81
197,81
197,81
197,81
197,81
197,81
197,81
198,81
198,81
198,81
198,81
198,81
198,81
198,81
198,81
198,81
198,81
199,81
199,81
199,81
199,81
199,81
199,81
199,81
199,81
199,81
199,81
200,81
200,81
200,81
200,81
200,81
200,81
200,81
200,81
200,81
200,81
201,81
201,81
201,81
201,81
201,81
201,81
201,81
201,81
201,81
202,81
202,81
202,81
202,81
202,81
202,81
202,81
202,81
202,81
202,81
203,81
203,81
203,81
203,81
203,81
203,81
203,81
203,81
203,81
203,81
204,81
204,81
204,81
204,81
204,81
204,81
204,81
204,81
204,81
204,81
204,81
205,81
205,81
205,81
205,81
205,81
205,81
205,81
205,81
205,81
205,81
206,81
206,81
206,81
206,81
206,81
206,81
206,81
206,81
206,81
206,81
207,81
207,81
207,81
207,81
207,81
207,81
207,81
207,80
207,80
207,81
208,81
208,81
208,81
208,81
208,81
208,81
208,81
208,81
208,81
208,81
209,81
209,81
209,81
209,81
209,81
209,81
209,81
209,81
209,81
209,81
210,82
210,81
210,81
210,81
210,81
210,81
210,81
210,81
210,81
211,81
211,81
211,81
211,81
211,81
211,81
211,81
211,81
211,81
211,81
212,81
212,81
212,81
212,81
212,81
212,81
212,81
212,81
212,81
212,81
213,81
213,81
213,81
213,81
213,81
213,81
213,81
213,81
213,81
213,81
213,81
214,81
214,81
214,81
214,81
214,81
214,81
214,81
214,81
214,81
214,81
215,81
215,81
215,81
215,81
215,81
215,81
215,81
215,81
215,81
215,81
216,81
216,81
216,81
216,81
216,81
216,81
216,81
216,81
216,81
216,81
217,81
217,81
217,81
217,81
217,81
217,81
217,81
217,81
217,81
217,81
218,81
218,81
218,81
218,81
218,81
218,81
218,81
218,81
218,81
218,81
219,81
219,81
219,81
219,81
219,81
219,81
219,81
219,81
219,81
219,81
220,81
220,81
220,81
220,81
220,81
220,81
220,81
220,81
220,80
221,81
221,81
221,81
221,80
221,80
221,81
221,81
221,81
221,81
221,81
222,81
222,81
222,81
222,81
222,81
222,81
222,81
222,81
222,81
222,81
223,80
223,80
223,81
223,81
223,81
223,81
223,81
223,81
223,81
223,81
223,81
224,81
224,81
224,81
224,81
224,81
224,81
224,81
224,81
224,81
224,81
225,81
225,81
225,81
225,81
225,81
225,81
225,81
225,81
225,81
225,81
226,81
226,81
226,81
226,81
226,81
226,81
226,81
226,81
226,81
226,81
227,81
227,81
227,81
227,81
227,81
227,81
227,81
227,81
227,81
228,81
228,81
228,81
228,81
228,81
228,81
228,81
228,81
228,81
228,81
229,81
229,81
229,81
229,81
229,81
229,81
229,81
229,81
229,81
229,81
230,81
230,81
230,81
230,81
230,82
230,82
230,81
230,81
230,81
230,81
230,81
231,81
231,81
231,81
231,81
231,81
231,81
231,81
231,81
231,81
231,80
232,82
232,81
232,81
232,81
232,81
232,81
232,81
232,81
232,81
232,81
233,81
233,81
233,81
233,81
233,81
233,81
233,81
233,81
233,81
233,81
234,81
234,81
234,81
234,81
234,81
234,81
234,81
234,81
234,81
235,81
235,81
235,81
235,81
235,81
235,81
235,81
235,81
235,81
235,81
236,81
236,81
236,81
236,81
236,81
236,81
236,81
236,81
236,81
236,81
237,80
237,80
237,81
237,81
237,81
237,81
237,82
237,81
237,81
237,81
238,81
238,80
238,80
238,81
238,81
238,81
238,81
238,81
238,81
238,81
238,81
239,81
239,81
239,81
239,81
239,81
239,81
239,81
239,81
239,81
239,81
240,81
240,80
240,80
240,81
240,80
240,80
240,81
240,81
240,81
240,81
241,81
241,81
241,81
241,81
241,81
241,81
241,81
241,81
241,81
241,81
242,81
242,81
242,81
242,81
242,81
242,81
242,81
242,81
242,80
243,81
243,81
243,81
243,81
243,81
243,81
243,81
243,81
243,81
243,82
244,81
244,81
244,81
244,81
244,81
244,82
244,81
244,81
244,81
244,81
245,81
245,81
245,81
245,81
245,81
245,81
245,81
245,81
245,81
245,81
246,81
246,81
246,81
246,81
246,81
246,81
246,81
246,81
246,81
246,81
247,81
247,81
247,81
247,81
247,81
247,81
247,81
247,81
247,81
247,81
247,81
248,81
248,81
248,81
248,81
248,81
248,81
248,81
248,81
248,81
248,81
249,81
249,81
249,81
249,81
249,81
249,81
249,81
249,81
249,81
249,81
250,81
250,81
250,81
250,81
250,81
250,81
250,81
250,81
250,81
251,81
251,81
251,81
251,81
251,81
251,81
251,81
251,81
251,81
251,81
252,81
252,81
252,81
252,81
252,80
252,81
252,81
252,81
252,81
252,81
252,81
253,81
253,80
253,80
253,81
253,81
253,81
253,81
253,81
253,81
253,81
254,80
254,81
254,81
254,81
254,81
254,81
254,81
254,81
254,81
254,81
255,81
255,81
255,80
255,80
255,81
255,81
255,81
255,81
255,81
256,81
256,81
256,81
256,81
256,81
256,81
256,81
256,81
256,81
256,81
257,81
257,81
257,81
257,81
257,81
257,81
257,81
257,81
257,81
257,81
258,81
258,81
258,81
258,81
258,81
258,81
258,81
258,81
258,81
258,81
259,81
259,81
259,81
259,81
259,81
259,81
259,81
259,81
259,81
259,81
260,81
260,81
260,81
260,81
260,81
260,81
260,81
260,81
260,81
260,81
260,81
261,81
261,81
261,81
261,81
261,81
261,81
261,81
261,81
261,81
262,81
262,81
262,81
262,81
262,81
262,81
262,81
262,81
262,81
262,81
263,81
263,81
263,81
263,81
263,81
263,81
263,81
263,81
263,81
263,81
264,81
264,81
264,81
264,81
264,81
264,81
264,81
264,81
264,81
264,81
265,81
265,81
265,81
265,81
265,81
265,81
265,81
265,81
265,81
266,81
266,81
266,81
266,81
266,81
266,81
266,81
266,81
266,81
266,81
266,81
267,80
267,80
267,81
267,81
267,81
267,81
267,81
267,81
267,81
267,81
268,81
268,81
268,81
268,81
268,81
268,81
268,80
268,81
268,81
268,81
269,81
269,81
269,81
269,81
269,81
269,81
269,81
269,81
269,81
269,81
270,81
270,81
270,81
270,81
270,81
270,81
270,81
270,81
270,81
271,81
271,81
271,81
271,81
271,81
271,81
271,81
271,81
271,81
271,81
272,81
272,81
272,81
272,81
272,81
272,81
272,81
272,81
272,81
272,81
273,81
273,81
273,81
273,81
273,81
273,81
273,81
273,81
273,81
273,81
273,81
274,81
274,81
274,81
274,81
274,81
274,81
274,81
274,81
274,81
274,81
275,81
275,81
275,80
275,81
275,81
275,81
275,81
275,81
275,81
275,81
276,81
276,81
276,81
276,81
276,81
276,81
276,81
276,81
276,81
276,81
277,81
277,81
277,81
277,81
277,81
277,81
277,81
277,81
277,81
278,81
278,81
278,81
278,81
278,81
278,81
278,81
278,81
278,81
278,81
279,81
279,81
279,80
279,81
279,81
279,81
279,81
279,81
279,81
279,81
280,81
280,81
280,81
280,81
280,81
280,81
280,81
280,81
280,81
280,81
280,81
281,81
281,81
281,81
281,81
281,81
281,81
281,81
281,81
281,81
281,81
282,81
282,81
282,81
282,81
282,80
282,80
282,81
282,81
282,81
282,81
283,81
283,81
283,81
283,81
283,81
283,81
283,81
283,81
283,81
283,81
284,81
284,81
284,81
284,81
284,81
284,81
284,81
284,81
284,81
284,81
285,81
285,81
285,81
285,81
285,81
285,81
285,81
285,81
285,81
286,81
286,81
286,81
286,81
286,81
286,81
286,81
286,81
286,81
286,81
287,81
287,81
287,81
287,81
287,81
287,81
287,81
287,81
287,81
287,81
288,81
288,81
288,81
288,81
288,81
288,81
288,81
288,81
288,81
288,81
289,81
289,81
289,81
289,81
289,81
289,81
289,81
289,81
289,81
289,81
289,81
290,81
290,81
290,81
290,81
290,81
290,81
290,81
290,81
290,81
290,81
291,81
291,81
291,81
291,81
291,81
291,81
291,81
291,81
291,81
291,81
292,81
292,81
292,81
292,81
292,81
292,81
292,81
292,81
292,81
293,81
293,81
293,81
293,81
293,81
293,81
293,81
293,81
293,81
293,81
294,81
294,81
294,81
294,81
294,81
294,81
294,81
294,81
294,81
294,81
295,81
295,81
295,81
295,81
295,81
295,81
295,81
295,81
295,81
295,81
296,81
296,81
296,81
296,81
296,81
296,81
296,81
296,81
296,81
296,81
297,81
297,81
297,81
297,81
297,81
297,81
297,81
297,81
297,81
297,81
298,81
298,81
298,81
298,81
298,81
298,81
298,81
298,81
298,81
298,81
299,81
299,81
299,81
299,81
299,81
299,81
299,81
299,81
299,81
299,81
299,81
300,81
300,81
300,81
300,81
300,81
300,81
300,81
300,81
300,81
300,81
301,81
301,81
301,81
301,81
301,81
301,81
301,81
301,81
301,81
301,81
302,81
302,81
302,81
302,81
302,81
302,81
302,81
302,81
302,81
303,81
303,81
303,81
303,81
303,81
303,81
303,81
303,81
303,81
303,81
304,81
304,81
304,81
304,81
304,81
304,81
304,81
304,81
304,81
304,81
305,81
305,81
305,81
305,81
305,81
305,81
305,81
305,81
305,81
305,81
306,81
306,81
306,81
306,81
306,81
306,81
306,81
306,81
306,81
306,81
307,81
307,81
307,81
307,81
307,81
307,81
307,81
307,81
307,81
307,81
308,81
308,81
308,81
308,81
308,81
308,82
308,82
308,81
308,81
308,81
308,81
309,81
309,81
309,81
309,81
309,81
309,81
309,81
309,81
309,81
309,81
310,81
310,81
310,81
310,81
310,81
310,81
310,81
310,81
310,81
310,81
311,81
311,81
311,81
311,81
311,81
311,81
311,81
311,81
311,81
312,81
312,81
312,81
312,81
312,81
312,81
312,81
312,81
312,81
312,81
313,81
313,81
313,81
313,81
313,81
313,81
313,81
313,81
313,81
313,81
314,81
314,81
314,81
314,81
314,81
314,81
314,81
314,81
314,81
314,81
315,81
315,81
315,81
315,81
315,81
315,81
315,80
315,81
315,81
315,81
316,81
316,81
316,81
316,81
316,81
316,81
316,81
316,81
316,81
316,81
317,81
317,81
317,81
317,81
317,80
317,81
317,81
317,81
317,81
317,81
317,81
318,81
318,81
318,81
318,81
318,81
318,81
318,81
318,81
318,81
318,81
319,81
319,81
319,81
319,81
319,81
319,81
319,81
319,81
319,81
319,81
320,81
320,81
320,81
320,81
320,81
320,81
320,81
320,81
320,80
321,80
321,80
321,81
321,81
321,81
321,81
321,81
321,81
321,81
321,81
322,81
322,81
322,81
322,81
322,81
322,81
322,81
322,81
322,81
322,81
323,81
323,81
323,81
323,81
323,81
323,81
323,81
323,81
323,81
323,81
324,81
324,81
324,81
324,81
324,81
324,81
324,81
324,81
324,81
324,81
325,81
325,81
325,81
325,81
325,81
325,80
325,80
325,81
325,81
325,81
326,81
326,81
326,81
326,81
326,81
326,81
326,81
326,81
326,81
326,81
326,81
327,81
327,81
327,81
327,81
327,81
327,81
327,81
327,81
327,81
328,81
328,81
328,80
328,81
328,81
328,81
328,81
328,81
328,81
328,81
329,81
329,81
329,81
329,81
329,81
329,81
329,81
329,81
329,81
329,81
330,80
330,81
330,81
330,81
330,81
330,81
330,81
330,80
330,81
330,81
331,81
331,81
331,81
331,81
331,81
331,81
331,81
331,81
331,80
331,81
331,81
332,81
332,81
332,81
332,81
332,81
332,81
332,81
332,81
332,81
332,81
333,81
333,81
333,81
333,81
333,80
333,81
333,81
333,81
333,81
334,81
334,81
334,81
334,81
334,81
334,81
334,81
334,81
334,81
334,81
335,81
335,81
335,81
335,81
335,81
335,81
335,81
335,80
335,81
335,81
336,81
336,81
336,81
336,81
336,81
336,81
336,81
336,81
336,81
336,81
337,81
337,81
337,81
337,81
337,81
337,81
337,81
337,81
337,81
337,81
337,81
338,81
338,81
338,81
338,81
338,81
338,81
338,81
338,81
338,81
338,81
339,81
339,81
339,80
339,80
339,81
339,80
339,80
339,80
339,81
340,81
340,81
340,81
340,81
340,81
340,81
340,81
340,80
340,80
340,81
341,81
341,81
341,81
341,81
341,81
341,81
341,81
341,81
341,81
341,81
342,81
342,81
342,81
342,81
342,80
342,80
342,81
342,81
342,81
342,81
343,81
343,80
343,80
343,81
343,81
343,81
343,81
343,81
343,81
344,81
344,81
344,81
344,81
344,81
344,81
344,80
344,81
344,81
344,81
344,81
344,81
345,81
345,80
345,81
345,81
345,81
345,80
345,80
345,81
345,81
346,81
346,81
346,81
346,81
346,81
346,81
346,81
346,81
346,81
346,81
347,80
347,80
347,81
347,80
347,81
347,81
347,81
347,80
347,80
347,81
348,81
348,81
348,81
348,81
348,81
348,81
348,81
348,81
348,81
348,81
349,81
349,81
349,81
349,81
349,81
349,81
349,81
349,81
349,81
349,81
350,81
350,81
350,81
350,81
350,81
350,81
350,81
350,81
350,81
350,81
351,81
351,81
351,81
351,81
351,81
351,81
351,81
351,81
351,81
351,80
351,80
352,80
352,81
352,81
352,81
352,81
352,81
352,81
352,81
352,81
352,81
353,81
353,81
353,81
353,81
353,80
353,81
353,81
353,81
353,81
354,81
354,81
354,81
354,81
354,81
354,81
354,81
354,81
354,81
354,81
355,81
355,80
355,80
355,81
355,81
355,81
355,81
355,81
355,81
355,81
356,80
356,81
356,81
356,81
356,81
356,81
356,81
356,80
356,81
356,81
357,81
357,81
357,81
357,81
357,81
357,81
357,81
357,81
357,81
358,81
358,81
358,81
358,80
358,80
358,81
358,81
358,81
358,81
358,81
358,81
358,81
359,81
359,81
359,81
359,81
359,81
359,81
359,81
359,81
359,81
359,81
360,81
360,81
360,80
360,80
360,81
360,81
360,81
360,81
360,80
361,81
361,81
361,81
361,80
361,81
361,81
361,81
361,80
361,80
361,81
362,81
362,81
362,81
362,81
362,81
362,81
362,81
362,80
362,80
362,80
363,79
363,78
363,78
363,78
363,78
363,78
363,77
363,77
363,77
363,77
364,76
364,77
364,77
364,76
364,76
364,76
364,76
364,76
364,76
364,76
365,77
365,77
365,77
365,77
365,78
365,78
365,78
365,78
365,79
366,79
366,79
366,78
366,77
366,77
366,76
366,75
366,73
366,73
366,71
366,69
367,67
367,67
367,63
367,59
367,56
367,56
367,54
367,51
367,48
367,48
368,47
368,45
368,45
368,43
368,41
368,39
368,39
368,38
368,37
368,37
369,36
369,35
369,34
369,32
369,32
369,31
369,29
369,29
369,28
369,27
369,27
370,24
370,22
370,20
370,20
370,19
370,17
370,17
370,15
370,14
371,13
371,13
371,11
371,11
371,11
371,9
371,9
371,7
371,7
371,6
372,5
372,5
372,3
372,3
372,2
372,2
372,1
372,0
372,0
372,-1
373,0
373,1
373,1
373,1
373,2
373,2
373,3
373,3
373,4
373,4
374,4
374,4
374,4
374,3
374,4
374,3
374,3
374,3
374,3
374,3
375,0
375,-1
375,-2
375,-2
375,-2
375,-2
375,-2
375,-2
375,-2
376,-2
376,-2
376,-2
376,-2
376,-2
376,-2
376,-2
376,-2
376,-2
376,-2
377,-2
377,-2
377,-2
377,-2
377,-1
377,-1
377,0
377,0
377,0
377,1
377,1
378,1
378,1
378,0
378,0
378,0
378,0
378,0
378,1
378,1
378,2
379,3
379,3
379,3
379,3
379,3
379,3
379,3
379,2
379,2
379,3
380,3
380,3
380,3
380,2
380,1
380,1
380,0
380,0
380,0
380,0
381,0
381,1
381,1
381,1
381,1
381,1
381,1
381,0
381,0
381,0
382,0
382,0
382,0
382,0
382,0
382,0
382,0
382,0
382,0
383,1
383,1
383,1
383,1
383,1
383,0
383,1
383,1
383,1
383,1
384,1
384,1
384,1
384,1
384,1
384,1
384,0
384,0
384,0
384,0
384,1
385,0
385,0
385,0
385,0
385,0
385,0
385,0
385,0
385,0
385,0
386,1
386,1
386,0
386,1
386,1
386,1
386,0
386,0
386,0
386,0
387,0
387,0
387,0
387,0
387,0
387,0
387,0
387,0
387,0
387,1
388,1
388,-1
388,-1
388,0
388,0
388,0
388,0
388,0
388,0
388,0
389,-1
389,-1
389,-1
389,0
389,0
389,0
389,0
389,1
389,1
389,1
390,2
390,3
390,4
390,4
390,4
390,4
390,4
390,4
390,3
391,2
391,2
391,1
391,0
391,0
391,0
391,0
391,0
391,0
391,0
392,1
392,1
392,3
392,3
392,3
392,3
392,3
392,3
392,3
392,4
393,5
393,5
393,5
393,5
393,5
393,5
393,5
393,6
393,6
393,6
393,7
394,7
394,7
394,7
394,8
394,9
394,9
394,8
394,8
394,8
394,8
395,8
395,8
395,8
395,8
395,8
395,8
395,8
395,8
395,8
395,8
396,8
396,8
396,8
396,8
396,8
396,8
396,8
396,7
396,7
396,7
397,7
397,6
397,6
397,6
397,5
397,5
397,4
397,4
397,4
398,3
398,3
398,3
398,2
398,1
398,1
398,1
398,0
398,0
398,0
399,0
399,0
399,0
399,0
399,1
399,1
399,1
399,1
399,1
399,1
399,1
400,0
400,0
400,0
400,-1
400,-2
400,-2
400,-2
400,-2
400,-2
400,-2
401,-2
401,-2
401,-2
401,-1
401,-1
401,-1
401,-1
401,-1
401,-1
401,-1
402,-1
402,-1
402,-1
402,0
402,-1
402,-1
402,0
402,0
402,-1
402,-1
403,-2
403,-2
403,-2
403,-2
403,-2
403,-2
403,-2
403,-2
403,-2
404,-2
404,-2
404,-2
404,-2
404,-2
404,-2
404,-2
404,-2
404,-2
404,-2
405,-1
405,-1
405,-2
405,-2
405,-2
405,-1
405,-1
405,-1
405,-1
405,-1
406,-1
406,-1
406,-1
406,-1
406,0
406,0
406,0
406,0
406,0
406,1
407,1
407,1
407,1
407,0
407,-1
407,-1
407,-1
407,-1
407,-1
407,-1
408,-1
408,-1
408,-1
408,0
408,0
408,0
408,0
408,0
408,1
408,1
408,1
409,1
409,2
409,2
409,2
409,1
409,1
409,2
409,1
409,1
409,1
410,1
410,1
410,1
410,1
410,1
410,1
410,1
410,2
410,2
410,2
411,1
411,1
411,1
411,1
411,2
411,2
411,2
411,1
411,1
411,1
412,1
412,1
412,1
412,1
412,1
412,1
412,1
412,1
412,1
413,0
413,0
413,0
413,0
413,0
413,0
413,0
413,0
413,0
413,0
414,1
414,1
414,2
414,2
414,2
414,2
414,2
414,2
414,2
414,3
415,3
415,3
415,3
415,3
415,3
415,3
415,4
415,4
415,5
415,5
416,5
416,5
416,5
416,5
416,5
416,5
416,5
416,6
416,6
416,6
416,6
417,6
417,6
417,6
417,6
417,6
417,6
417,7
417,7
417,7
417,7
418,7
418,7
418,7
418,6
418,7
418,7
418,7
418,7
418,7
418,6
419,7
419,7
419,7
419,7
419,7
419,7
419,7
419,6
419,6
420,5
420,5
420,6
420,6
420,6
420,6
420,6
420,5
420,5
420,5
421,5
421,5
421,5
421,5
421,5
421,5
421,5
421,5
421,5
421,5
422,5
422,5
422,5
422,5
422,5
422,5
422,5
422,5
422,5
422,5
422,6
423,5
423,5
423,5
423,6
423,6
423,6
423,5
423,6
423,6
423,6
424,6
424,6
424,6
424,6
424,6
424,7
424,7
424,7
424,7
424,7
425,7
425,7
425,8
425,8
425,8
425,9
425,9
425,9
425,8
426,9
426,9
426,10
426,9
426,9
426,10
426,10
426,10
426,10
426,11
427,11
427,11
427,11
427,11
427,12
427,12
427,12
427,12
427,12
427,12
428,13
428,14
428,14
428,13
428,14
428,14
428,14
428,14
428,15
428,15
428,15
429,15
429,15
429,16
429,16
429,16
429,16
429,17
429,17
429,17
429,18
430,18
430,19
430,19
430,19
430,20
430,20
430,20
430,20
430,21
430,21
431,21
431,22
431,22
431,22
431,22
431,23
431,23
431,24
431,24
432,24
432,24
432,25
432,26
432,26
432,26
432,27
432,27
432,27
432,28
433,28
433,28
433,29
433,29
433,30
433,30
433,30
433,32
433,32
433,32
434,32
434,33
434,33
434,33
434,34
434,34
434,35
434,36
434,37
434,37
435,37
435,38
435,38
435,38
435,39
435,40
435,40
435,41
435,41
435,41
435,42
436,43
436,44
436,44
436,45
436,45
436,45
436,46
436,47
436,48
436,48
437,49
437,50
437,50
437,50
437,51
437,52
437,52
437,54
437,55
437,55
438,55
438,56
438,57
438,57
438,58
438,60
438,60
438,61
438,61
439,63
439,63
439,64
439,65
439,65
439,65
439,67
439,68
439,68
439,69
440,70
440,70
440,71
440,72
440,73
440,73
440,74
440,75
440,75
440,77
441,78
441,79
441,79
441,80
441,80
441,80
441,79
441,79
441,78
441,78
442,78
442,78
442,78
442,78
442,78
442,78
442,78
442,77
442,78
442,78
443,77
443,77
443,78
443,78
443,78
443,78
443,78
443,79
443,79
443,79
443,79
444,79
444,79
444,79
444,80
444,81
444,80
444,80
444,80
444,79
444,79
445,80
445,80
445,80
445,80
445,79
445,79
445,79
445,79
445,80
445,80
446,80
446,80
446,80
446,80
446,80
446,81
446,81
446,80
446,81
447,80
447,80
447,81
447,81
447,81
447,80
447,80
447,81
447,81
447,80
448,80
448,80
448,80
448,80
448,80
448,81
448,81
448,80
448,80
448,80
449,80
449,80
449,80
449,80
449,80
449,80
449,80
449,80
449,80
449,80
450,80
450,80
450,80
450,80
450,80
450,80
450,80
450,80
450,80
450,80
451,80
451,81
451,80
451,80
451,80
451,80
451,80
451,81
451,80
451,80
451,80
452,80
452,80
452,80
452,80
452,80
452,80
452,80
452,80
452,80
452,80
453,80
453,80
453,80
453,80
453,80
453,80
453,80
453,80
453,80
454,80
454,80
454,80
454,80
454,80
454,80
454,80
454,80
454,80
454,80
455,80
455,80
455,80
455,80
455,80
455,80
455,80
455,80
455,80
455,81
456,80
456,80
456,80
456,80
456,80
456,80
456,80
456,80
456,80
456,80
457,80
457,80
457,81
457,81
457,80
457,80
457,80
457,80
457,80
458,81
458,81
458,80
458,80
458,80
458,81
458,80
458,80
458,80
458,80
458,80
458,80
459,81
459,80
459,80
459,80
459,80
459,80
459,80
459,80
459,80
460,81
460,81
460,81
460,80
460,80
460,80
460,80
460,80
460,80
460,80
461,80
461,80
461,80
461,80
461,81
461,81
461,80
461,80
461,80
461,81
462,80
462,80
462,80
462,80
462,80
462,80
462,80
462,80
462,80
462,80
463,80
463,81
463,81
463,80
463,81
463,81
463,80
463,81
463,80
463,80
464,80
464,80
464,80
464,80
464,80
464,80
464,80
464,80
464,80
464,80
465,80
465,80
465,80
465,80
465,80
465,80
465,80
465,80
465,80
466,80
466,80
466,80
466,80
466,80
466,81
466,80
466,80
466,80
466,80
466,80
466,80
467,80
467,80
467,81
467,81
467,80
467,80
467,80
467,80
467,80
468,80
468,80
468,80
468,80
468,80
468,80
468,80
468,80
468,80
468,80
469,80
469,80
469,80
469,81
469,80
469,80
469,80
469,80
469,80
469,80
470,80
470,80
470,80
470,80
470,80
470,80
470,80
470,80
470,80
470,80
471,80
471,80
471,80
471,80
471,80
471,80
471,80
471,80
471,80
472,80
472,80
472,80
472,80
472,80
472,80
472,80
472,80
472,80
472,80
472,80
473,81
473,81
473,80
473,80
473,80
473,80
473,80
473,80
473,80
473,81
474,81
474,81
474,80
474,80
474,80
474,80
474,80
474,80
474,80
474,80
475,80
475,80
475,80
475,80
475,80
475,80
475,80
475,80
475,81
475,81
476,80
476,80
476,80
476,80
476,80
476,80
476,80
476,81
476,80
476,80
477,80
477,80
477,80
477,80
477,80
477,80
477,80
477,80
477,80
477,80
478,80
478,80
478,80
478,80
478,81
478,80
478,80
478,80
478,80
479,80
479,80
479,80
479,80
479,80
479,81
479,80
479,80
479,80
479,80
480,80
480,80
480,81
480,80
480,80
480,80
480,80
480,80
480,80
480,80
480,80
481,80
481,80
481,80
481,80
481,80
481,80
481,80
481,80
481,80
481,80
482,80
482,80
482,80
482,80
482,80
482,80
482,81
482,80
482,80
482,80
483,80
483,80
483,80
483,80
483,81
483,81
483,80
483,80
483,80
483,80
484,80
484,80
484,80
484,80
484,81
484,81
484,80
484,80
484,80
484,81
485,80
485,80
485,80
485,80
485,80
485,80
485,81
485,80
485,80
485,80
486,80
486,80
486,80
486,80
486,80
486,80
486,80
486,80
486,80
486,80
487,80
487,81
487,80
487,80
487,80
487,80
487,80
487,80
487,80
488,80
488,80
488,80
488,80
488,80
488,80
488,80
488,80
488,80
488,80
489,81
489,81
489,81
489,80
489,80
489,80
489,80
489,80
489,80
489,80
489,80
490,80
490,80
490,80
490,80
490,80
490,81
490,80
490,80
490,80
490,80
491,80
491,80
491,81
491,80
491,80
491,80
491,80
491,80
491,80
491,80
492,80
492,80
492,80
492,80
492,80
492,80
492,80
492,80
492,80
492,80
493,80
493,80
493,80
493,80
493,80
493,80
493,80
493,80
493,80
493,80
494,80
494,80
494,80
494,80
494,80
494,80
494,80
494,80
494,80
494,80
495,80
495,80
495,80
495,80
495,80
495,80
495,80
495,80
495,80
496,80
496,80
496,80
496,80
496,80
496,80
496,80
496,80
496,80
496,80
497,80
497,80
497,81
497,80
497,81
497,81
497,80
497,80
497,80
497,80
498,81
498,80
498,80
498,80
498,80
498,80
498,80
498,80
498,81
498,81
498,80
499,80
499,80
499,80
499,80
499,81
499,81
499,80
499,80
499,80
499,80
500,80
500,80
500,80
500,80
500,81
500,81
500,80
500,80
500,80
500,80
501,80
501,80
501,80
501,80
501,80
501,81
501,81
501,80
501,80
501,80
502,81
502,80
502,80
502,80
502,80
502,80
502,80
502,80
502,80
503,80
503,80
503,80
503,80
503,80
503,80
503,80
503,81
503,81
503,80
504,80
504,81
504,81
504,80
504,80
504,80
504,81
504,80
504,80
504,80
505,80
505,80
505,80
505,80
505,80
505,80
505,80
505,80
505,80
505,80
505,80
506,80
506,80
506,80
506,80
506,80
506,80
506,80
506,80
506,80
506,80
507,80
507,80
507,80
507,80
507,81
507,80
507,80
507,80
507,80
508,80
508,80
508,80
