0,0
0,80
0,80
0,80
0,80
0,80
0,80
0,79
0,79
0,79
0,79
1,79
1,79
1,79
1,80
1,80
1,79
1,79
1,80
1,80
1,80
2,80
2,79
2,80
2,80
2,80
2,80
2,80
2,80
2,80
3,79
3,79
3,80
3,80
3,80
3,79
3,80
3,80
3,80
3,79
3,80
3,80
4,79
4,79
4,80
4,80
4,80
4,80
4,80
4,79
4,80
5,79
5,79
5,80
5,80
5,80
5,80
5,80
5,80
5,80
5,80
6,80
6,80
6,80
6,80
6,80
6,80
6,79
6,80
6,80
6,81
7,80
7,80
7,80
7,80
7,80
7,80
7,80
7,80
7,80
7,80
8,80
8,80
8,80
8,80
8,80
8,80
8,80
8,80
8,80
8,80
9,80
9,80
9,80
9,80
9,80
9,80
9,80
9,80
9,80
10,80
10,80
10,80
10,80
10,80
10,80
10,80
10,80
10,80
10,80
11,80
11,80
11,80
11,80
11,80
11,80
11,80
11,80
11,80
11,80
11,80
11,80
12,80
12,80
12,80
12,80
12,80
12,80
12,80
12,80
12,80
13,80
13,80
13,80
13,80
13,80
13,80
13,80
13,80
13,80
13,80
14,80
14,80
14,80
14,80
14,80
14,80
14,80
14,80
14,80
14,80
15,80
15,80
15,80
15,80
15,80
15,80
15,80
15,80
15,80
15,80
16,80
16,80
16,80
16,80
16,80
16,80
16,80
16,80
16,80
16,80
17,80
17,80
17,80
17,80
17,80
17,80
17,80
17,80
17,80
17,80
18,80
18,80
18,80
18,80
18,80
18,80
18,80
18,80
18,80
19,80
19,80
19,80
19,80
19,80
19,80
19,80
19,80
19,80
19,81
20,80
20,80
20,80
20,80
20,80
20,80
20,80
20,80
20,80
20,80
21,80
21,80
21,80
21,80
21,80
21,80
21,80
21,80
21,80
21,80
21,80
22,80
22,80
22,81
22,81
22,81
22,80
22,80
22,81
22,81
22,80
23,80
23,80
23,80
23,80
23,80
23,80
23,81
23,81
23,81
23,80
24,80
24,80
24,80
24,81
24,80
24,80
24,80
24,80
24,80
24,80
25,80
25,80
25,80
25,80
25,80
25,80
25,80
25,80
25,80
25,80
26,80
26,80
26,80
26,80
26,80
26,80
26,80
26,80
26,80
27,80
27,80
27,80
27,80
27,80
27,81
27,80
27,80
27,80
27,80
28,81
28,81
28,80
28,80
28,80
28,80
28,80
28,80
28,80
28,80
28,80
29,80
29,80
29,80
29,81
29,81
29,81
29,80
29,80
29,80
29,81
30,80
30,80
30,81
30,80
30,80
30,80
30,80
30,80
30,80
30,80
31,80
31,80
31,80
31,80
31,80
31,80
31,81
31,80
31,80
31,80
32,80
32,80
32,80
32,80
32,80
32,80
32,81
32,81
32,80
32,80
33,80
33,80
33,80
33,80
33,80
33,81
33,81
33,81
33,81
33,81
34,81
34,81
34,80
34,80
34,80
34,80
34,80
34,81
34,80
35,80
35,80
35,81
35,80
35,80
35,81
35,80
35,80
35,80
35,80
36,81
36,81
36,80
36,80
36,80
36,80
36,80
36,80
36,80
36,80
37,80
37,80
37,80
37,80
37,80
37,80
37,80
37,80
37,80
37,80
38,80
38,80
38,80
38,80
38,80
38,80
38,80
38,80
38,81
38,81
38,80
39,80
39,80
39,80
39,80
39,80
39,80
39,80
39,80
39,80
39,81
40,81
40,80
40,80
40,80
40,81
40,81
40,80
40,81
40,80
40,80
41,80
41,80
41,80
41,80
41,81
41,80
41,80
41,80
41,81
41,81
42,80
42,80
42,80
42,80
42,80
42,80
42,80
42,80
42,81
43,80
43,80
43,80
43,81
43,81
43,80
43,80
43,81
43,81
43,81
44,80
44,80
44,80
44,80
44,80
44,81
44,81
44,81
44,81
44,80
45,81
45,81
45,80
45,80
45,81
45,81
45,80
45,81
45,80
45,80
45,80
46,80
46,80
46,80
46,80
46,80
46,80
46,80
46,80
46,80
46,80
47,80
47,80
47,80
47,80
47,81
47,80
47,80
47,80
47,80
47,80
48,81
48,81
48,81
48,81
48,81
48,80
48,80
48,81
48,80
49,80
49,80
49,81
49,81
49,81
49,81
49,80
49,80
49,80
49,81
50,81
50,81
50,80
50,81
50,80
50,80
50,80
50,80
50,80
50,81
51,81
51,80
51,80
51,81
51,81
51,81
51,81
51,81
51,81
51,81
52,81
52,80
52,80
52,81
52,80
52,81
52,81
52,80
52,81
52,81
52,81
53,80
53,80
53,80
53,80
53,80
53,80
53,81
53,80
53,80
53,80
54,80
54,81
54,81
54,80
54,80
54,80
54,80
54,81
54,80
54,80
55,81
55,81
55,81
55,81
55,81
55,81
55,81
55,81
55,81
56,81
56,81
56,81
56,81
56,81
56,81
56,81
56,81
56,81
56,81
57,81
57,81
57,81
57,81
57,81
57,81
57,81
57,81
57,81
57,81
58,81
58,81
58,81
58,80
58,81
58,81
58,81
58,81
58,81
58,81
59,81
59,80
59,80
59,81
59,81
59,81
59,80
59,80
59,81
59,81
60,80
60,80
60,80
60,81
60,81
60,80
60,80
60,81
60,81
60,81
60,81
61,80
61,81
61,81
61,80
61,81
61,81
61,81
61,81
61,80
61,80
62,81
62,80
62,80
62,81
62,81
62,80
62,80
62,81
62,81
62,81
63,81
63,81
63,81
63,81
63,81
63,81
63,81
63,81
63,80
64,81
64,81
64,81
64,81
64,81
64,81
64,81
64,81
64,81
64,81
65,81
65,81
65,81
65,81
65,80
65,80
65,81
65,81
65,81
65,80
66,81
66,80
66,80
66,81
66,81
66,81
66,81
66,81
66,81
66,81
67,81
67,81
67,81
67,81
67,81
67,81
67,81
67,81
67,81
67,81
68,81
68,81
68,81
68,81
68,80
68,81
68,81
68,81
68,80
68,80
68,80
69,80
69,80
69,80
69,80
69,81
69,81
69,81
69,81
69,81
69,81
70,81
70,81
70,81
70,81
70,81
70,81
70,81
70,81
70,81
70,81
71,80
71,81
71,80
71,80
71,80
71,80
71,81
71,81
71,81
72,81
72,81
72,81
72,81
72,81
72,81
72,81
72,81
72,81
72,80
73,81
73,80
73,80
73,81
73,81
73,81
73,81
73,81
73,81
73,81
74,81
74,80
74,80
74,81
74,81
74,80
74,80
74,81
74,81
74,81
75,80
75,81
75,81
75,81
75,80
75,81
75,81
75,81
75,81
75,80
75,80
76,81
76,81
76,81
76,80
76,81
76,81
76,81
76,81
76,81
76,81
77,80
77,81
77,81
77,81
77,81
77,81
77,81
77,81
77,81
78,81
78,81
78,81
78,81
78,81
78,81
78,80
78,81
78,81
78,81
79,81
79,81
79,81
79,81
79,80
79,80
79,81
79,81
79,81
79,80
80,81
80,81
80,81
80,81
80,81
80,81
80,81
80,81
80,81
80,81
81,81
81,81
81,81
81,81
81,81
81,81
81,81
81,81
81,81
81,81
82,81
82,80
82,80
82,81
82,81
82,81
82,81
82,81
82,81
82,81
83,80
83,81
83,81
83,81
83,81
83,81
83,81
83,81
83,80
84,81
84,81
84,81
84,80
84,80
84,81
84,81
84,81
84,81
84,81
84,81
84,81
85,81
85,81
85,81
85,81
85,81
85,81
85,81
85,81
85,81
86,80
86,80
86,81
86,81
86,81
86,81
86,81
86,81
86,81
86,81
87,81
87,81
87,81
87,80
87,81
87,81
87,81
87,81
87,81
87,81
88,81
88,80
88,80
88,81
88,81
88,81
88,81
88,80
88,81
88,81
89,81
89,81
89,81
89,81
89,80
89,81
89,81
89,80
89,81
89,81
90,81
90,81
90,80
90,80
90,81
90,81
90,81
90,81
90,81
91,81
91,81
91,81
91,81
91,81
91,81
91,81
91,81
91,81
91,81
92,80
92,80
92,81
92,81
92,81
92,81
92,81
92,81
92,81
92,81
92,81
93,81
93,81
93,81
93,81
93,81
93,81
93,81
93,80
93,80
93,81
94,81
94,81
94,81
94,81
94,81
94,81
94,81
94,81
94,81
94,81
95,81
95,81
95,81
95,81
95,81
95,81
95,81
95,81
95,82
95,82
96,81
96,81
96,81
96,81
96,81
96,81
96,81
96,81
96,81
96,81
97,80
97,80
97,81
97,81
97,81
97,81
97,81
97,81
97,81
97,81
97,81
98,81
98,81
98,80
98,80
98,81
98,81
98,81
98,81
98,81
99,81
99,81
99,81
99,81
99,81
99,81
99,81
99,81
99,81
99,81
100,81
100,81
100,81
100,81
100,81
100,81
100,81
100,81
100,81
100,81
101,81
101,80
101,80
101,81
101,80
101,80
101,81
101,80
101,81
101,81
102,80
102,81
102,81
102,81
102,81
102,81
102,81
102,81
102,81
102,81
103,81
103,81
103,81
103,81
103,81
103,81
103,81
103,81
103,81
104,81
104,81
104,81
104,81
104,81
104,81
104,81
104,81
104,81
104,81
105,81
105,81
105,81
105,81
105,81
105,81
105,80
105,81
105,81
105,81
105,81
106,81
106,81
106,81
106,81
106,81
106,81
106,81
106,81
106,81
106,81
107,81
107,81
107,80
107,81
107,81
107,81
107,81
107,81
107,81
107,81
108,81
108,81
108,81
108,81
108,81
108,81
108,81
108,81
108,81
109,81
109,81
109,81
109,80
109,80
109,80
109,81
109,81
109,81
109,81
110,81
110,81
110,81
110,81
110,81
110,81
110,81
110,81
110,81
110,81
110,81
111,81
111,81
111,81
111,80
111,80
111,81
111,81
111,81
111,81
111,81
112,80
112,80
112,81
112,80
112,81
112,81
112,80
112,81
112,81
112,81
113,81
113,81
113,81
113,80
113,81
113,81
113,81
113,81
113,81
113,81
114,81
114,81
114,81
114,81
114,81
114,81
114,81
114,81
114,81
114,81
115,81
115,81
115,81
115,81
115,81
115,81
115,81
115,81
115,81
116,81
116,81
116,81
116,81
116,81
116,81
116,81
116,81
116,81
116,81
117,81
117,81
117,81
117,81
117,81
117,81
117,81
117,81
117,81
117,81
118,81
118,81
118,81
118,81
118,81
118,81
118,81
118,81
118,81
118,81
118,81
119,81
119,81
119,81
119,81
119,81
119,81
119,81
119,81
119,81
119,81
120,81
120,81
120,81
120,81
120,81
120,81
120,81
120,81
120,80
120,80
121,80
121,81
121,81
121,80
121,81
121,81
121,81
121,81
121,81
121,81
122,81
122,81
122,81
122,81
122,81
122,81
122,81
122,81
122,81
123,80
123,80
123,81
123,81
123,81
123,81
123,81
123,81
123,81
123,81
124,81
124,81
124,81
124,81
124,81
124,81
124,81
124,81
124,81
124,81
124,81
125,81
125,81
125,81
125,81
125,81
125,81
125,81
125,81
125,81
125,81
126,81
126,81
126,81
126,80
126,81
126,81
126,81
126,81
126,80
126,80
127,81
127,81
127,81
127,81
127,80
127,81
127,81
127,81
127,81
128,81
128,81
128,81
128,81
128,81
128,81
128,81
128,80
128,80
128,81
129,80
129,80
129,81
129,81
129,81
129,81
129,81
129,81
129,81
129,81
130,81
130,81
130,81
130,81
130,81
130,81
130,81
130,81
130,81
130,81
131,81
131,81
131,81
131,81
131,81
131,81
131,81
131,81
131,81
131,81
131,81
132,81
132,81
132,81
132,81
132,81
132,81
132,81
132,81
132,81
132,81
133,81
133,81
133,81
133,81
133,81
133,81
133,81
133,81
133,81
133,81
134,80
134,81
134,81
134,81
134,81
134,80
134,80
134,80
134,81
134,81
135,81
135,81
135,81
135,81
135,81
135,81
135,81
135,81
135,81
136,81
136,81
136,81
136,80
136,80
136,81
136,81
136,81
136,80
136,80
137,81
137,81
137,81
137,81
137,81
137,81
137,80
137,81
137,81
137,81
138,81
138,81
138,81
138,80
138,81
138,81
138,81
138,81
138,81
138,81
139,81
139,81
139,81
139,81
139,81
139,81
139,81
139,81
139,81
139,81
140,81
140,81
140,81
140,81
140,80
140,81
140,81
140,81
140,81
140,81
140,81
141,80
141,81
141,81
141,81
141,81
141,81
141,81
141,81
141,81
141,81
142,81
142,81
142,81
142,80
142,81
142,81
142,80
142,81
142,81
142,81
143,80
143,81
143,81
143,81
143,81
143,81
143,81
143,81
143,81
143,81
144,81
144,81
144,81
144,81
144,81
144,81
144,81
144,81
144,81
145,80
145,80
145,82
145,81
145,81
145,81
145,80
145,81
145,81
145,81
146,81
146,81
146,81
146,81
146,81
146,81
146,80
146,81
146,81
146,81
147,81
147,81
147,81
147,81
147,81
147,81
147,81
147,81
147,81
147,81
148,81
148,81
148,81
148,81
148,81
148,81
148,81
148,81
148,81
148,81
149,81
149,81
149,81
149,81
149,81
149,81
149,81
149,81
149,81
149,81
150,81
150,81
150,81
150,81
150,81
150,81
150,81
150,81
150,81
150,81
150,81
151,81
151,81
151,81
151,81
151,81
151,81
151,81
151,81
151,81
152,81
152,81
152,81
152,81
152,81
152,81
152,80
152,81
152,81
152,81
153,81
153,81
153,81
153,81
153,81
153,81
153,81
153,80
153,80
153,81
154,81
154,81
154,81
154,81
154,81
154,81
154,81
154,81
154,82
154,82
155,81
155,81
155,81
155,81
155,81
155,81
155,81
155,81
155,80
155,80
156,81
156,81
156,81
156,81
156,81
156,80
156,80
156,81
156,81
157,81
157,81
157,81
157,81
157,81
157,81
157,81
157,81
157,81
157,81
157,81
157,81
158,81
158,81
158,80
158,80
158,81
158,81
158,81
158,81
158,81
159,80
159,80
159,81
159,81
159,81
159,81
159,81
159,81
159,81
159,81
160,81
160,81
160,81
160,81
160,81
160,81
160,81
160,81
160,81
160,81
161,81
161,80
161,80
161,81
161,81
161,81
161,81
161,81
161,81
161,81
162,81
162,81
162,81
162,81
162,81
162,81
162,81
162,81
162,81
163,81
163,81
163,81
163,81
163,81
163,81
163,82
163,81
163,81
163,81
164,80
164,80
164,81
164,81
164,80
164,80
164,81
164,81
164,81
164,81
164,80
165,81
165,81
165,81
165,81
165,81
165,81
165,81
165,81
165,81
165,81
166,81
166,81
166,81
166,81
166,81
166,81
166,81
166,81
166,81
166,81
167,81
167,81
167,81
167,81
167,81
167,81
167,81
167,81
167,81
167,81
168,81
168,81
168,81
168,81
168,81
168,81
168,81
168,81
168,81
168,81
169,82
169,81
169,81
169,81
169,81
169,81
169,81
169,81
169,81
170,81
170,81
170,81
170,81
170,81
170,81
170,80
170,81
170,81
170,81
171,81
171,81
171,81
171,81
171,81
171,81
171,81
171,81
171,81
171,80
172,81
172,81
172,81
172,80
172,81
172,81
172,81
172,81
172,81
172,81
172,81
173,81
173,81
173,81
173,81
173,81
173,81
173,81
173,80
173,80
173,80
174,81
174,81
174,81
174,81
174,81
174,81
174,81
174,81
174,81
174,81
175,81
175,81
175,81
175,81
175,81
175,81
175,81
175,81
175,81
176,81
176,81
176,81
176,81
176,81
176,81
176,81
176,81
176,81
176,81
177,81
177,81
177,81
177,81
177,81
177,81
177,81
177,81
177,81
177,81
178,81
178,81
178,81
178,81
178,81
178,81
178,81
178,81
178,81
178,81
179,81
179,81
179,81
179,81
179,81
179,81
179,81
179,81
179,81
179,81
179,80
180,81
180,81
180,81
180,81
180,81
180,81
180,81
180,81
180,81
180,81
181,81
181,81
181,81
181,80
181,81
181,81
181,81
181,81
181,81
181,81
182,81
182,81
182,81
182,81
182,81
182,81
182,81
182,80
182,81
182,81
183,80
183,80
183,81
183,81
183,81
183,81
183,81
183,81
183,80
184,81
184,81
184,81
184,81
184,81
184,80
184,81
184,81
184,81
184,81
185,81
185,81
185,81
185,81
185,80
185,80
185,81
185,81
185,81
185,81
185,81
186,81
186,81
186,81
186,81
186,81
186,81
186,80
186,81
186,81
186,81
187,81
187,80
187,81
187,81
187,81
187,81
187,81
187,81
187,81
188,81
188,81
188,81
188,81
188,81
188,81
188,81
188,81
188,81
188,81
189,81
189,81
189,81
189,81
189,81
189,81
189,81
189,81
189,81
189,81
189,80
190,81
190,81
190,81
190,81
190,81
190,81
190,81
190,81
190,81
190,81
191,81
191,81
191,81
191,81
191,81
191,81
191,81
191,81
191,81
191,81
192,81
192,81
192,81
192,81
192,81
192,81
192,81
192,81
192,81
192,81
193,81
193,81
193,81
193,81
193,81
193,81
193,81
193,81
193,81
194,81
194,81
194,81
194,81
194,81
194,81
194,81
194,81
194,81
194,81
195,81
195,81
195,81
195,81
195,81
195,81
195,81
195,81
195,81
195,81
196,81
196,81
196,81
196,81
196,81
196,81
196,81
196,81
196,81
196,81
196,81
197,81
197,81
197,81
197,81
197,80
197,80
197,81
197,81
197,81
197,81
198,81
198,81
198,81
198,81
198,81
198,81
198,81
198,81
198,81
199,81
199,81
199,81
199,81
199,81
199,81
199,81
199,81
199,81
199,81
200,81
200,81
200,81
200,81
200,81
200,81
200,81
200,81
200,81
200,81
201,81
201,81
201,81
201,81
201,81
201,81
201,81
201,81
201,81
201,81
202,81
202,81
202,81
202,81
202,81
202,81
202,81
202,81
202,81
202,81
202,81
203,81
203,81
203,81
203,81
203,81
203,81
203,81
203,81
203,81
203,81
204,81
204,81
204,81
204,81
204,81
204,81
204,81
204,81
204,81
204,81
205,81
205,80
205,81
205,81
205,81
205,81
205,81
205,81
205,81
206,81
206,81
206,81
206,81
206,81
206,81
206,81
206,81
206,81
206,81
207,81
207,81
207,81
207,81
207,81
207,81
207,81
207,81
207,81
207,81
208,81
208,80
208,80
208,81
208,81
208,81
208,81
208,81
208,81
208,81
209,81
209,81
209,81
209,81
209,81
209,81
209,81
209,81
209,81
209,81
209,81
210,81
210,81
210,81
210,81
210,81
210,81
210,81
210,81
210,81
210,81
211,81
211,81
211,81
211,81
211,81
211,81
211,81
211,81
211,81
212,81
212,81
212,81
212,81
212,81
212,81
212,81
212,81
212,81
212,81
213,81
213,81
213,81
213,81
213,81
213,81
213,81
213,81
213,81
213,81
214,81
214,81
214,81
214,81
214,81
214,81
214,81
214,81
214,80
214,80
215,81
215,81
215,81
215,81
215,81
215,81
215,81
215,81
215,81
215,81
215,81
216,81
216,81
216,81
216,80
216,81
216,81
216,81
216,81
216,81
216,81
217,81
217,81
217,81
217,81
217,80
217,80
217,80
217,81
217,81
217,81
218,81
218,81
218,81
218,81
218,81
218,81
218,81
218,81
218,81
219,81
219,81
219,81
219,81
219,81
219,81
219,81
219,81
219,81
219,81
220,81
220,81
220,81
220,80
220,81
220,81
220,81
220,81
220,81
220,81
221,81
221,81
221,81
221,81
221,81
221,81
221,81
221,81
221,81
221,81
222,81
222,81
222,81
222,81
222,81
222,81
222,81
222,81
222,81
222,81
223,81
223,81
223,81
223,81
223,81
223,81
223,81
223,81
223,81
223,81
223,81
224,81
224,81
224,81
224,81
224,81
224,81
224,81
224,81
224,80
224,80
225,81
225,81
225,81
225,81
225,81
225,81
225,81
225,80
225,81
225,81
226,81
226,81
226,81
226,81
226,81
226,81
226,81
226,81
226,81
227,81
227,81
227,81
227,81
227,81
227,81
227,81
227,81
227,81
227,81
228,81
228,81
228,81
228,80
228,81
228,81
228,81
228,81
228,81
228,81
229,81
229,81
229,81
229,81
229,81
229,81
229,81
229,81
229,81
229,81
230,81
230,81
230,81
230,81
230,81
230,81
230,81
230,81
230,81
230,81
231,81
231,81
231,81
231,81
231,81
231,81
231,81
231,80
231,81
231,81
231,81
232,81
232,81
232,81
232,81
232,81
232,81
232,81
232,81
232,81
232,81
233,81
233,81
233,81
233,81
233,81
233,81
233,81
233,81
233,81
234,81
234,81
234,81
234,81
234,81
234,81
234,81
234,81
234,81
234,81
235,81
235,81
235,81
235,80
235,81
235,81
235,80
235,81
235,81
235,81
236,81
236,81
236,81
236,81
236,81
236,81
236,81
236,81
236,81
236,81
237,81
237,81
237,81
237,81
237,81
237,81
237,81
237,81
237,81
238,81
238,81
238,81
238,81
238,81
238,81
238,81
238,81
238,81
238,81
238,81
238,81
239,81
239,81
239,81
239,81
239,81
239,81
239,81
239,81
239,81
240,81
240,81
240,81
240,81
240,81
240,81
240,81
240,81
240,81
240,81
241,81
241,81
241,81
241,81
241,81
241,81
241,81
241,81
241,81
241,81
242,81
242,81
242,81
242,81
242,81
242,81
242,81
242,81
242,81
242,81
243,81
243,81
243,81
243,81
243,81
243,81
243,81
243,81
243,81
243,81
244,81
244,81
244,81
244,81
244,81
244,80
244,80
244,81
244,81
245,81
245,81
245,81
245,81
245,81
245,81
245,81
245,81
245,81
245,81
245,81
245,81
246,81
246,81
246,81
246,81
246,81
246,81
246,81
246,81
246,81
247,81
247,81
247,81
247,81
247,81
247,81
247,81
247,81
247,81
247,81
248,81
248,81
248,81
248,81
248,81
248,81
248,81
248,81
248,81
248,81
249,80
249,81
249,81
249,81
249,81
249,81
249,81
249,81
249,81
250,81
250,81
250,81
250,81
250,81
250,81
250,81
250,81
250,81
250,80
250,81
250,81
251,81
251,81
251,80
251,80
251,81
251,81
251,81
251,81
251,81
252,81
252,81
252,81
252,81
252,81
252,81
252,81
252,81
252,81
252,81
253,81
253,81
253,80
253,81
253,81
253,81
253,81
253,81
253,81
253,81
254,81
254,81
254,81
254,81
254,81
254,81
254,81
254,81
254,81
254,81
255,81
255,81
255,81
255,81
255,81
255,81
255,81
255,81
255,81
255,81
256,81
256,81
256,81
256,81
256,81
256,81
256,81
256,81
256,81
257,81
257,81
257,81
257,81
257,81
257,81
257,81
257,81
257,81
257,81
258,81
258,81
258,81
258,81
258,81
258,81
258,81
258,81
258,81
258,81
258,81
259,80
259,80
259,81
259,80
259,80
259,81
259,81
259,81
259,81
259,81
260,81
260,81
260,81
260,81
260,81
260,81
260,80
260,81
260,81
260,81
261,81
261,81
261,81
261,80
261,80
261,80
261,81
261,81
261,81
261,81
262,81
262,81
262,81
262,81
262,81
262,81
262,81
262,81
262,81
262,81
263,81
263,81
263,81
263,81
263,81
263,81
263,81
263,81
263,81
264,80
264,80
264,80
264,81
264,81
264,81
264,81
264,81
264,81
264,81
264,81
265,81
265,81
265,81
265,81
265,81
265,81
265,81
265,81
265,81
265,80
266,81
266,81
266,81
266,81
266,81
266,81
266,81
266,81
266,81
266,81
267,81
267,81
267,81
267,81
267,81
267,81
267,81
267,81
267,81
267,81
268,81
268,81
268,81
268,81
268,81
268,80
268,80
268,81
268,81
268,81
269,81
269,80
269,80
269,80
269,81
269,81
269,81
269,81
269,81
270,81
270,81
270,81
270,81
270,81
270,81
270,81
270,81
270,81
270,81
271,81
271,81
271,81
271,81
271,81
271,81
271,81
271,81
271,81
271,81
271,81
272,81
272,81
272,81
272,81
272,81
272,81
272,81
272,81
272,81
272,81
273,81
273,81
273,81
273,81
273,81
273,81
273,81
273,81
273,81
273,81
274,81
274,81
274,81
274,81
274,81
274,81
274,81
274,81
274,81
274,81
275,80
275,81
275,81
275,81
275,81
275,81
275,81
275,81
275,80
275,80
276,81
276,81
276,81
276,81
276,81
276,81
276,81
276,81
276,81
277,81
277,81
277,81
277,81
277,81
277,81
277,81
277,81
277,81
277,81
278,81
278,81
278,81
278,81
278,80
278,80
278,81
278,81
278,81
278,81
278,81
279,81
279,81
279,81
279,81
279,81
279,81
279,80
279,81
279,81
279,81
280,81
280,81
280,81
280,81
280,81
280,81
280,81
280,81
280,81
280,81
281,81
281,81
281,81
281,80
281,81
281,81
281,81
281,81
281,81
281,81
282,81
282,81
282,81
282,81
282,81
282,81
282,81
282,81
282,81
282,81
283,81
283,81
283,81
283,81
283,81
283,81
283,81
283,81
283,81
283,81
284,81
284,81
284,81
284,81
284,81
284,81
284,81
284,81
284,81
285,81
285,81
285,81
285,81
285,81
285,81
285,81
285,81
285,81
285,81
286,81
286,81
286,81
286,81
286,81
286,81
286,81
286,81
286,81
286,81
287,81
287,81
287,81
287,81
287,81
287,81
287,81
287,81
287,81
287,81
287,81
288,81
288,81
288,81
288,81
288,81
288,81
288,81
288,80
288,81
288,81
289,80
289,81
289,81
289,81
289,81
289,81
289,81
289,80
289,80
289,80
290,81
290,81
290,81
290,81
290,81
290,81
290,81
290,81
290,81
291,80
291,80
291,81
291,81
291,81
291,81
291,81
291,81
291,81
291,81
292,81
292,81
292,81
292,81
292,81
292,81
292,81
292,81
292,81
292,81
292,81
293,81
293,81
293,81
293,80
293,80
293,80
293,81
293,81
293,81
293,81
294,81
294,81
294,81
294,81
294,81
294,81
294,81
294,81
294,81
294,81
295,81
295,81
295,81
295,81
295,80
295,80
295,81
295,81
295,81
295,81
296,81
296,81
296,81
296,81
296,81
296,81
296,81
296,80
296,81
296,81
297,81
297,81
297,81
297,81
297,81
297,81
297,81
297,81
297,81
298,81
298,81
298,81
298,81
298,81
298,81
298,81
298,81
298,81
298,81
299,81
299,81
299,81
299,81
299,81
299,81
299,81
299,81
299,81
299,81
300,81
300,81
300,81
300,81
300,81
300,81
300,80
300,81
300,81
300,81
301,81
301,81
301,81
301,81
301,81
301,81
301,81
301,81
301,81
301,81
301,81
302,81
302,81
302,81
302,81
302,81
302,81
302,81
302,81
302,81
302,81
303,81
303,81
303,81
303,80
303,81
303,81
303,81
303,81
303,81
303,81
304,81
304,81
304,81
304,81
304,81
304,81
304,81
304,81
304,81
304,81
305,80
305,81
305,81
305,81
305,81
305,80
305,80
305,81
305,81
305,81
306,81
306,81
306,81
306,81
306,80
306,81
306,81
306,80
306,81
306,81
307,81
307,81
307,81
307,81
307,81
307,81
307,81
307,81
307,80
308,81
308,81
308,81
308,81
308,81
308,81
308,80
308,81
308,81
308,81
309,81
309,81
309,81
309,81
309,81
309,81
309,81
309,81
309,81
309,81
310,81
310,81
310,81
310,81
310,81
310,81
310,81
310,81
310,81
310,81
311,81
311,81
311,81
311,81
311,81
311,81
311,81
311,80
311,81
311,81
311,81
312,81
312,81
312,81
312,81
312,81
312,81
312,81
312,81
312,81
312,81
313,81
313,80
313,81
313,81
313,81
313,81
313,81
313,81
313,81
314,81
314,81
314,81
314,81
314,81
314,81
314,80
314,80
314,80
314,81
315,81
315,81
315,81
315,81
315,81
315,81
315,80
315,81
315,80
315,80
316,81
316,81
316,81
316,80
316,81
316,81
316,81
316,80
316,81
316,81
317,81
317,81
317,81
317,81
317,81
317,81
317,81
317,81
317,81
317,81
317,81
318,81
318,81
318,81
318,80
318,81
318,81
318,81
318,81
318,81
318,81
319,81
319,81
319,81
319,81
319,80
319,81
319,81
319,81
319,81
319,81
320,81
320,81
320,81
320,81
320,81
320,81
320,81
320,81
320,81
320,81
321,81
321,81
321,80
321,80
321,81
321,81
321,81
321,81
321,80
322,81
322,81
322,81
322,81
322,81
322,81
322,81
322,81
322,81
322,81
323,81
323,81
323,81
323,81
323,81
323,80
323,81
323,81
323,81
323,81
324,80
324,80
324,81
324,80
324,81
324,81
324,81
324,81
324,81
324,81
325,81
325,80
325,80
325,81
325,81
325,81
325,80
325,81
325,81
325,81
326,81
326,81
326,81
326,81
326,81
326,81
326,81
326,81
326,81
326,81
327,81
327,81
327,81
327,81
327,81
327,81
327,81
327,81
327,81
327,81
327,81
328,81
328,81
328,81
328,80
328,81
328,81
328,81
328,81
328,81
328,81
329,81
329,80
329,81
329,81
329,80
329,80
329,80
329,81
329,81
330,80
330,80
330,81
330,80
330,80
330,81
330,80
330,81
330,81
330,81
331,81
331,81
331,80
331,80
331,81
331,81
331,81
331,81
331,81
331,81
332,81
332,81
332,81
332,81
332,81
332,81
332,81
332,81
332,81
332,81
333,81
333,81
333,81
333,81
333,81
333,81
333,81
333,81
333,81
333,81
334,81
334,80
334,81
334,81
334,81
334,81
334,81
334,81
334,81
335,81
335,81
335,81
335,81
335,80
335,80
335,81
335,80
335,80
335,80
335,81
335,81
336,81
336,81
336,81
336,81
336,81
336,81
336,81
336,81
336,81
337,81
337,81
337,81
337,81
337,81
337,81
337,81
337,81
337,81
337,81
338,80
338,80
338,81
338,81
338,81
338,81
338,81
338,81
338,81
338,81
339,81
339,81
339,81
339,81
339,80
339,80
339,81
339,81
339,81
339,81
340,81
340,81
340,80
340,80
340,80
340,81
340,81
340,81
340,81
340,81
341,80
341,80
341,81
341,81
341,81
341,81
341,80
341,81
341,81
341,81
342,81
342,81
342,81
342,81
342,80
342,80
342,81
342,81
342,81
342,81
343,81
343,80
343,80
343,81
343,81
343,81
343,81
343,81
343,81
343,81
344,81
344,81
344,81
344,80
344,81
344,81
344,81
344,80
344,81
344,81
345,81
345,81
345,81
345,81
345,81
345,81
345,81
345,81
345,81
346,80
346,80
346,81
346,81
346,81
346,81
346,80
346,81
346,81
346,81
347,80
347,80
347,81
347,81
347,81
347,81
347,81
347,81
347,81
347,81
347,81
348,81
348,81
348,81
348,81
348,81
348,80
348,81
348,81
348,81
348,81
349,81
349,81
349,81
349,81
349,81
349,81
349,81
349,81
349,81
349,80
350,81
350,81
350,81
350,81
350,81
350,81
350,81
350,80
350,80
350,81
351,81
351,80
351,80
351,81
351,81
351,81
351,80
351,80
351,81
351,81
352,81
352,81
352,81
352,81
352,81
352,81
352,81
352,80
352,81
353,80
353,80
353,81
353,81
353,81
353,81
353,81
353,81
353,81
353,81
354,81
354,81
354,81
354,81
354,81
354,81
354,81
354,81
354,81
354,80
355,81
355,81
355,81
355,81
355,81
355,81
355,81
355,81
355,81
355,81
355,81
356,81
356,81
356,81
356,80
356,81
356,81
356,81
356,80
356,80
356,81
357,81
357,81
357,81
357,80
357,81
357,81
357,81
357,81
357,81
357,81
358,81
358,81
358,81
358,81
358,80
358,81
358,81
358,81
358,80
358,80
359,81
359,81
359,81
359,81
359,81
359,81
359,81
359,80
359,81
360,81
360,81
360,81
360,81
360,81
360,80
360,81
360,81
360,81
360,80
361,81
361,81
361,81
361,81
361,81
361,81
361,81
361,81
361,81
361,81
362,81
362,81
362,81
362,81
362,80
362,80
362,80
362,81
362,81
362,81
363,81
363,81
363,81
363,81
363,81
363,81
363,80
363,81
363,81
363,81
364,81
364,81
364,81
364,81
364,80
364,80
364,80
364,81
364,80
364,80
365,81
365,80
365,80
365,80
365,81
365,81
365,81
365,80
365,81
365,81
365,80
366,81
366,80
366,80
366,80
366,81
366,81
366,81
366,81
366,81
366,81
367,81
367,81
367,81
367,81
367,81
367,81
367,81
367,80
367,81
367,81
368,80
368,81
368,81
368,81
368,80
368,81
368,81
368,80
368,81
369,81
369,81
369,81
369,81
369,81
369,81
369,81
369,80
369,80
369,81
370,80
370,80
370,81
370,81
370,80
370,80
370,81
370,81
370,81
370,81
371,81
371,81
371,80
371,81
371,80
371,80
371,81
371,80
371,80
371,81
372,80
372,81
372,81
372,81
372,81
372,81
372,81
372,80
372,81
372,81
373,81
373,81
373,81
373,81
373,81
373,81
373,81
373,81
373,81
373,81
374,81
374,81
374,81
374,81
374,81
374,81
374,81
374,81
374,81
374,81
374,81
375,81
375,81
375,81
375,80
375,81
375,81
375,81
375,81
375,81
375,81
376,81
376,81
376,81
376,81
376,81
376,80
376,80
376,81
376,80
376,80
377,81
377,81
377,81
377,81
377,80
377,80
377,80
377,81
377,81
378,81
378,81
378,80
378,81
378,81
378,80
378,81
378,80
378,80
378,81
379,81
379,81
379,81
379,81
379,81
379,81
379,81
379,81
379,81
379,81
380,81
380,81
380,81
380,81
380,81
380,81
380,80
380,81
380,81
380,81
381,81
381,80
381,80
381,81
381,80
381,80
381,81
381,81
381,81
381,81
382,81
382,81
382,80
382,80
382,81
382,81
382,81
382,81
382,80
382,81
382,81
383,81
383,81
383,81
383,80
383,80
383,81
383,81
383,81
383,81
383,81
384,81
384,81
384,80
384,80
384,81
384,81
384,81
384,80
384,80
385,81
385,81
385,81
385,81
385,81
385,81
385,80
385,81
385,81
385,81
386,81
386,81
386,81
386,81
386,81
386,80
386,80
386,80
386,80
386,81
387,81
387,81
387,81
387,81
387,81
387,81
387,80
387,81
387,81
387,80
388,81
388,81
388,81
388,81
388,81
388,81
388,81
388,81
388,80
388,80
389,81
389,81
389,81
389,80
389,80
389,80
389,80
389,81
389,81
389,81
390,81
390,81
390,80
390,80
390,81
390,81
390,81
390,81
390,81
390,80
390,80
391,81
391,80
391,80
391,81
391,81
391,81
391,81
391,81
391,81
391,81
392,80
392,81
392,81
392,81
392,81
392,80
392,80
392,80
392,81
393,80
393,80
393,81
393,81
393,81
393,80
393,81
393,80
393,80
393,81
394,81
394,81
394,81
394,80
394,81
394,81
394,81
394,80
394,81
394,81
395,80
395,81
395,81
395,81
395,81
395,81
395,81
395,81
395,81
396,80
396,80
396,80
396,81
396,81
396,80
396,81
396,80
396,80
396,81
396,80
396,80
397,81
397,80
397,80
397,80
397,81
397,81
397,81
397,80
397,81
398,80
398,80
398,81
398,80
398,80
398,81
398,80
398,80
398,80
398,80
399,80
399,80
399,81
399,81
399,81
399,81
399,81
399,81
399,81
399,81
400,80
400,80
400,80
400,81
400,81
400,81
400,80
400,80
400,80
400,81
401,81
401,81
401,81
401,80
401,81
401,81
401,81
401,81
401,81
401,81
402,80
402,81
402,81
402,80
402,80
402,81
402,81
402,80
402,80
402,80
403,80
403,80
403,80
403,80
403,81
403,80
403,80
403,81
403,80
404,80
404,80
404,81
404,80
404,80
404,81
404,81
404,81
404,81
404,81
405,81
405,81
405,81
405,81
405,80
405,80
405,81
405,81
405,81
405,81
405,80
405,80
406,81
406,81
406,80
406,80
406,81
406,81
406,81
406,80
406,81
407,81
407,81
407,81
407,81
407,81
407,81
407,81
407,80
407,80
407,81
408,80
408,80
408,80
408,80
408,81
408,81
408,81
408,81
408,81
408,81
409,80
409,80
409,80
409,80
409,80
409,80
409,81
409,80
409,81
409,81
410,81
410,81
410,81
410,81
410,80
410,81
410,81
410,81
410,81
411,80
411,80
411,81
411,81
411,81
411,81
411,80
411,80
411,80
411,81
412,81
412,81
412,81
412,81
412,81
412,81
412,80
412,80
412,80
412,81
413,81
413,81
413,81
413,81
413,81
413,81
413,80
413,80
413,80
413,81
414,80
414,81
414,81
414,81
414,81
414,81
414,80
414,81
414,81
414,81
414,81
415,81
415,81
415,81
415,80
415,80
415,80
415,81
415,80
415,80
415,80
416,81
416,81
416,80
416,80
416,81
416,81
416,80
416,81
416,81
416,81
417,80
417,81
417,81
417,81
417,81
417,81
417,81
417,81
417,81
417,81
418,80
418,81
418,81
418,81
418,80
418,81
418,81
418,80
418,80
419,80
419,80
419,80
419,81
419,81
419,80
419,81
419,81
419,80
419,80
420,80
420,80
420,81
420,80
420,80
420,81
420,80
420,81
420,81
420,80
421,81
421,81
421,81
421,81
421,81
421,81
421,81
421,80
421,81
421,81
421,81
422,81
422,81
422,81
422,81
422,81
422,81
422,80
422,80
422,80
422,80
423,81
423,81
423,81
423,81
423,81
423,81
423,81
423,80
423,81
423,81
424,80
424,80
424,80
424,80
424,80
424,80
424,80
424,81
424,80
424,80
425,81
425,80
425,80
425,81
425,81
425,80
425,80
425,80
425,80
425,80
426,81
426,81
426,81
426,81
426,81
426,81
426,81
426,81
426,81
427,81
427,80
427,80
427,81
427,80
427,80
427,81
427,81
427,81
427,81
427,80
428,80
428,81
428,81
428,80
428,80
428,80
428,81
428,80
428,81
428,81
429,81
429,81
429,81
429,81
429,80
429,80
429,80
429,80
429,80
429,80
430,80
430,81
430,80
430,80
430,81
430,80
430,80
430,81
430,81
431,80
431,80
431,80
431,81
431,81
431,80
431,81
431,80
431,80
431,81
432,81
432,81
432,81
432,81
432,80
432,80
432,80
432,81
432,81
432,81
433,80
433,80
433,80
433,80
433,80
433,80
433,81
433,81
433,80
433,80
434,80
434,80
434,80
434,81
434,81
434,81
434,81
434,81
434,81
434,81
434,81
435,80
435,81
435,81
435,80
435,80
435,80
435,80
435,81
435,80
435,80
436,81
436,80
436,80
436,80
436,80
436,81
436,81
436,80
436,80
436,80
437,80
437,81
437,81
437,81
437,80
437,81
437,81
437,80
437,81
438,80
438,80
438,80
438,81
438,81
438,81
438,81
438,80
438,80
438,80
439,81
439,81
439,81
439,80
439,81
439,81
439,81
439,81
439,81
439,81
440,81
440,81
440,81
440,81
440,81
440,81
440,81
440,80
440,80
440,81
441,81
441,81
441,81
441,81
441,80
441,80
441,81
441,80
441,81
441,81
442,80
442,81
442,81
442,80
442,81
442,80
442,80
442,81
442,81
442,81
443,81
443,80
443,80
443,80
443,80
443,81
443,81
443,81
443,80
443,81
443,81
444,81
444,80
444,80
444,81
444,81
444,81
444,81
444,81
444,80
444,80
445,81
445,81
445,80
445,80
445,81
445,81
445,81
445,81
445,80
446,80
446,80
446,81
446,81
446,81
446,81
446,81
446,80
446,80
446,80
447,80
447,80
447,81
447,81
447,80
447,80
447,80
447,80
447,80
447,81
448,81
448,81
448,81
448,81
448,80
448,80
448,81
448,81
448,80
448,80
449,80
449,81
449,81
449,80
449,80
449,80
449,80
449,81
449,81
449,81
450,80
450,81
450,81
450,81
450,80
450,81
450,81
450,81
450,81
451,81
451,81
451,81
451,80
451,80
451,81
451,80
451,81
451,81
451,81
451,81
451,81
452,80
452,81
452,81
452,81
452,80
452,81
452,81
452,81
452,81
453,81
453,81
453,80
453,80
453,80
453,81
453,81
453,81
453,81
453,80
454,80
454,80
454,80
454,81
454,81
454,81
454,80
454,81
454,81
454,81
455,80
455,80
455,81
455,81
455,80
455,80
455,80
455,81
455,81
456,81
456,81
456,81
456,81
456,81
456,81
456,81
456,81
456,81
456,81
456,81
457,81
457,81
457,81
457,80
457,80
457,81
457,80
457,80
457,81
457,81
458,81
458,81
458,81
458,80
458,80
458,81
458,80
458,81
458,81
458,81
459,80
459,80
459,80
459,81
459,81
459,81
459,81
459,80
459,80
459,81
460,80
460,81
460,81
460,80
460,81
460,81
460,80
460,80
460,81
460,81
461,81
461,81
461,81
461,81
461,81
461,81
461,81
461,81
461,81
461,81
462,81
462,81
462,80
462,80
462,81
462,81
462,81
462,80
462,81
463,80
463,80
463,81
463,80
463,80
463,81
463,81
463,80
463,80
463,81
464,81
464,81
464,81
464,80
464,81
464,81
464,81
464,81
464,81
464,80
465,80
465,81
465,81
465,81
465,81
465,81
465,80
465,80
465,81
465,81
465,81
466,80
466,80
466,81
466,81
466,80
466,80
466,81
466,80
466,80
466,80
467,81
467,81
467,81
467,81
467,81
467,81
467,81
467,81
467,81
467,81
468,81
468,81
468,81
468,80
468,81
468,80
468,80
468,80
468,81
468,81
469,81
469,80
469,80
469,80
469,80
469,81
469,81
469,81
469,80
470,81
470,81
470,81
470,81
470,81
470,80
470,80
470,80
470,80
470,81
471,80
471,80
471,80
471,80
471,81
471,81
471,80
471,81
471,81
471,81
472,81
472,80
472,80
472,81
472,81
472,81
472,81
472,81
472,81
472,81
472,81
473,81
473,81
473,81
473,80
473,81
473,81
473,81
473,80
473,80
473,80
474,81
474,80
474,80
474,81
474,80
474,80
474,80
474,80
474,80
474,80
475,81
475,81
475,81
475,81
475,80
475,81
475,81
475,80
475,80
475,80
476,80
476,81
476,80
476,80
476,80
476,80
476,80
476,80
476,81
477,80
477,80
477,80
477,80
477,80
477,81
477,80
477,81
477,81
477,81
478,81
478,81
478,81
478,80
478,81
478,81
478,81
478,81
478,81
478,81
478,81
479,80
479,80
479,80
479,81
479,80
479,80
479,81
479,81
479,80
479,80
480,80
480,80
480,80
480,80
480,81
480,80
480,80
480,81
480,81
480,81
481,81
481,80
481,81
481,81
481,81
481,81
481,81
481,81
481,81
482,80
482,80
482,81
482,81
482,81
482,81
482,81
482,80
482,80
482,81
483,80
483,80
483,81
483,80
483,81
483,81
483,80
483,81
483,81
483,80
484,80
484,81
484,81
484,81
484,80
484,80
484,81
484,80
484,81
484,81
485,80
485,80
485,80
485,81
485,81
485,80
485,80
485,81
485,81
485,81
485,80
486,81
486,80
486,80
486,80
486,80
486,80
486,81
486,80
486,81
486,81
487,81
487,81
487,81
487,81
487,80
487,81
487,81
487,81
487,80
487,80
488,80
488,80
488,81
488,81
488,81
488,80
488,80
488,81
488,80
488,80
489,81
489,80
489,80
489,80
489,81
489,80
489,80
489,80
489,80
490,80
490,80
490,80
490,81
490,81
490,81
490,80
490,81
490,81
490,81
491,80
491,80
491,80
491,80
491,81
491,81
491,81
491,80
491,80
491,80
492,81
492,80
492,80
492,81
492,81
492,81
492,80
492,81
492,80
492,80
493,80
493,80
493,80
493,80
493,80
493,80
493,80
493,80
493,80
493,80
494,81
494,80
494,81
494,81
494,81
494,81
494,81
494,81
494,80
494,81
494,81
495,80
495,81
495,81
495,81
495,81
495,81
495,81
495,80
495,81
495,81
496,81
496,80
496,81
496,81
496,81
496,80
496,80
496,80
496,80
496,80
497,80
497,80
497,80
497,80
497,81
497,80
497,80
497,80
497,81
498,80
498,80
498,80
498,81
498,80
498,80
498,81
498,81
498,81
498,80
499,80
499,81
499,81
499,80
499,80
499,80
499,80
499,81
499,81
499,81
500,80
500,80
500,80
500,80
500,80
500,80
500,80
500,80
500,80
500,80
501,80
501,81
501,80
501,80
501,81
501,81
501,81
501,81
501,81
501,80
501,80
502,81
502,80
502,80
502,80
502,81
502,80
502,80
502,80
502,80
503,81
503,81
503,80
503,81
503,81
503,80
503,80
503,80
503,80
503,80
504,81
504,81
504,80
504,80
504,80
504,80
504,80
504,81
504,81
504,80
505,80
505,80
505,80
505,80
505,80
505,80
505,80
505,81
505,81
505,80
506,80
506,81
506,81
506,80
506,81
506,81
506,81
506,80
506,81
506,81
507,80
507,81
507,81
507,80
507,80
507,80
507,80
507,80
507,80
507,80
508,81
508,80
508,81
508,81
508,80
508,80
508,80
508,80
508,80
509,80
509,80
509,80
509,81
509,81
509,80
509,80
509,81
509,81
509,80
509,80
509,80
510,81
510,81
510,80
510,80
510,81
510,80
510,80
510,80
510,80
511,80
511,80
511,80
511,80
511,80
511,81
511,80
511,80
511,80
511,81
512,80
512,80
512,81
512,80
512,80
512,80
512,80
512,80
512,80
512,81
513,81
513,80
513,80
513,80
513,80
513,80
513,80
513,80
513,81
513,81
514,81
514,80
514,80
514,81
514,80
514,81
514,81
514,81
514,81
514,81
515,80
515,81
515,80
515,80
515,80
515,80
515,80
515,80
515,81
516,80
516,80
516,80
516,80
516,80
516,81
516,80
516,81
516,81
516,80
517,80
517,80
517,80
517,80
517,80
517,80
517,80
517,80
517,80
517,80
517,81
518,80
518,80
518,80
518,80
518,80
518,80
518,80
518,80
518,80
518,80
519,81
519,81
519,81
519,80
519,80
519,80
519,81
519,80
519,80
519,80
520,81
520,81
520,80
520,81
520,80
520,80
520,80
520,80
520,80
520,80
521,80
521,80
521,80
521,80
521,80
521,80
521,81
521,80
521,80
521,80
522,80
522,81
522,81
522,81
522,81
522,81
522,81
522,80
522,81
522,81
523,81
523,80
523,80
523,80
523,80
523,80
523,80
523,80
523,80
524,80
524,80
524,81
524,81
524,81
524,80
524,80
524,80
524,80
524,80
525,80
525,80
525,81
525,80
525,80
525,80
525,80
525,80
525,80
525,80
525,80
526,80
526,80
526,81
526,81
526,81
526,81
526,81
526,81
526,81
526,80
527,80
527,80
527,80
527,80
527,80
527,80
527,81
527,81
527,81
527,80
528,80
528,80
528,80
528,80
528,80
528,80
528,80
528,80
528,80
528,80
529,81
529,80
529,80
529,81
529,80
529,80
529,80
529,80
529,80
529,80
530,80
530,80
530,80
530,80
530,80
530,81
530,81
530,81
530,80
531,81
531,81
531,81
531,80
531,80
531,80
531,80
531,80
531,80
531,81
532,80
532,80
532,81
532,80
532,80
532,80
532,81
532,80
532,80
532,80
533,81
533,81
533,81
533,80
533,80
533,80
533,80
533,81
533,80
533,80
533,81
534,80
534,80
534,80
534,80
534,80
534,80
534,80
534,80
534,80
534,80
535,80
535,80
535,80
535,80
535,80
535,80
535,81
535,80
535,80
535,81
536,81
536,80
536,80
536,80
536,80
536,80
536,80
536,80
536,80
536,80
537,80
537,80
537,80
537,81
537,81
537,80
537,80
537,80
537,80
537,80
538,80
538,81
538,81
538,81
538,80
538,80
538,80
538,80
538,81
539,80
539,80
539,81
539,80
539,80
539,80
539,80
539,81
539,81
539,80
540,80
540,80
540,80
540,80
540,80
540,80
540,80
540,80
540,80
540,80
540,81
541,80
541,80
541,80
541,80
541,81
541,81
541,81
541,80
541,80
541,80
542,80
542,80
542,81
542,80
542,80
542,80
542,80
542,80
542,80
542,80
543,80
543,80
543,80
543,80
543,80
543,80
543,80
543,80
543,80
544,80
544,80
544,80
544,80
544,80
544,81
544,81
544,81
544,80
544,80
545,80
545,80
545,80
545,81
545,81
545,80
545,80
545,80
545,80
545,80
546,80
546,80
546,80
546,80
546,81
546,81
546,80
546,80
546,80
546,80
547,80
547,80
547,80
547,80
547,80
547,80
547,81
547,80
547,80
547,80
547,81
548,80
548,80
548,80
548,81
548,80
548,80
548,80
548,81
548,81
548,81
549,80
549,80
549,80
549,80
549,80
549,80
549,80
549,80
549,80
549,80
550,81
550,80
550,80
550,80
550,81
550,80
550,80
550,80
550,80
551,80
551,80
551,80
551,80
551,80
551,80
551,80
551,81
551,81
551,80
552,80
552,80
552,80
552,80
552,80
552,80
552,80
552,80
552,80
552,80
553,80
553,80
553,80
553,80
553,80
553,80
553,80
553,80
553,80
553,80
553,81
554,80
554,80
554,80
554,80
554,80
554,80
554,80
554,80
554,80
554,80
555,80
555,80
555,81
555,80
555,80
555,80
555,81
555,80
555,80
555,80
556,80
556,80
556,81
556,81
556,80
556,80
556,80
556,80
556,80
557,81
557,80
557,80
557,80
557,80
557,80
557,80
557,80
557,80
557,80
558,81
558,81
558,81
558,80
558,80
558,80
558,80
558,80
558,80
558,80
558,80
559,81
559,81
559,80
559,80
559,80
559,80
559,80
559,80
559,80
559,80
560,80
560,80
560,80
560,80
560,80
560,81
560,81
560,80
560,80
560,80
561,80
561,80
561,80
561,80
561,81
561,80
561,80
561,80
561,80
561,80
562,80
562,80
562,81
562,81
562,81
562,80
562,80
562,80
562,80
563,80
563,80
563,80
563,80
563,80
563,80
563,80
563,80
563,80
563,81
564,80
564,80
564,81
564,80
564,80
564,80
564,80
564,80
564,80
564,80
565,80
565,80
565,80
565,80
565,80
565,80
565,80
565,81
565,80
565,80
566,80
566,80
566,80
566,81
566,80
566,80
566,80
566,81
566,80
566,80
566,80
567,80
567,80
567,80
567,80
567,80
567,80
567,80
567,80
567,80
567,80
568,80
568,81
568,81
568,81
568,80
568,80
568,80
568,80
568,81
569,80
569,80
569,80
569,80
569,80
569,80
569,80
569,80
569,80
569,80
570,80
570,80
570,80
570,80
570,80
570,80
570,80
570,81
570,80
570,80
570,80
571,80
571,80
571,80
571,80
571,80
571,80
571,80
571,80
571,80
571,80
572,80
572,80
572,80
572,80
572,80
572,80
572,80
572,80
572,80
572,80
573,80
573,80
573,80
573,80
573,80
573,80
573,80
573,80
573,80
574,81
574,81
574,80
574,80
574,80
574,80
574,80
574,80
574,80
574,80
575,80
575,81
575,81
575,80
575,80
575,80
575,80
575,80
575,80
575,80
576,80
576,80
576,80
576,80
576,80
576,81
576,81
576,80
576,80
576,80
577,80
577,81
577,80
577,80
577,80
577,80
577,80
577,81
577,80
577,81
577,81
578,80
578,80
578,80
578,80
578,80
578,80
578,80
578,80
578,80
578,80
579,80
579,80
579,80
579,80
579,81
579,80
579,80
579,80
579,80
580,80
580,80
580,80
580,80
580,80
580,80
580,80
580,81
580,81
580,80
581,80
581,80
581,81
581,80
581,80
581,80
581,80
581,80
581,80
581,80
582,81
582,80
582,80
582,80
582,80
582,80
582,80
582,80
582,80
582,80
583,80
583,80
583,80
583,80
583,80
583,80
583,80
583,80
583,81
583,81
584,80
584,80
584,80
584,80
584,80
584,81
584,81
584,80
584,80
585,80
585,80
585,80
585,80
585,80
585,80
585,80
585,80
585,80
585,80
585,80
586,80
586,80
586,80
586,81
586,81
586,80
586,80
586,80
586,80
586,80
587,80
587,80
587,80
587,80
587,80
587,80
587,80
587,80
587,80
587,80
588,80
588,80
588,80
588,80
588,80
588,80
588,80
588,80
588,80
588,80
589,80
589,80
589,80
589,80
589,80
589,80
589,80
589,80
589,81
589,81
590,80
590,80
590,80
590,80
590,80
590,80
590,80
590,80
590,80
591,80
591,80
591,80
591,80
591,80
591,80
591,80
591,80
591,80
591,80
592,80
592,80
592,80
592,80
592,80
592,80
592,80
592,80
592,80
592,81
592,80
592,80
593,80
593,80
593,80
593,80
593,80
593,80
593,80
593,80
593,80
594,80
594,80
594,81
594,80
594,80
594,80
594,80
594,80
594,80
594,80
595,80
595,80
595,80
595,80
595,80
