0,0
0,80
0,80
0,80
0,80
0,81
0,81
0,81
0,80
0,80
0,80
1,81
1,80
1,80
1,80
1,81
1,80
1,80
1,81
1,81
1,81
2,80
2,80
2,80
2,80
2,80
2,80
2,80
2,81
2,80
2,80
2,80
3,80
3,80
3,80
3,81
3,80
3,80
3,80
3,81
3,80
3,80
4,80
4,80
4,80
4,80
4,80
4,81
4,81
4,80
4,80
5,80
5,80
5,80
5,80
5,80
5,81
5,80
5,80
5,80
5,81
6,81
6,81
6,80
6,80
6,80
6,80
6,80
6,81
6,81
6,81
7,80
7,80
7,80
7,80
7,80
7,80
7,81
7,80
7,80
7,80
8,80
8,81
8,81
8,80
8,81
8,81
8,81
8,80
8,80
8,80
9,81
9,81
9,81
9,80
9,81
9,80
9,80
9,80
9,81
10,81
10,81
10,80
10,80
10,80
10,81
10,81
10,81
10,81
10,80
11,80
11,80
11,81
11,80
11,81
11,81
11,81
11,80
11,80
11,81
11,81
12,80
12,80
12,81
12,81
12,81
12,80
12,81
12,81
12,81
12,81
13,81
13,81
13,80
13,81
13,81
13,80
13,81
13,81
13,81
13,81
14,81
14,81
14,81
14,81
14,81
14,81
14,81
14,81
14,81
14,81
15,81
15,81
15,81
15,81
15,81
15,81
15,81
15,81
15,81
15,81
16,81
16,81
16,81
16,81
16,81
16,81
16,81
16,81
16,81
17,81
17,81
17,81
17,81
17,81
17,81
17,80
17,80
17,80
17,81
18,81
18,81
18,81
18,81
18,81
18,81
18,80
18,81
18,81
18,80
18,81
19,81
19,81
19,81
19,81
19,81
19,81
19,81
19,81
19,80
19,81
20,81
20,81
20,81
20,81
20,81
20,81
20,81
20,81
20,81
20,81
21,81
21,81
21,80
21,81
21,81
21,81
21,81
21,81
21,81
21,82
22,81
22,81
22,81
22,81
22,81
22,81
22,80
22,80
22,81
22,81
23,81
23,81
23,81
23,81
23,81
23,81
23,81
23,81
23,81
24,81
24,81
24,81
24,81
24,81
24,81
24,81
24,81
24,81
24,81
25,81
25,81
25,81
25,81
25,81
25,81
25,81
25,81
25,81
25,81
26,81
26,81
26,81
26,81
26,81
26,81
26,81
26,81
26,81
26,81
26,82
27,81
27,81
27,82
27,82
27,81
27,81
27,81
27,81
27,81
27,81
28,81
28,81
28,81
28,81
28,81
28,81
28,81
28,81
28,81
28,81
29,81
29,81
29,81
29,81
29,81
29,81
29,81
29,81
29,81
29,81
30,81
30,81
30,82
30,82
30,81
30,81
30,81
30,81
30,81
31,81
31,81
31,81
31,81
31,81
31,81
31,81
31,81
31,81
31,81
32,81
32,81
32,81
32,81
32,81
32,81
32,81
32,81
32,81
32,81
33,81
33,81
33,81
33,81
33,81
33,82
33,82
33,81
33,81
33,81
33,81
34,81
34,81
34,81
34,81
34,81
34,81
34,82
34,81
34,81
34,81
35,82
35,81
35,81
35,81
35,81
35,81
35,81
35,81
35,81
35,81
36,81
36,81
36,81
36,81
36,81
36,81
36,81
36,81
36,81
36,81
37,81
37,81
37,82
37,82
37,81
37,81
37,81
37,81
37,81
38,81
38,81
38,81
38,81
38,81
38,81
38,82
38,81
38,81
38,81
39,81
39,81
39,82
39,81
39,81
39,81
39,81
39,81
39,81
39,81
40,81
40,81
40,81
40,81
40,81
40,81
40,81
40,81
40,81
40,81
41,81
41,81
41,81
41,81
41,82
41,81
41,81
41,81
41,81
41,81
42,81
42,81
42,81
42,81
42,81
42,81
42,81
42,81
42,81
42,81
42,82
43,81
43,82
43,82
43,81
43,81
43,81
43,81
43,81
43,82
43,82
44,81
44,81
44,82
44,82
44,81
44,81
44,81
44,82
44,82
45,82
45,82
45,81
45,81
45,81
45,81
45,81
45,82
45,82
45,81
46,81
46,81
46,82
46,81
46,81
46,81
46,81
46,81
46,81
46,82
47,81
47,82
47,82
47,82
47,81
47,81
47,81
47,82
47,82
47,82
48,81
48,81
48,81
48,82
48,82
48,82
48,81
48,82
48,82
48,82
49,81
49,81
49,81
49,81
49,81
49,81
49,82
49,82
49,81
49,81
50,82
50,82
50,82
50,81
50,82
50,81
50,81
50,82
50,81
50,81
50,82
51,82
51,82
51,82
51,82
51,82
51,82
51,81
51,82
51,81
51,81
52,82
52,82
52,82
52,82
52,82
52,81
52,81
52,82
52,81
53,82
53,82
53,82
53,81
53,81
53,82
53,82
53,81
53,81
53,82
54,81
54,81
54,81
54,81
54,81
54,81
54,81
54,82
54,82
54,82
55,82
55,81
55,81
55,82
55,82
55,82
55,82
55,81
55,82
55,82
56,82
56,81
56,81
56,82
56,82
56,82
56,82
56,82
56,82
56,82
57,82
57,82
57,81
57,81
57,81
57,82
57,82
57,82
57,82
58,81
58,81
58,81
58,82
58,82
58,82
58,81
58,81
58,82
58,81
59,82
59,82
59,82
59,82
59,82
59,82
59,82
59,82
59,82
59,81
59,81
59,81
60,82
60,81
60,82
60,82
60,82
60,82
60,82
60,82
60,82
61,82
61,82
61,82
61,82
61,82
61,81
61,82
61,82
61,82
61,82
62,82
62,82
62,82
62,82
62,82
62,82
62,82
62,82
62,82
62,82
63,82
63,81
63,81
63,82
63,82
63,82
63,82
63,82
63,82
63,82
64,82
64,82
64,82
64,82
64,82
64,81
64,81
64,82
64,82
65,82
65,82
65,82
65,82
65,82
65,82
65,82
65,81
65,81
65,82
66,82
66,82
66,82
66,82
66,82
66,82
66,82
66,82
66,82
66,81
66,82
66,82
67,82
67,82
67,82
67,82
67,82
67,82
67,82
67,82
67,82
68,82
68,82
68,81
68,82
68,82
68,82
68,81
68,81
68,81
68,82
69,81
69,81
69,82
69,81
69,82
69,82
69,81
69,82
69,82
69,82
70,82
70,82
70,82
70,81
70,82
70,82
70,82
70,82
70,81
70,81
71,82
71,82
71,82
71,82
71,81
71,82
71,82
71,82
71,82
71,82
72,82
72,82
72,82
72,82
72,82
72,82
72,82
72,82
72,82
72,82
73,82
73,82
73,82
73,82
73,82
73,81
73,81
73,82
73,82
74,82
74,82
74,82
74,82
74,82
74,82
74,82
74,82
74,82
74,82
74,82
75,82
75,82
75,82
75,81
75,82
75,82
75,81
75,82
75,82
75,82
76,82
76,81
76,81
76,82
76,82
76,82
76,82
76,82
76,82
76,82
77,82
77,82
77,82
77,82
77,82
77,82
77,82
77,82
77,82
77,82
78,82
78,82
78,82
78,82
78,82
78,82
78,82
78,82
78,82
78,82
79,82
79,81
79,82
79,82
79,82
79,82
79,82
79,82
79,82
80,82
80,82
80,82
80,82
80,82
80,82
80,82
80,82
80,82
80,82
81,83
81,83
81,82
81,82
81,82
81,82
81,82
81,82
81,82
81,82
82,82
82,82
82,82
82,82
82,82
82,82
82,82
82,82
82,82
82,82
83,82
83,82
83,82
83,82
83,82
83,82
83,82
83,81
83,81
83,81
83,82
84,82
84,82
84,82
84,82
84,82
84,82
84,82
84,82
84,82
84,82
85,81
85,82
85,82
85,82
85,82
85,82
85,82
85,82
85,82
85,82
86,82
86,82
86,82
86,81
86,82
86,82
86,82
86,82
86,82
86,82
87,82
87,82
87,82
87,82
87,82
87,82
87,82
87,82
87,82
87,82
88,82
88,82
88,82
88,82
88,82
88,82
88,82
88,82
88,82
89,81
89,81
89,82
89,82
89,82
89,82
89,82
89,82
89,82
89,82
90,82
90,82
90,82
90,82
90,82
90,82
90,82
90,82
90,82
90,81
91,82
91,82
91,82
91,81
91,82
91,82
91,82
91,82
91,82
91,82
92,82
92,81
92,81
92,81
92,82
92,82
92,82
92,82
92,82
92,82
93,82
93,81
93,81
93,82
93,82
93,82
93,82
93,82
93,82
93,82
93,82
94,82
94,82
94,82
94,82
94,82
94,82
94,82
94,82
94,82
94,82
95,82
95,82
95,82
95,82
95,82
95,82
95,82
95,82
95,82
96,82
96,82
96,82
96,82
96,82
96,81
96,82
96,82
96,82
96,82
97,82
97,82
97,82
97,82
97,82
97,82
97,82
97,82
97,82
97,82
98,82
98,82
98,82
98,82
98,82
98,82
98,82
98,82
98,82
98,82
99,81
99,82
99,82
99,82
99,82
99,82
99,82
99,82
99,81
99,81
99,81
100,82
100,82
100,82
100,82
100,82
100,82
100,82
100,82
100,82
100,82
101,82
101,82
101,82
101,82
101,82
101,82
101,82
101,82
101,82
101,82
102,82
102,82
102,82
102,82
102,82
102,82
102,82
102,82
102,82
103,82
103,82
103,82
103,82
103,82
103,82
103,82
103,82
103,82
103,82
104,82
104,82
104,82
104,82
104,82
104,82
104,82
104,82
104,82
104,82
105,82
105,82
105,82
105,82
105,82
105,82
105,82
105,82
105,82
105,82
106,82
106,82
106,82
106,82
106,82
106,82
106,82
106,82
106,82
106,82
107,82
107,82
107,82
107,82
107,82
107,82
107,82
107,82
107,82
107,82
107,82
108,82
108,82
108,82
108,82
108,82
108,82
108,82
108,82
108,82
109,82
109,82
109,82
109,82
109,82
109,82
109,82
109,82
109,82
109,82
110,82
110,82
110,82
110,82
110,82
110,81
110,82
110,82
110,82
110,82
111,82
111,82
111,82
111,82
111,82
111,82
111,82
111,82
111,82
111,82
112,82
112,82
112,82
112,82
112,82
112,82
112,82
112,82
112,82
112,82
113,82
113,82
113,82
113,82
113,82
113,82
113,82
113,82
113,82
113,82
114,82
114,82
114,82
114,82
114,82
114,82
114,82
114,82
114,82
114,82
114,82
115,82
115,82
115,82
115,82
115,82
115,82
115,82
115,82
115,82
115,82
116,82
116,82
116,82
116,82
116,82
116,82
116,82
116,82
116,82
117,82
117,82
117,82
117,82
117,82
117,82
117,82
117,82
117,82
117,82
118,82
118,82
118,82
118,82
118,82
118,82
118,82
118,82
118,82
118,82
119,82
119,82
119,82
119,82
119,83
119,82
119,82
119,82
119,82
119,82
120,82
120,82
120,82
120,82
120,82
120,82
120,82
120,82
120,82
121,82
121,82
121,82
121,82
121,82
121,82
121,82
121,82
121,82
121,82
121,82
121,82
122,82
122,82
122,82
122,82
122,82
122,82
122,82
122,82
122,82
123,82
123,82
123,82
123,82
123,82
123,82
123,82
123,82
123,82
123,82
124,82
124,82
124,82
124,82
124,82
124,82
124,82
124,82
124,82
125,82
125,82
125,82
125,82
125,82
125,82
125,82
125,82
125,82
125,82
126,82
126,82
126,82
126,82
126,82
126,82
126,82
126,82
126,82
126,82
126,82
127,82
127,82
127,82
127,82
127,82
127,82
127,82
127,82
127,82
127,82
128,82
128,82
128,82
128,82
128,82
128,82
128,82
128,82
128,82
128,82
129,82
129,82
129,82
129,82
129,82
129,82
129,82
129,82
129,82
129,82
130,82
130,82
130,82
130,82
130,82
130,82
130,82
130,82
130,82
130,82
131,82
131,82
131,82
131,82
131,82
131,82
131,82
131,82
131,82
132,82
132,82
132,82
132,82
132,82
132,82
132,82
132,82
132,82
132,82
133,82
133,82
133,82
133,82
133,82
133,82
133,82
133,82
133,82
133,82
133,82
134,82
134,82
134,82
134,83
134,82
134,82
134,82
134,82
134,82
134,82
135,82
135,82
135,82
135,82
135,82
135,82
135,82
135,82
135,82
135,82
136,82
136,82
136,82
136,82
136,82
136,82
136,82
136,82
136,82
136,82
137,82
137,82
137,82
137,82
137,82
137,82
137,82
137,82
137,82
138,82
138,82
138,82
138,82
138,82
138,82
138,82
138,82
138,82
138,82
139,82
139,82
139,82
139,82
139,83
139,83
139,82
139,82
139,82
139,82
140,82
140,82
140,82
140,82
140,82
140,82
140,82
140,82
140,82
140,82
141,82
141,82
141,82
141,82
141,82
141,82
141,82
141,82
141,82
141,82
141,82
142,82
142,82
142,82
142,82
142,82
142,82
142,82
142,82
142,82
142,82
143,82
143,82
143,82
143,82
143,83
143,82
143,82
143,82
143,82
143,82
144,82
144,82
144,82
144,82
144,82
144,82
144,82
144,82
144,82
145,82
145,82
145,82
145,82
145,82
145,82
145,82
145,82
145,82
145,82
146,82
146,82
146,82
146,82
146,82
146,82
146,82
146,82
146,82
146,82
147,82
147,82
147,82
147,82
147,83
147,82
147,82
147,82
147,82
147,82
148,82
148,82
148,82
148,82
148,82
148,82
148,82
148,82
148,82
148,82
148,82
149,82
149,82
149,82
149,82
149,82
149,82
149,82
149,82
149,82
150,83
150,83
150,82
150,82
150,82
150,82
150,82
150,82
150,82
150,82
151,82
151,82
151,82
151,83
151,82
151,82
151,82
151,82
151,82
151,82
152,82
152,82
152,82
152,82
152,82
152,83
152,83
152,82
152,82
152,82
152,82
153,82
153,82
153,82
153,82
153,82
153,82
153,82
153,82
153,82
153,82
154,82
154,82
154,82
154,83
154,82
154,83
154,83
154,82
154,82
154,82
155,82
155,82
155,83
155,83
155,82
155,83
155,83
155,82
155,82
156,82
156,82
156,82
156,82
156,82
156,82
156,82
156,82
156,82
156,82
157,82
157,82
157,82
157,82
157,82
157,82
157,82
157,82
157,82
157,82
158,82
158,82
158,82
158,82
158,83
158,82
158,82
158,82
158,82
158,82
159,82
159,82
159,82
159,82
159,82
159,82
159,82
159,82
159,82
159,82
159,82
160,82
160,82
160,82
160,82
160,82
160,82
160,82
160,82
160,82
160,82
161,82
161,82
161,82
161,82
161,82
161,82
161,82
161,82
161,82
161,82
162,82
162,82
162,82
162,82
162,82
162,82
162,82
162,82
162,82
163,82
163,82
163,82
163,82
163,82
163,82
163,82
163,82
163,82
163,82
164,82
164,82
164,82
164,82
164,82
164,82
164,83
164,82
164,82
164,82
165,82
165,82
165,82
165,82
165,83
165,82
165,82
165,82
165,82
165,82
166,82
166,82
166,82
166,82
166,82
166,82
166,82
166,82
166,82
166,82
166,82
167,82
167,82
167,82
167,82
167,82
167,82
167,82
167,82
167,83
167,83
168,82
168,82
168,82
168,82
168,82
168,82
168,82
168,82
168,82
169,83
169,83
169,82
169,82
169,82
169,82
169,82
169,82
169,82
169,82
170,83
170,82
170,82
170,82
170,83
170,83
170,82
170,82
170,82
170,82
171,82
171,81
171,81
171,82
171,82
171,82
171,82
171,82
171,83
171,83
172,83
172,82
172,82
172,82
172,82
172,82
172,82
172,82
172,82
173,82
173,82
173,82
173,82
173,82
173,82
173,82
173,83
173,83
173,82
173,82
173,82
174,82
174,82
174,82
174,82
174,82
174,82
174,82
174,82
174,83
175,82
175,82
175,82
175,82
175,82
175,83
175,82
175,82
175,82
175,83
176,83
176,83
176,83
176,82
176,82
176,82
176,82
176,82
176,82
176,82
177,82
177,83
177,83
177,82
177,82
177,82
177,82
177,83
177,82
177,82
178,83
178,82
178,82
178,82
178,82
178,83
178,83
178,82
178,82
178,82
179,82
179,82
179,82
179,82
179,82
179,82
179,82
179,82
179,82
180,82
180,82
180,82
180,82
180,82
180,82
180,82
180,82
180,82
180,82
180,82
180,82
181,82
181,82
181,82
181,82
181,82
181,82
181,82
181,83
181,82
182,82
182,82
182,82
182,82
182,82
182,82
182,82
182,82
182,82
182,82
183,82
183,82
183,82
183,82
183,83
183,83
183,83
183,82
183,82
183,83
184,82
184,82
184,82
184,82
184,82
184,82
184,82
184,83
184,83
184,83
185,82
185,82
185,82
185,82
185,83
185,82
185,82
185,83
185,82
185,82
186,83
186,82
186,82
186,82
186,82
186,82
186,82
186,82
186,82
187,82
187,82
187,82
187,82
187,82
187,82
187,82
187,82
187,82
187,82
188,82
188,82
188,82
188,82
188,82
188,82
188,82
188,82
188,82
188,83
188,83
188,83
189,82
189,83
189,82
189,82
189,82
189,82
189,82
189,82
189,82
190,82
190,82
190,82
190,82
190,82
190,82
190,82
190,82
190,82
190,82
191,82
191,82
191,82
191,82
191,82
191,82
191,83
191,82
191,82
191,82
192,82
192,82
192,82
192,82
192,82
192,82
192,82
192,82
192,82
192,82
193,82
193,82
193,82
193,82
193,82
193,82
193,82
193,82
193,82
193,82
194,82
194,83
194,82
194,82
194,82
194,82
194,82
194,82
194,82
195,82
195,82
195,82
195,82
195,82
195,82
195,82
195,82
195,82
195,82
196,82
196,82
196,83
196,82
196,82
196,82
196,82
196,83
196,83
196,82
197,82
197,83
197,83
197,82
197,82
197,82
197,82
197,82
197,83
197,83
197,82
198,82
198,82
198,82
198,82
198,83
198,83
198,82
198,83
198,83
198,82
199,82
199,82
199,82
199,82
199,82
199,82
199,82
199,83
199,83
199,83
200,82
200,82
200,82
200,82
200,82
200,82
200,82
200,83
200,82
200,82
201,82
201,82
201,82
201,82
201,82
201,82
201,82
201,82
201,83
202,82
202,82
202,82
202,82
202,82
202,82
202,82
202,82
202,82
202,82
203,82
203,82
203,82
203,82
203,82
203,82
203,82
203,82
203,82
203,82
203,82
204,82
204,82
204,82
204,82
204,83
204,83
204,82
204,83
204,83
204,82
205,82
205,82
205,82
205,82
205,82
205,82
205,82
205,82
205,82
205,82
206,82
206,82
206,82
206,82
206,82
206,82
206,82
206,82
206,83
206,83
207,82
207,82
207,82
207,82
207,82
207,82
207,82
207,82
207,82
208,82
208,82
208,82
208,82
208,82
208,82
208,83
208,83
208,82
208,82
208,82
209,82
209,82
209,82
209,82
209,82
209,82
209,82
209,82
209,82
209,82
210,82
210,82
210,82
210,82
210,82
210,82
210,82
210,83
210,82
210,82
211,82
211,82
211,82
211,82
211,82
211,82
211,82
211,82
211,82
211,82
212,82
212,82
212,82
212,82
212,82
212,82
212,82
212,82
212,82
212,82
213,83
213,82
213,82
213,82
213,83
213,83
213,83
213,82
213,82
214,82
214,82
214,82
214,82
214,82
214,82
214,83
214,82
214,82
214,82
215,82
215,82
215,82
215,82
215,82
215,82
215,83
215,82
215,82
215,82
216,82
216,82
216,82
216,83
216,82
216,82
216,82
216,82
216,82
216,83
217,82
217,82
217,82
217,82
217,82
217,82
217,83
217,82
217,83
217,83
218,82
218,82
218,82
218,82
218,83
218,82
218,82
218,82
218,83
218,83
218,83
219,82
219,82
219,82
219,82
219,83
219,83
219,82
219,82
219,82
219,82
220,82
220,82
220,82
220,82
220,82
220,82
220,82
220,83
220,82
220,82
221,82
221,82
221,82
221,82
221,82
221,82
221,82
221,82
221,83
221,83
222,82
222,82
222,82
222,82
222,83
222,82
222,82
222,82
222,82
223,82
223,82
223,83
223,82
223,82
223,83
223,82
223,82
223,82
223,82
224,82
224,82
224,83
224,82
224,82
224,82
224,83
224,82
224,82
224,82
225,82
225,82
225,82
225,82
225,83
225,83
225,82
225,83
225,83
225,82
226,83
226,82
226,82
226,82
226,82
226,82
226,82
226,82
226,83
226,83
227,82
227,82
227,82
227,83
227,82
227,82
227,82
227,82
227,82
227,82
228,82
228,82
228,82
228,82
228,82
228,82
228,82
228,83
228,82
229,82
229,82
229,82
229,83
229,83
229,83
229,82
229,82
229,82
229,82
229,83
229,83
230,82
230,82
230,82
230,82
230,82
230,82
230,82
230,82
230,83
231,83
231,83
231,82
231,83
231,83
231,82
231,82
231,82
231,82
231,82
232,83
232,83
232,82
232,82
232,82
232,82
232,82
232,83
232,83
232,82
233,82
233,82
233,82
233,82
233,82
233,82
233,82
233,82
233,82
233,82
234,82
234,83
234,83
234,82
234,82
234,82
234,82
234,82
234,82
234,82
235,83
235,82
235,82
235,82
235,82
235,83
235,83
235,82
235,82
235,82
236,82
236,83
236,82
236,82
236,83
236,82
236,82
236,83
236,83
237,82
237,82
237,82
237,82
237,82
237,82
237,83
237,82
237,82
237,82
238,82
238,82
238,82
238,83
238,83
238,83
238,82
238,82
238,82
238,82
238,83
239,83
239,83
239,83
239,82
239,82
239,82
239,82
239,82
239,82
239,82
240,82
240,82
240,83
240,83
240,83
240,82
240,82
240,83
240,82
241,82
241,82
241,83
241,82
241,82
241,82
241,83
241,82
241,82
241,82
242,83
242,83
242,82
242,82
242,83
242,83
242,82
242,83
242,83
242,82
242,82
243,83
243,83
243,83
243,82
243,82
243,82
243,82
243,82
243,82
243,83
244,83
244,83
244,82
244,82
244,82
244,82
244,82
244,82
244,82
244,83
245,82
245,82
245,82
245,82
245,82
245,82
245,82
245,82
245,82
245,82
246,83
246,82
246,82
246,83
246,83
246,83
246,82
246,83
246,83
246,83
247,83
247,82
247,82
247,82
247,82
247,82
247,82
247,83
247,82
247,82
248,82
248,82
248,82
248,82
248,83
248,82
248,82
248,82
248,82
249,82
249,82
249,82
249,82
249,82
249,83
249,83
249,82
249,82
249,82
250,82
250,82
250,83
250,83
250,82
250,82
250,82
250,82
250,82
250,83
250,83
251,83
251,83
251,82
251,82
251,82
251,82
251,83
251,82
251,82
251,82
252,82
252,82
252,82
252,83
252,82
252,82
252,82
252,82
252,82
252,82
253,82
253,83
253,83
253,82
253,82
253,82
253,83
253,83
253,82
253,82
254,83
254,82
254,82
254,82
254,83
254,82
254,82
254,82
254,82
254,82
255,82
255,82
255,82
255,82
255,82
255,82
255,82
255,83
255,82
255,82
256,82
256,83
256,82
256,82
256,82
256,82
256,82
256,82
256,82
257,83
257,83
257,82
257,82
257,83
257,83
257,82
257,82
257,82
257,82
258,82
258,82
258,83
258,82
258,83
258,83
258,83
258,82
258,83
258,83
258,82
259,82
259,82
259,83
259,82
259,82
259,83
259,82
259,82
259,82
259,82
260,82
260,82
260,83
260,83
260,82
260,82
260,82
260,82
260,82
260,82
261,83
261,83
261,83
261,82
261,82
261,82
261,82
261,82
261,82
261,82
262,82
262,82
262,82
262,83
262,82
262,82
262,82
262,82
262,83
262,83
263,83
263,83
263,82
263,82
263,83
263,82
263,82
263,82
263,82
264,82
264,82
264,82
264,82
264,83
264,83
264,83
264,83
264,83
264,82
265,83
265,82
265,82
265,82
265,82
265,82
265,82
265,82
265,82
265,82
266,82
266,83
266,83
266,82
266,82
266,82
266,82
266,82
266,82
266,82
266,83
267,82
267,82
267,83
267,82
267,82
267,82
267,83
267,82
267,82
267,83
268,83
268,83
268,83
268,83
268,82
268,82
268,82
268,82
268,83
268,83
269,83
269,82
269,82
269,82
269,83
269,82
269,82
269,82
269,82
269,82
270,82
270,82
270,82
270,82
270,82
270,82
270,82
270,82
270,83
271,82
271,82
271,82
271,82
271,82
271,82
271,83
271,83
271,83
271,83
272,82
272,82
272,82
272,82
272,82
272,82
272,83
272,83
272,83
272,82
273,82
273,83
273,83
273,82
273,82
273,82
273,83
273,82
273,82
273,82
274,82
274,83
274,83
274,82
274,82
274,82
274,82
274,82
274,82
274,82
274,82
275,83
275,82
275,82
275,82
275,82
275,82
275,82
275,82
275,83
275,83
276,82
276,83
276,82
276,82
276,83
276,83
276,83
276,83
276,83
277,82
277,83
277,83
277,82
277,82
277,82
277,83
277,83
277,82
277,82
278,83
278,82
278,82
278,82
278,82
278,82
278,82
278,83
278,82
278,82
279,82
279,82
279,82
279,83
279,82
279,83
279,83
279,82
279,83
279,83
279,82
280,82
280,82
280,82
280,83
280,82
280,82
280,82
280,82
280,83
280,83
281,83
281,83
281,83
281,82
281,83
281,82
281,82
281,82
281,82
281,82
282,82
282,83
282,83
282,83
282,82
282,82
282,82
282,83
282,82
282,82
283,82
283,83
283,83
283,83
283,82
283,82
283,82
283,82
283,82
284,83
284,83
284,83
284,83
284,83
284,83
284,82
284,83
284,83
284,82
285,83
285,83
285,83
285,82
285,82
285,82
285,83
285,82
285,82
285,83
286,82
286,83
286,83
286,82
286,82
286,82
286,83
286,82
286,83
286,83
287,83
287,83
287,83
287,83
287,83
287,82
287,82
287,82
287,82
287,82
288,82
288,83
288,83
288,83
288,83
288,82
288,82
288,83
288,82
288,82
288,82
289,82
289,83
289,83
289,82
289,82
289,82
289,83
289,82
290,83
290,83
290,83
290,83
290,83
290,82
290,83
290,83
290,83
290,82
290,82
290,82
291,82
291,83
291,83
291,83
291,83
291,83
291,83
291,82
291,82
291,82
292,82
292,82
292,82
292,82
292,82
292,82
292,82
292,82
292,82
293,82
293,82
293,83
293,82
293,82
293,83
293,83
293,82
293,82
293,83
294,82
294,82
294,83
294,82
294,82
294,82
294,82
294,83
294,83
294,83
295,82
295,82
295,82
295,83
295,82
295,82
295,83
295,83
295,82
295,82
296,83
296,82
296,82
296,83
296,83
296,83
296,83
296,83
296,82
296,82
297,82
297,83
297,83
297,83
297,83
297,83
297,83
297,83
297,82
297,83
297,83
298,82
298,82
298,82
298,83
298,82
298,83
298,83
298,82
298,83
298,83
299,82
299,83
299,83
299,83
299,82
299,82
299,82
299,83
299,82
300,83
300,83
300,83
300,82
300,82
300,83
300,83
300,82
300,82
300,83
301,83
301,83
301,82
301,83
301,82
301,82
301,82
301,83
301,83
301,83
302,83
302,83
302,82
302,82
302,83
302,83
302,83
302,82
302,82
302,82
303,83
303,83
303,83
303,83
303,83
303,83
303,83
303,83
303,83
304,83
304,83
304,82
304,83
304,83
304,83
304,83
304,83
304,83
304,83
304,83
304,83
305,82
305,82
305,82
305,82
305,82
305,82
305,82
305,83
305,82
305,82
306,83
306,83
306,83
306,83
306,83
306,82
306,83
306,83
306,82
307,83
307,83
307,83
307,83
307,83
307,83
307,83
307,82
307,82
307,82
308,82
308,82
308,82
308,83
308,82
308,82
308,82
308,83
308,83
308,83
309,82
309,82
309,82
309,82
309,83
309,83
309,83
309,82
309,82
309,82
310,83
310,83
310,83
310,83
310,82
310,83
310,83
310,82
310,82
311,82
311,82
311,83
311,82
311,82
311,82
311,82
311,82
311,82
311,82
312,83
312,83
312,83
312,82
312,82
312,82
312,82
312,82
312,82
312,83
312,82
312,82
313,83
313,82
313,82
313,82
313,83
313,83
313,83
313,82
313,83
314,82
314,82
314,82
314,83
314,83
314,83
314,83
314,83
314,83
314,83
315,83
315,83
315,83
315,82
315,83
315,83
315,82
315,83
315,83
315,82
316,83
316,82
316,82
316,82
316,82
316,82
316,82
316,82
316,82
316,82
317,83
317,83
317,83
317,83
317,82
317,83
317,82
317,82
317,82
318,83
318,83
318,82
318,82
318,83
318,83
318,82
318,82
318,82
318,82
318,83
319,82
319,82
319,82
319,82
319,82
319,83
319,82
319,82
319,82
319,82
320,82
320,82
320,83
320,82
320,83
320,83
320,83
320,82
320,82
320,82
321,82
321,82
321,82
321,83
321,83
321,83
321,83
321,83
321,83
321,83
322,83
322,82
322,82
322,83
322,83
322,83
322,83
322,83
322,83
322,83
323,82
323,82
323,82
323,82
323,82
323,82
323,82
323,83
323,83
323,83
324,82
324,83
324,82
324,82
324,83
324,83
324,83
324,82
324,83
325,83
325,83
325,83
325,82
325,82
325,83
325,82
325,82
325,82
325,83
326,82
326,82
326,82
326,83
326,82
326,82
326,82
326,83
326,83
326,83
327,83
327,83
327,83
327,82
327,82
327,82
327,83
327,82
327,82
327,82
327,83
328,82
328,83
328,83
328,82
328,83
328,83
328,83
328,83
328,83
328,83
329,83
329,82
329,82
329,82
329,83
329,82
329,82
329,82
329,83
329,83
330,83
330,82
330,82
330,83
330,83
330,82
330,82
330,82
330,83
331,83
331,83
331,83
331,83
331,83
331,82
331,82
331,83
331,83
331,82
332,83
332,83
332,83
332,83
332,83
332,83
332,82
332,83
332,83
332,83
332,82
333,82
333,82
333,82
333,83
333,83
333,83
333,82
333,83
333,83
333,83
334,82
334,82
334,83
334,82
334,82
334,82
334,82
334,83
334,83
334,82
335,83
335,83
335,83
335,82
335,83
335,83
335,82
335,83
335,83
335,83
336,83
336,83
336,83
336,82
336,82
336,83
336,83
336,83
336,82
336,82
337,83
337,83
337,82
337,82
337,83
337,83
337,83
337,82
337,83
338,82
338,82
338,83
338,83
338,83
338,83
338,82
338,82
338,82
338,82
339,82
339,82
339,83
339,83
339,83
339,83
339,83
339,82
339,82
339,82
340,82
340,83
340,83
340,83
340,83
340,83
340,82
340,83
340,83
340,83
340,83
341,82
341,82
341,83
341,83
341,82
341,82
341,83
341,83
341,83
341,83
342,83
342,83
342,83
342,83
342,83
342,83
342,82
342,82
342,82
342,82
343,83
343,82
343,82
343,82
343,83
343,83
343,83
343,83
343,82
343,82
344,82
344,82
344,82
344,83
344,83
344,82
344,82
344,83
344,82
344,82
345,82
345,83
345,83
345,83
345,83
345,83
345,83
345,82
345,83
346,82
346,82
346,82
346,83
346,83
346,82
346,83
346,83
346,83
346,83
347,83
347,83
347,82
347,82
347,83
347,83
347,82
347,82
347,82
347,82
348,83
348,83
348,83
348,83
348,83
348,83
348,83
348,82
348,82
348,82
348,82
349,82
349,82
349,82
349,82
349,83
349,83
349,82
349,83
349,83
349,83
350,82
350,82
350,82
350,82
350,82
350,83
350,83
350,82
350,82
350,82
351,82
351,82
351,83
351,83
351,83
351,82
351,82
351,82
351,82
352,83
352,83
352,83
352,83
352,83
352,83
352,83
352,82
352,82
352,82
353,83
353,83
353,82
353,82
353,82
353,82
353,83
353,82
353,82
353,82
354,82
354,82
354,82
354,82
354,83
354,83
354,83
354,82
354,82
354,82
355,82
355,82
355,82
355,83
355,83
355,83
355,83
355,82
355,83
355,83
356,83
356,82
356,82
356,83
356,83
356,83
356,83
356,82
356,82
356,82
356,83
357,83
357,83
357,83
357,83
357,83
357,83
357,82
357,82
357,82
357,82
358,83
358,83
358,83
358,83
358,83
358,82
358,82
358,82
358,83
358,83
359,83
359,83
359,83
359,83
359,82
359,82
359,82
359,83
359,82
360,83
360,83
360,82
360,82
360,82
360,82
360,83
360,83
360,83
360,83
361,82
361,82
361,83
361,83
361,82
361,82
361,82
361,83
361,83
361,82
362,83
362,83
362,83
362,82
362,82
362,82
362,82
362,82
362,83
362,83
363,82
363,83
363,83
363,82
363,83
363,83
363,83
363,83
363,82
363,82
364,83
364,82
364,82
364,82
364,83
364,83
364,83
364,83
364,82
364,82
364,82
365,83
365,82
365,82
365,83
365,83
365,83
365,82
365,82
365,82
365,82
366,83
366,83
366,83
366,82
366,82
366,83
366,83
366,83
366,83
366,83
367,83
367,82
367,83
367,83
367,83
367,83
367,83
367,83
367,82
368,83
368,83
368,83
368,82
368,82
368,83
368,82
368,83
368,83
368,83
369,82
369,82
369,83
369,82
369,82
369,82
369,82
369,83
369,83
369,83
370,83
370,83
370,83
370,82
370,82
370,82
370,83
370,82
370,82
370,82
371,83
371,82
371,82
371,83
371,83
371,83
371,83
371,82
371,83
371,83
372,83
372,82
372,82
372,82
372,82
372,82
372,82
372,82
372,83
372,83
373,83
373,83
373,83
373,83
373,83
373,82
373,82
373,82
373,83
373,83
373,82
374,83
374,82
374,82
374,82
374,83
374,82
374,82
374,83
374,82
374,82
375,82
375,83
375,83
375,83
375,82
375,82
375,82
375,83
375,83
375,83
376,83
376,83
376,82
376,82
376,82
376,83
376,82
376,82
376,82
377,82
377,82
377,82
377,83
377,82
377,82
377,83
377,82
377,82
377,82
378,82
378,83
378,83
378,83
378,83
378,83
378,82
378,83
378,83
378,82
379,82
379,82
379,82
379,83
379,83
379,83
379,83
379,82
379,82
379,82
380,83
380,83
380,83
380,83
380,82
380,83
380,83
380,82
380,82
380,82
381,82
381,83
381,82
381,82
381,83
381,82
381,82
381,83
381,83
381,83
381,83
382,82
382,82
382,82
382,83
382,83
382,82
382,82
382,82
382,82
382,82
383,83
383,83
383,82
383,82
383,82
383,82
383,82
383,83
383,82
384,82
384,82
384,82
384,83
384,83
384,82
384,83
384,83
384,83
384,83
385,82
385,82
385,83
385,83
385,82
385,82
385,83
385,82
385,82
385,82
386,83
386,83
386,83
386,82
386,83
386,83
386,82
386,83
386,83
386,83
387,83
387,83
387,83
387,83
387,82
387,82
387,82
387,82
387,83
387,83
388,82
388,83
388,83
388,82
388,83
388,83
388,82
388,83
388,82
388,82
389,82
389,82
389,83
389,83
389,83
389,82
389,82
389,82
389,83
390,83
390,83
390,83
390,82
390,82
390,83
390,82
390,82
390,82
390,83
390,83
390,83
391,83
391,83
391,83
391,83
391,82
391,83
391,83
391,82
391,82
391,82
392,82
392,83
392,82
392,82
392,82
392,82
392,82
392,82
392,83
393,82
393,82
393,83
393,83
393,83
393,82
393,83
393,82
393,82
393,83
394,83
394,83
394,83
394,83
394,83
394,83
394,83
394,83
394,83
394,82
395,83
395,83
395,83
395,82
395,82
395,82
395,83
395,83
395,83
395,83
396,83
396,83
396,82
396,82
396,82
396,83
396,83
396,83
396,82
397,82
397,82
397,82
397,83
397,83
397,83
397,83
397,82
397,82
397,83
398,83
398,83
398,82
398,82
398,83
398,83
398,82
398,83
398,83
398,83
398,83
399,83
399,83
399,82
399,83
399,82
399,82
399,83
399,83
399,83
399,82
400,82
400,82
400,83
400,82
400,83
400,83
400,83
400,82
400,83
400,83
401,83
401,83
401,83
401,83
401,82
401,83
401,83
401,83
401,82
401,82
402,83
402,83
402,83
402,83
402,82
402,83
402,83
402,82
402,83
402,83
403,83
403,83
403,82
403,82
403,83
403,82
403,82
403,83
403,82
404,82
404,82
404,83
404,82
404,82
404,82
404,82
404,83
404,83
404,82
405,83
405,83
405,82
405,83
405,83
405,83
405,83
405,83
405,83
405,83
406,82
406,83
406,83
406,83
406,82
406,82
406,83
406,82
406,82
406,82
406,82
407,83
407,83
407,82
407,83
407,83
407,82
407,82
407,82
407,82
407,83
408,83
408,83
408,83
408,83
408,82
408,82
408,83
408,83
408,83
408,82
409,83
409,82
409,82
409,83
409,83
409,83
409,83
409,82
409,82
409,82
410,83
410,83
410,83
410,82
410,82
410,83
410,83
410,83
410,82
410,82
411,83
411,82
411,82
411,82
411,83
411,82
411,82
411,83
411,83
411,83
412,82
412,83
412,82
412,82
412,82
412,83
412,83
412,83
412,83
413,82
413,82
413,82
413,83
413,83
413,83
413,82
413,83
413,83
413,83
414,82
414,82
414,82
414,82
414,83
414,83
414,83
414,83
414,83
414,83
414,82
415,83
415,83
415,83
415,82
415,83
415,83
415,82
415,82
415,83
415,83
416,82
416,82
416,82
416,82
416,83
416,83
416,83
416,83
416,82
416,82
417,83
417,82
417,82
417,82
417,82
417,82
417,83
417,83
417,82
418,82
418,82
418,82
418,82
418,83
418,83
418,82
418,82
418,83
418,83
419,83
419,83
419,83
419,83
419,83
419,82
419,82
419,82
419,82
419,82
419,83
420,83
420,82
420,82
420,82
420,82
420,82
420,82
420,83
420,83
420,83
421,82
421,82
421,82
421,83
421,83
421,82
421,82
421,83
421,83
421,83
422,83
422,83
422,83
422,83
422,83
422,82
422,82
422,82
422,82
423,82
423,82
423,83
423,83
423,83
423,83
423,83
423,83
423,83
423,82
424,83
424,83
424,83
424,82
424,82
424,82
424,83
424,82
424,82
424,83
425,83
425,82
425,82
425,83
425,83
425,83
425,83
425,83
425,82
425,82
426,83
426,83
426,83
426,82
426,82
426,83
426,83
426,82
426,83
426,83
427,82
427,83
427,82
427,82
427,83
427,83
427,83
427,83
427,82
427,83
427,83
428,83
428,83
428,83
428,83
428,83
428,82
428,82
428,83
428,83
428,83
429,83
429,82
429,83
429,83
429,83
429,82
429,83
429,83
429,83
430,83
430,82
430,82
430,83
430,83
430,83
430,82
430,82
430,82
430,82
431,82
431,82
431,82
431,83
431,83
431,82
431,82
431,83
431,83
431,83
432,83
432,83
432,83
432,83
432,83
432,82
432,82
432,83
432,83
432,83
433,83
433,82
433,82
433,82
433,82
433,83
433,83
433,83
433,83
433,82
433,82
434,83
434,83
434,82
434,82
434,82
434,83
434,83
434,83
434,82
435,83
435,83
435,83
435,82
435,82
435,83
435,82
435,82
435,82
435,82
436,83
436,83
436,82
436,82
436,83
436,83
436,82
436,83
436,82
436,82
437,82
437,82
437,82
437,83
437,83
437,82
437,82
437,82
437,83
437,83
438,82
438,82
438,83
438,83
438,83
438,83
438,83
438,83
438,83
439,82
439,82
439,82
439,82
439,82
439,82
439,83
439,83
439,83
439,83
439,82
439,82
440,83
440,83
440,82
440,82
440,83
440,82
440,82
440,82
440,82
441,83
441,83
441,82
441,82
441,82
441,82
441,82
441,82
441,82
441,82
442,83
442,83
442,83
442,83
442,83
442,83
442,83
442,82
442,82
442,83
443,83
443,83
443,83
443,83
443,82
443,82
443,83
443,83
443,83
443,82
444,82
444,83
444,83
444,83
444,82
444,82
444,82
444,82
444,82
444,82
445,83
445,82
445,82
445,82
445,82
445,82
445,82
445,82
445,83
445,83
446,82
446,82
446,82
446,83
446,83
446,83
446,83
446,83
446,83
446,83
447,83
447,83
447,83
447,83
447,82
447,82
447,82
447,82
447,83
448,82
448,82
448,82
448,82
448,82
448,82
448,83
448,83
448,83
448,83
448,82
448,82
449,83
449,82
449,82
449,82
449,82
449,83
449,83
449,83
449,82
450,82
450,82
450,83
450,83
450,83
450,82
450,83
450,83
450,83
450,83
451,82
451,82
451,82
451,82
451,83
451,83
451,83
451,83
451,83
451,82
452,83
452,83
452,83
452,83
452,82
452,82
452,82
452,82
452,83
452,83
453,83
453,82
453,82
453,83
453,82
453,83
453,83
453,83
453,82
453,82
454,83
454,83
454,83
454,83
454,83
454,83
454,83
454,83
454,82
455,83
455,83
455,83
455,82
455,82
455,83
455,83
455,83
455,83
455,83
456,83
456,83
456,83
456,82
456,83
456,83
456,83
456,82
456,82
456,83
456,83
457,82
457,82
457,83
457,82
457,82
457,83
457,82
457,82
457,82
457,82
458,83
458,83
458,83
458,82
458,83
458,83
458,83
458,83
458,83
458,83
459,83
459,83
459,83
459,83
459,82
459,82
459,83
459,83
459,82
459,82
460,82
460,83
460,83
460,82
460,83
460,83
460,83
460,83
460,82
460,82
461,82
461,83
461,82
461,82
461,83
461,82
461,82
461,83
461,82
462,82
462,82
462,83
462,82
462,82
462,82
462,82
462,83
462,83
462,82
463,83
463,83
463,82
463,83
463,82
463,82
463,82
463,83
463,83
463,83
463,83
464,82
464,82
464,83
464,82
464,82
464,83
464,82
464,82
464,82
464,82
465,82
465,83
465,83
465,82
465,83
465,83
465,83
465,83
465,82
465,82
466,82
466,82
466,82
466,83
466,82
466,82
466,82
466,83
466,83
466,83
467,83
467,83
467,83
467,83
467,83
467,83
467,83
467,83
467,82
468,82
468,82
468,83
468,82
468,82
468,83
468,82
468,83
468,83
468,82
469,83
469,83
469,83
469,83
469,83
469,83
469,82
469,82
469,82
469,82
469,83
470,82
470,82
470,83
470,82
470,82
470,82
470,82
470,83
470,83
470,83
471,83
471,83
471,83
471,83
471,82
471,82
471,82
471,82
471,83
471,83
472,82
472,83
472,83
472,82
472,83
472,82
472,82
472,83
472,83
472,83
473,83
473,82
473,83
473,83
473,83
473,82
473,82
473,82
473,83
474,82
474,82
474,82
474,83
474,83
474,83
474,82
474,82
474,83
474,83
475,83
475,83
475,83
475,82
475,82
475,83
475,83
475,82
475,82
475,83
476,83
476,83
476,82
476,83
476,82
476,82
476,82
476,82
476,82
476,83
477,83
477,82
477,82
477,82
477,83
477,83
477,82
477,83
477,82
477,82
478,82
478,83
478,83
478,82
478,83
478,83
478,83
478,83
478,83
478,83
478,82
479,82
479,82
479,82
479,82
479,82
479,82
479,83
479,83
479,83
479,82
480,82
480,83
480,83
480,82
480,83
480,83
480,82
480,83
480,83
480,83
481,83
481,83
481,83
481,83
481,82
481,83
481,83
481,82
481,82
481,82
482,82
482,83
482,82
482,82
482,82
482,82
482,82
482,83
482,82
483,82
483,82
483,83
483,83
483,83
483,82
483,83
483,82
483,82
483,83
484,82
484,82
484,83
484,83
484,83
484,82
484,82
484,83
484,83
484,82
485,82
485,82
485,83
485,83
485,83
485,83
485,83
485,82
485,82
485,83
486,83
486,82
486,82
486,83
486,83
486,83
486,82
486,83
486,82
486,82
487,83
487,83
487,83
487,82
487,82
487,82
487,82
487,83
487,82
487,82
487,82
488,83
488,83
488,83
488,82
488,83
488,83
488,83
488,82
488,83
488,83
489,83
489,82
489,82
489,82
489,83
489,82
489,82
489,83
489,82
489,82
490,82
490,82
490,83
490,83
490,83
490,82
490,82
490,83
490,82
491,82
491,82
491,82
491,82
491,82
491,82
491,83
491,83
491,82
491,82
492,82
492,82
492,82
492,82
492,83
492,83
492,82
492,82
492,82
492,82
493,82
493,82
493,82
493,83
493,83
493,82
493,82
493,82
493,83
493,83
493,83
494,83
494,83
494,83
494,82
494,82
494,82
494,83
494,82
494,82
494,82
495,82
495,82
495,82
495,82
495,83
495,82
495,82
495,83
495,83
495,83
496,82
496,83
496,83
496,83
496,83
496,82
496,82
496,82
496,83
497,83
497,83
497,83
497,83
497,83
497,83
497,82
497,82
497,82
497,82
498,82
498,82
498,83
498,83
498,83
498,83
498,82
498,83
498,83
498,83
499,83
499,83
499,83
499,83
499,82
499,82
499,82
499,83
499,82
499,82
500,82
500,83
500,82
500,82
500,82
500,82
500,82
500,83
500,82
500,83
500,83
501,82
501,82
501,82
501,83
501,82
501,83
501,83
501,82
501,83
501,83
502,82
502,82
502,82
502,82
502,82
502,82
502,82
502,83
502,82
503,83
503,83
503,82
503,83
503,83
503,83
503,83
503,83
503,83
503,82
504,82
504,82
504,83
504,82
504,82
504,82
504,83
504,83
504,83
504,83
505,82
505,83
505,83
505,82
505,82
505,82
505,83
505,82
505,83
505,83
506,82
506,83
506,82
506,82
506,82
506,82
506,83
506,83
506,82
506,82
506,82
507,83
507,82
507,83
507,83
507,83
507,82
507,82
507,82
507,82
508,83
508,83
508,82
508,82
508,82
508,82
508,83
508,82
508,82
508,82
509,83
509,83
509,83
509,82
509,82
509,82
509,83
509,83
509,83
509,83
510,83
510,82
510,82
510,82
510,82
510,82
510,82
510,83
510,83
510,83
511,83
511,82
511,82
511,82
511,83
511,83
511,83
511,83
511,82
512,83
512,83
512,82
512,83
512,83
512,82
512,82
512,83
512,83
512,82
513,82
513,82
513,82
513,82
513,82
513,82
513,83
513,82
513,82
513,83
513,82
514,82
514,82
514,83
514,83
514,83
514,83
514,82
514,83
514,83
514,83
515,83
515,83
515,83
515,82
515,83
515,83
515,82
515,82
515,82
515,82
516,83
516,82
516,82
516,83
516,83
516,83
516,83
516,82
516,82
516,82
517,82
517,82
517,82
517,82
517,82
517,82
517,82
517,82
517,82
517,82
518,82
518,82
518,83
518,83
518,83
518,83
518,83
518,83
518,82
519,83
519,83
519,83
519,82
519,82
519,83
519,82
519,82
519,83
519,83
520,83
520,83
520,82
520,83
520,83
520,83
520,82
520,83
520,83
520,82
521,82
521,82
521,82
521,83
521,82
521,82
521,82
521,82
521,82
521,82
521,83
522,82
522,82
522,82
522,83
522,83
522,82
522,83
522,82
522,82
522,83
523,82
523,82
523,82
523,83
523,83
523,83
523,82
523,82
523,82
523,82
524,82
524,82
524,82
524,82
524,82
524,82
524,82
524,82
524,82
524,83
525,82
525,83
525,83
525,82
525,83
525,83
525,82
525,82
525,82
525,82
526,82
526,82
526,82
526,82
526,82
526,82
526,82
526,82
526,82
526,82
527,83
527,83
527,82
527,82
527,82
527,82
527,82
527,82
527,82
528,83
528,83
528,83
528,82
528,82
528,82
528,82
528,82
528,82
528,82
529,82
529,82
529,83
529,82
529,82
529,82
529,82
529,83
529,83
529,82
529,82
530,83
530,83
530,83
530,82
530,82
530,82
530,83
530,82
530,82
530,82
531,82
531,82
531,82
531,82
531,82
531,82
531,82
531,82
531,82
531,83
532,82
532,82
532,82
532,83
532,82
532,82
532,82
532,83
532,82
532,82
533,82
533,82
533,82
533,82
533,82
533,82
533,82
533,82
533,82
533,82
534,82
534,82
534,82
534,82
534,83
534,82
534,82
534,83
534,83
535,82
535,82
535,82
535,82
535,82
535,82
535,82
535,83
535,83
535,82
536,82
536,82
536,82
536,82
536,83
536,83
536,82
536,82
536,82
536,82
536,83
537,83
537,83
537,82
537,83
537,83
537,82
537,82
537,82
537,82
537,83
538,82
538,82
538,82
538,83
538,82
538,82
538,82
538,83
538,83
538,82
539,82
539,82
539,82
539,82
539,82
539,82
539,82
539,83
539,83
539,83
540,83
540,82
540,82
540,82
540,82
540,82
540,82
540,82
540,82
541,82
541,82
541,82
541,82
541,82
541,83
541,82
541,83
541,83
541,82
542,83
542,83
542,83
542,82
542,82
542,82
542,82
542,82
542,82
542,82
543,82
543,82
543,82
543,83
543,82
543,82
543,82
543,82
543,82
543,82
544,82
544,82
544,82
544,83
544,82
544,82
544,82
544,82
544,82
544,82
544,83
545,82
545,82
545,82
545,83
545,83
545,82
545,82
545,83
545,83
545,83
546,82
546,82
546,82
546,82
546,82
546,82
546,83
546,82
546,82
546,82
547,82
547,82
547,82
547,83
547,82
547,82
547,82
547,83
547,83
547,82
548,83
548,83
548,83
548,82
548,82
548,83
548,83
548,83
548,82
548,82
549,82
549,82
549,83
549,83
549,83
549,82
549,82
549,82
549,83
550,82
550,82
550,82
550,82
550,82
550,82
550,83
550,82
550,82
550,82
551,82
551,82
551,82
551,82
551,82
551,82
551,82
551,83
551,82
551,82
552,82
552,82
552,82
552,82
552,82
552,83
552,83
552,82
552,83
552,83
552,82
553,82
553,82
553,82
553,82
553,83
553,83
553,83
553,82
553,82
553,82
554,83
554,82
554,82
554,83
554,82
554,82
554,82
554,82
554,83
554,83
555,83
555,83
555,83
555,83
555,82
555,82
555,82
555,82
555,82
556,82
556,82
556,82
556,82
556,82
556,82
556,82
556,82
556,82
556,82
557,82
557,82
557,83
557,83
557,82
557,82
557,82
557,82
557,82
557,83
558,82
558,82
558,82
558,83
558,82
558,82
558,82
558,82
558,83
558,83
559,83
559,83
559,83
559,83
559,82
559,82
559,82
559,83
559,83
559,83
560,82
560,82
560,82
560,82
560,82
560,82
560,82
560,82
560,82
560,83
560,83
561,82
561,82
561,82
561,82
561,82
561,83
561,83
561,83
561,82
561,82
562,82
562,82
562,83
562,83
562,82
562,83
562,83
562,82
562,82
562,82
563,82
563,82
563,83
563,83
563,83
563,82
563,82
563,82
563,83
564,83
564,83
564,82
564,82
564,82
564,82
564,82
564,83
564,83
564,82
565,82
565,82
565,82
565,82
565,83
565,83
565,82
565,82
565,82
565,83
566,82
566,82
566,82
566,83
566,83
566,83
566,82
566,82
566,82
566,82
567,82
567,82
567,82
567,82
567,82
567,82
567,82
567,82
567,82
567,82
568,82
568,82
568,82
568,82
568,82
568,82
568,82
568,83
568,82
568,82
568,82
569,83
569,82
569,82
569,82
569,82
569,82
569,82
569,82
569,82
569,82
570,82
570,82
570,83
570,83
570,83
570,82
570,82
570,83
570,82
571,82
571,82
571,83
571,82
571,82
571,83
571,83
571,82
571,82
571,82
572,82
572,82
572,83
572,83
572,82
572,82
572,82
572,82
572,82
572,82
573,82
573,82
573,82
573,82
573,82
573,82
573,82
573,82
573,82
573,82
574,83
574,82
574,82
574,83
574,82
574,82
574,82
574,82
574,82
574,82
575,82
575,82
575,82
575,82
575,83
575,82
575,82
575,82
575,83
576,82
576,82
576,82
576,82
576,82
576,83
576,82
576,82
576,82
576,82
576,83
576,83
577,82
577,82
577,83
577,83
577,82
577,82
577,82
577,83
577,82
578,82
578,82
578,83
578,83
578,83
578,83
578,82
578,83
578,83
578,82
579,82
579,82
579,82
579,82
579,82
579,82
579,82
579,83
579,83
579,82
580,82
580,82
580,82
580,82
580,83
580,83
580,82
580,83
580,82
580,82
581,82
581,83
581,83
581,82
581,82
581,82
581,82
581,82
581,82
581,82
582,82
582,82
582,83
582,83
582,82
582,82
582,82
582,82
582,82
583,82
583,82
583,82
583,82
583,82
583,82
583,82
583,82
583,82
583,82
583,83
583,83
584,82
584,82
584,83
584,83
584,82
584,82
584,82
584,82
584,82
584,82
585,82
585,82
585,82
585,82
585,83
585,83
585,83
585,82
585,82
586,82
586,82
586,82
586,82
586,82
586,83
586,82
586,82
586,82
586,82
587,82
587,82
587,82
587,82
587,83
587,83
587,82
587,82
587,82
587,82
588,83
588,83
588,83
588,83
588,83
588,83
588,82
588,82
588,82
588,82
589,82
589,82
589,82
589,82
589,82
589,82
589,82
589,83
589,83
589,83
590,82
590,83
590,82
590,82
590,82
590,83
590,83
590,82
590,82
591,82
591,82
591,83
591,83
591,83
591,82
591,82
591,83
591,83
591,82
592,83
592,83
592,83
592,82
592,83
592,83
592,82
592,82
592,82
592,82
592,82
593,83
593,83
593,82
593,82
593,82
593,82
593,83
593,82
593,82
593,82
594,82
594,82
594,82
594,82
594,82
594,82
594,83
594,83
594,83
594,82
595,82
595,82
595,82
595,82
595,83
595,83
595,82
595,82
595,82
595,82
596,83
596,82
596,82
596,82
596,82
596,82
596,82
596,83
596,82
596,82
597,83
597,82
597,83
597,83
597,82
597,82
597,82
597,82
597,82
598,82
598,82
598,82
598,82
598,82
598,82
598,83
598,82
598,82
598,82
599,83
599,83
599,83
599,83
599,83
599,82
599,83
599,82
599,82
599,83
600,82
600,82
600,82
600,82
600,83
600,83
600,82
600,82
600,82
600,83
601,82
601,82
601,82
601,83
601,82
601,82
601,82
601,82
601,82
601,82
601,83
602,82
602,82
602,82
602,82
602,82
602,82
602,82
602,82
602,82
602,83
603,82
603,82
603,82
603,83
603,82
603,82
603,83
603,82
603,82
603,82
604,82
604,82
604,82
604,82
604,82
604,82
604,82
604,83
604,82
604,82
605,82
605,82
605,82
605,82
605,82
605,82
605,82
605,82
605,82
606,83
606,83
606,82
606,82
606,82
606,82
606,82
606,82
606,82
606,82
607,82
607,82
607,82
607,83
607,82
607,82
607,82
607,82
607,82
607,82
608,82
608,82
608,82
608,82
608,82
608,82
608,82
608,82
608,82
608,82
609,82
609,82
609,82
609,83
609,83
609,82
609,82
609,82
609,83
609,83
609,82
610,82
610,82
610,82
610,82
610,82
610,82
610,82
610,82
610,82
610,82
611,83
611,83
611,83
611,82
611,82
611,82
611,82
611,82
611,82
611,82
612,82
612,82
612,83
612,83
612,82
612,82
612,82
612,82
612,82
613,82
613,82
613,82
613,83
613,82
613,82
613,82
613,83
613,83
613,82
614,82
614,82
614,82
614,82
614,83
614,83
614,82
614,82
614,82
614,82
615,83
615,82
615,82
615,82
615,82
615,82
615,82
615,82
615,82
615,82
616,82
616,82
616,82
616,82
616,83
616,82
616,82
616,83
616,82
616,82
616,82
617,82
617,82
617,82
617,83
617,82
617,82
617,82
617,82
617,82
617,82
618,83
618,82
618,82
618,82
618,82
618,82
618,82
618,82
618,82
619,82
619,82
619,82
619,82
619,82
619,83
619,82
619,82
619,82
619,82
620,82
620,82
620,82
620,82
620,82
620,82
620,82
620,82
620,82
620,82
621,83
621,83
621,82
621,83
621,82
621,82
621,82
621,82
621,82
621,82
622,82
622,82
622,82
622,82
622,83
622,82
622,82
622,82
622,83
622,82
622,82
623,82
623,82
623,82
623,82
623,82
623,82
623,82
623,82
623,82
624,83
624,83
624,82
624,82
624,82
624,82
624,82
624,82
624,82
624,82
625,82
625,82
625,82
625,82
625,82
625,82
625,82
625,82
625,82
625,82
626,82
626,82
626,82
626,82
626,83
626,83
626,82
626,83
626,82
626,82
627,82
627,82
627,82
627,82
627,82
627,82
627,82
627,82
627,83
627,83
628,83
628,82
628,82
628,82
628,82
628,82
628,82
628,82
628,83
628,83
629,82
629,82
629,82
629,82
629,83
629,82
629,82
629,82
629,82
629,81
629,81
630,82
630,82
630,82
630,83
630,82
630,82
630,82
630,82
630,82
630,82
631,82
631,82
631,82
631,82
631,82
631,82
631,82
631,83
631,82
632,82
632,82
632,82
632,82
632,82
632,82
632,82
632,82
632,82
632,82
633,82
633,82
633,82
633,82
633,82
633,82
633,82
633,82
633,82
633,82
634,82
634,82
634,82
634,82
634,83
634,82
634,82
634,82
634,82
634,82
634,82
635,82
635,82
635,82
635,82
635,82
635,82
635,82
635,82
635,82
635,82
636,82
636,82
636,82
636,82
636,82
636,82
636,82
636,82
636,82
637,82
637,82
637,82
637,82
637,82
637,82
637,82
637,82
637,82
637,83
638,82
638,82
638,83
638,82
638,82
638,82
638,82
638,82
638,82
638,82
639,82
639,82
639,82
639,82
639,82
639,82
639,82
639,82
639,82
639,82
640,82
640,83
640,83
640,83
640,82
640,82
640,82
640,82
640,82
640,82
641,83
641,82
641,82
641,82
641,82
641,82
641,82
641,82
641,82
641,82
641,82
642,83
642,83
642,83
642,83
642,82
642,82
642,82
642,82
642,82
642,82
643,82
643,82
643,82
643,82
643,82
643,82
643,82
643,82
643,82
644,82
644,82
644,82
644,82
644,82
644,82
644,82
644,82
644,82
644,82
645,82
645,82
645,82
645,82
645,82
645,82
645,83
645,82
645,82
645,82
646,82
646,82
646,82
646,82
646,82
646,82
646,82
646,82
646,82
646,82
647,82
647,82
647,82
647,82
647,82
647,82
647,82
647,82
647,82
647,82
648,82
648,82
648,82
648,82
648,82
648,82
648,82
648,82
648,82
648,83
648,83
649,82
649,82
649,82
649,82
649,82
649,82
649,82
649,82
649,82
650,82
650,82
650,82
650,82
650,82
650,82
650,82
650,82
650,82
650,82
651,82
651,82
651,82
651,83
651,83
651,82
651,82
651,82
651,82
651,82
652,82
652,82
652,82
652,83
652,82
652,82
652,82
652,82
652,82
652,83
653,82
653,82
653,82
653,82
653,82
653,82
653,82
653,82
653,82
653,82
654,82
654,82
654,82
654,82
654,82
654,82
654,82
654,82
654,82
654,82
655,83
655,82
655,83
655,83
655,82
655,82
655,82
655,82
655,82
656,82
656,82
656,82
656,82
656,82
656,83
656,82
656,82
656,82
656,82
657,83
657,83
657,82
657,82
657,82
657,82
657,82
657,82
657,82
657,82
657,83
657,83
658,82
658,82
658,82
658,82
658,82
658,83
658,83
658,82
658,82
659,82
659,82
659,82
659,82
659,82
659,82
659,82
659,82
659,82
659,82
660,82
660,82
660,82
660,82
660,82
660,82
660,82
660,82
660,83
660,83
661,82
661,82
661,82
661,82
661,82
661,82
661,82
661,82
661,82
661,82
662,82
662,82
662,82
662,82
662,82
662,83
662,83
662,82
662,82
663,82
663,82
663,82
663,82
663,82
663,82
663,82
663,82
663,82
663,82
663,82
663,82
664,82
664,82
664,82
664,82
664,83
664,82
664,82
664,82
664,82
665,82
665,82
665,82
665,82
665,82
665,82
665,82
665,82
665,82
665,82
666,82
666,82
666,82
666,82
666,83
666,83
666,83
666,82
666,82
666,82
667,82
667,82
667,82
667,82
667,82
667,82
667,82
667,82
667,82
667,82
668,82
668,82
668,82
668,82
668,82
668,82
668,83
668,82
668,82
668,82
669,82
669,82
669,82
669,82
669,82
669,82
669,82
669,82
669,82
669,82
670,82
670,82
670,82
670,82
670,82
670,82
670,82
670,82
670,82
671,83
671,83
671,82
671,82
671,82
671,82
671,82
671,82
671,82
671,82
672,82
672,82
672,82
672,82
672,82
672,82
672,82
672,82
672,82
672,82
673,82
673,82
673,82
673,82
673,82
673,82
673,82
673,82
673,82
673,82
673,82
674,82
674,82
674,82
674,82
674,82
674,82
674,82
674,83
674,83
674,82
675,82
675,82
675,82
675,82
