0,0
0,-1
0,-1
0,0
0,-1
0,0
0,0
0,0
0,0
0,0
0,0
1,-1
1,0
1,0
1,0
1,0
1,-1
1,-1
1,0
1,0
1,0
2,-1
2,0
2,0
2,0
2,0
2,0
2,-1
2,-1
2,-1
2,-1
2,-1
3,0
3,-1
3,0
3,0
3,0
3,-1
3,-1
3,0
3,0
3,0
4,-1
4,-1
4,0
4,0
4,0
4,0
4,0
4,-1
4,0
5,-1
5,-1
5,-1
5,0
5,0
5,0
5,0
5,0
5,0
5,0
6,-1
6,-1
6,0
6,-1
6,0
6,0
6,-1
6,0
6,0
6,0
7,0
7,0
7,0
7,0
7,0
7,0
7,0
7,0
7,-1
7,-1
8,0
8,0
8,0
8,0
8,0
8,-1
8,-1
8,0
8,0
8,0
9,0
9,0
9,0
9,0
9,0
9,-1
9,-1
9,0
9,0
10,0
10,0
10,0
10,0
10,0
10,0
10,0
10,-1
10,-1
10,0
10,0
10,0
11,0
11,0
11,0
11,0
11,0
11,0
11,0
11,0
11,0
12,0
12,0
12,0
12,0
12,0
12,0
12,0
12,0
12,0
12,0
13,0
13,0
13,0
13,0
13,0
13,0
13,0
13,0
13,0
13,0
14,0
14,0
14,0
14,0
14,0
14,0
14,0
14,0
14,1
14,1
15,0
15,1
15,1
15,1
15,1
15,2
15,2
15,1
15,1
15,2
15,2
16,2
16,3
16,3
16,3
16,3
16,3
16,4
16,4
16,4
17,4
17,4
17,4
17,5
17,5
17,5
17,5
17,6
17,6
17,6
18,7
18,7
18,8
18,8
18,8
18,8
18,9
18,9
18,9
18,10
19,10
19,11
19,11
19,12
19,12
19,13
19,13
19,14
19,14
19,14
20,14
20,15
20,15
20,16
20,16
20,17
20,17
20,18
20,18
20,18
21,19
21,20
21,21
21,21
21,21
21,22
21,22
21,23
21,24
22,24
22,24
22,25
22,26
22,26
22,26
22,27
22,28
22,28
22,29
22,30
22,30
23,31
23,31
23,32
23,32
23,32
23,34
23,34
23,35
23,36
24,36
24,36
24,37
24,38
24,38
24,39
24,40
24,41
24,41
24,42
25,43
25,43
25,44
25,45
25,46
25,46
25,47
25,48
25,48
25,49
26,50
26,51
26,51
26,52
26,53
26,53
26,54
26,55
26,55
26,56
27,58
27,59
27,59
27,60
27,61
27,62
27,62
27,63
27,64
28,65
28,65
28,66
28,67
28,67
28,69
28,70
28,71
28,71
28,72
29,73
29,73
29,75
29,76
29,77
29,77
29,78
29,79
29,79
29,79
29,79
30,79
30,79
30,78
30,78
30,78
30,78
30,78
30,79
30,79
30,79
31,78
31,79
31,79
31,79
31,79
31,79
31,79
31,79
31,79
31,79
32,79
32,80
32,80
32,79
32,79
32,79
32,79
32,79
32,79
32,79
33,79
33,80
33,79
33,79
33,79
33,79
33,79
33,79
33,79
34,80
34,80
34,79
34,79
34,79
34,79
34,79
34,80
34,80
34,79
35,79
35,79
35,79
35,79
35,79
35,79
35,80
35,79
35,79
35,79
36,79
36,79
36,80
36,79
36,79
36,79
36,79
36,79
36,79
36,79
37,79
37,80
37,80
37,80
37,79
37,79
37,79
37,79
37,79
37,79
37,79
38,79
38,79
38,79
38,79
38,79
38,79
38,79
38,79
38,79
38,79
39,80
39,79
39,79
39,79
39,80
39,80
39,79
39,80
39,80
39,80
40,79
40,79
40,79
40,79
40,79
40,79
40,79
40,79
40,79
41,80
41,80
41,79
41,79
41,79
41,79
41,80
41,79
41,79
41,79
42,79
42,79
42,79
42,80
42,79
42,79
42,79
42,79
42,79
42,79
43,79
43,79
43,80
43,79
43,79
43,79
43,79
43,80
43,80
43,79
44,79
44,79
44,79
44,80
44,79
44,79
44,79
44,79
44,79
44,79
45,79
45,79
45,79
45,80
45,80
45,79
45,79
45,79
45,79
45,79
45,79
46,80
46,80
46,79
46,79
46,79
46,79
46,80
46,80
46,79
46,79
47,79
47,80
47,80
47,79
47,79
47,79
47,79
47,80
47,79
47,79
48,80
48,79
48,79
48,80
48,79
48,80
48,80
48,79
48,80
48,80
49,79
49,80
49,80
49,80
49,80
49,80
49,80
49,79
49,79
50,80
50,80
50,80
50,79
50,79
50,79
50,79
50,79
50,79
50,79
51,80
51,80
51,80
51,79
51,80
51,80
51,80
51,79
51,79
51,79
52,79
52,80
52,80
52,79
52,79
52,79
52,79
52,80
52,80
52,80
53,79
53,79
53,79
53,79
53,79
53,80
53,80
53,79
53,79
53,79
54,79
54,79
54,79
54,79
54,79
54,79
54,79
54,79
54,79
54,80
54,80
55,79
55,79
55,79
55,80
55,80
55,79
55,79
55,79
55,79
55,79
56,79
56,79
56,80
56,80
56,79
56,79
56,79
56,79
56,79
57,79
57,79
57,79
57,79
57,79
57,79
57,80
57,80
57,79
57,79
58,79
58,79
58,80
58,79
58,79
58,79
58,79
58,80
58,80
58,80
59,80
59,80
59,79
59,80
59,79
59,79
59,79
59,79
59,79
59,79
60,80
60,80
60,80
60,80
60,80
60,80
60,79
60,80
60,80
60,80
61,80
61,79
61,79
61,79
61,79
61,79
61,80
61,79
61,80
61,80
62,80
62,80
62,80
62,80
62,79
62,79
62,79
62,80
62,79
62,79
63,80
63,79
63,79
63,79
63,79
63,79
63,79
63,79
63,79
63,80
63,80
64,80
64,79
64,79
64,79
64,79
64,79
64,79
64,79
64,79
64,79
65,79
65,80
65,80
65,80
65,79
65,79
65,79
65,80
65,80
66,80
66,80
66,79
66,80
66,80
66,80
66,80
66,80
66,79
66,80
67,79
67,79
67,79
67,79
67,79
67,79
67,79
67,79
67,79
67,79
68,80
68,80
68,80
68,79
68,79
68,80
68,80
68,79
68,79
68,79
69,79
69,80
69,79
69,79
69,79
69,79
69,79
69,79
69,80
69,80
70,79
70,80
70,80
70,80
70,79
70,80
70,80
70,80
70,80
70,79
70,79
71,80
71,80
71,79
71,79
71,80
71,80
71,80
71,79
71,80
72,79
72,79
72,79
72,79
72,79
72,80
72,79
72,80
72,80
72,80
73,79
73,79
73,80
73,80
73,80
73,80
73,79
73,80
73,80
73,79
74,79
74,79
74,79
74,79
74,79
74,79
74,79
74,79
74,79
74,79
75,80
75,79
75,79
75,80
75,80
75,79
75,79
75,80
75,79
75,79
76,79
76,80
76,79
76,79
76,80
76,80
76,80
76,79
76,79
77,79
77,79
77,79
77,80
77,80
77,80
77,79
77,79
77,79
77,79
78,79
78,79
78,79
78,79
78,80
78,80
78,79
78,80
78,80
78,80
78,80
79,79
79,79
79,79
79,79
79,80
79,80
79,80
79,80
79,80
79,80
80,79
80,79
80,79
80,79
80,79
80,80
80,80
80,80
80,80
81,79
81,79
81,79
81,80
81,80
81,79
81,80
81,80
81,80
81,80
81,80
81,80
82,80
82,80
82,80
82,80
82,80
82,79
82,79
82,80
82,80
82,80
83,80
83,79
83,79
83,79
83,80
83,79
83,80
83,80
83,80
84,79
84,79
84,79
84,80
84,80
84,80
84,79
84,80
84,80
84,80
85,79
85,79
85,79
85,80
85,80
85,80
85,80
85,80
85,80
85,80
86,79
86,79
86,79
86,79
86,80
86,80
86,80
86,79
86,80
86,80
87,80
87,79
87,80
87,80
87,79
87,80
87,80
87,80
87,80
88,79
88,79
88,79
88,80
88,80
88,79
88,80
88,80
88,80
88,80
89,79
89,79
89,80
89,79
89,79
89,79
89,79
89,80
89,80
89,79
90,80
90,80
90,80
90,80
90,79
90,79
90,80
90,79
90,79
90,79
90,80
91,80
91,80
91,79
91,80
91,79
91,79
91,79
91,80
91,79
91,79
92,80
92,79
92,79
92,79
92,79
92,79
92,79
92,80
92,80
92,80
93,79
93,79
93,79
93,79
93,79
93,79
93,79
93,80
93,79
93,79
94,80
94,80
94,80
94,80
94,79
94,80
94,80
94,79
94,79
95,80
95,80
95,79
95,80
95,80
95,80
95,79
95,79
95,79
95,79
96,79
96,79
96,79
96,80
96,79
96,79
96,79
96,80
96,80
96,79
97,80
97,80
97,80
97,79
97,79
97,79
97,79
97,79
97,79
97,79
98,79
98,79
98,79
98,79
98,80
98,80
98,80
98,80
98,79
98,79
98,79
99,79
99,79
99,80
99,80
99,80
99,80
99,80
99,79
99,79
99,80
100,79
100,79
100,79
100,79
100,80
100,80
100,79
100,80
100,79
100,79
101,79
101,79
101,79
101,79
101,79
101,79
101,79
101,80
101,79
101,79
102,80
102,79
102,80
102,80
102,80
102,80
102,80
102,80
102,79
103,80
103,80
103,79
103,80
103,79
103,79
103,79
103,80
103,79
103,79
104,80
104,79
104,79
104,79
104,79
104,80
104,80
104,80
104,79
104,79
104,79
105,79
105,80
105,80
105,80
105,80
105,80
105,79
105,79
105,79
105,80
106,79
106,79
106,79
106,80
106,79
106,80
106,80
106,80
106,79
106,79
107,79
107,79
107,79
107,79
107,79
107,80
107,80
107,79
107,80
108,79
108,79
108,79
108,79
108,79
108,80
108,80
108,80
108,80
108,80
109,80
109,80
109,79
109,79
109,79
109,79
109,80
109,80
109,80
109,79
110,79
110,79
110,79
110,80
110,80
110,80
110,80
110,80
110,79
110,79
111,80
111,79
111,79
111,79
111,80
111,80
111,80
111,80
111,80
111,80
112,79
112,80
112,79
112,79
112,80
112,80
112,80
112,80
112,79
112,79
112,79
113,79
113,80
113,80
113,80
113,80
113,80
113,80
113,79
113,79
113,79
114,80
114,80
114,80
114,80
114,80
114,79
114,79
114,79
114,80
115,79
115,79
115,80
115,80
115,80
115,79
115,80
115,80
115,80
115,80
116,80
116,80
116,79
116,80
116,80
116,80
116,80
116,80
116,80
116,79
117,80
117,80
117,80
117,80
117,80
117,80
117,80
117,79
117,79
117,80
118,79
118,79
118,79
118,79
118,80
118,80
118,80
118,80
118,80
118,79
118,79
119,79
119,80
119,80
119,80
119,80
119,80
119,80
119,80
119,80
119,80
120,80
120,80
120,80
120,80
120,80
120,80
120,80
120,79
120,80
121,79
121,79
121,80
121,80
121,80
121,79
121,79
121,80
121,80
121,80
122,80
122,80
122,80
122,80
122,80
122,80
122,79
122,79
122,79
122,80
123,79
123,80
123,80
123,80
123,80
123,80
123,80
123,80
123,79
123,79
124,80
124,80
124,80
124,80
124,80
124,80
124,80
124,80
124,80
125,80
125,80
125,80
125,80
125,80
125,80
125,80
125,79
125,79
125,80
126,79
126,79
126,80
126,79
126,80
126,80
126,79
126,79
126,79
126,80
126,79
127,80
127,80
127,80
127,80
127,80
127,80
127,80
127,80
127,80
127,80
128,80
128,80
128,80
128,80
128,80
128,80
128,79
128,80
128,80
128,79
129,80
129,80
129,80
129,80
129,80
129,80
129,80
129,79
129,79
129,79
130,80
130,80
130,80
130,80
130,79
130,80
130,80
130,80
130,80
131,80
131,80
131,80
131,80
131,80
131,79
131,80
131,80
131,80
131,79
132,79
132,79
132,80
132,80
132,80
132,80
132,80
132,80
132,80
132,79
132,79
133,80
133,80
133,80
133,80
133,80
133,79
133,79
133,80
133,80
133,79
134,80
134,80
134,80
134,79
134,80
134,80
134,80
134,80
134,80
134,79
135,79
135,79
135,79
135,80
135,80
135,80
135,80
135,80
135,80
135,79
136,80
136,80
136,80
136,79
136,79
136,79
136,80
136,79
136,80
136,80
137,80
137,79
137,80
137,80
137,79
137,80
137,80
137,80
137,80
138,79
138,79
138,79
138,80
138,80
138,80
138,80
138,80
138,80
138,80
139,80
139,80
139,80
139,80
139,80
139,79
139,80
139,79
139,79
139,79
140,80
140,79
140,79
140,80
140,80
140,80
140,80
140,80
140,80
140,80
140,80
141,80
141,80
141,79
141,80
141,80
141,80
141,80
141,80
141,80
141,80
142,80
142,80
142,79
142,80
142,80
142,80
142,79
142,80
142,80
142,80
143,80
143,79
143,79
143,80
143,80
143,80
143,80
143,79
143,80
143,80
144,80
144,80
144,80
144,80
144,80
144,79
144,79
144,80
144,80
144,80
145,80
145,80
145,79
145,79
145,80
145,80
145,80
145,80
145,80
146,80
146,80
146,79
146,80
146,80
146,79
146,80
146,80
146,80
146,79
147,80
147,80
147,80
147,80
147,80
147,80
147,79
147,80
147,80
147,80
148,80
148,80
148,80
148,79
148,80
148,80
148,80
148,80
148,80
148,80
148,80
149,79
149,79
149,80
149,80
149,79
149,79
149,79
149,80
149,80
149,79
150,80
150,80
150,80
150,80
150,80
150,80
150,80
150,80
150,79
150,79
151,80
151,79
151,79
151,80
151,79
151,79
151,79
151,80
151,80
151,80
152,80
152,80
152,80
152,80
152,80
152,80
152,80
152,80
152,80
153,80
153,80
153,80
153,80
153,80
153,80
153,80
153,80
153,80
153,80
154,80
154,80
154,80
154,80
154,80
154,80
154,80
154,80
154,80
154,80
155,80
155,80
155,80
155,79
155,80
155,80
155,79
155,79
155,80
155,80
156,80
156,80
156,80
156,79
156,80
156,80
156,80
156,80
156,80
156,80
157,79
157,80
157,80
157,79
157,80
157,80
157,80
157,79
157,80
157,80
157,80
158,80
158,80
158,80
158,80
158,80
158,80
158,80
158,80
158,80
158,80
159,80
159,80
159,80
159,80
159,80
159,80
159,80
159,80
159,80
159,80
160,80
160,80
160,80
160,80
160,79
160,80
160,80
160,80
160,80
161,80
161,80
161,80
161,80
161,80
161,79
161,80
161,80
161,80
161,80
162,80
162,80
162,80
162,80
162,79
162,79
162,79
162,80
162,80
162,80
163,80
163,80
163,80
163,80
163,80
163,80
163,79
163,80
163,80
163,80
164,80
164,80
164,80
164,80
164,80
164,80
164,80
164,79
164,79
164,79
164,80
165,80
165,80
165,80
165,80
165,80
165,80
165,79
165,80
165,80
165,80
166,79
166,80
166,80
166,80
166,80
166,79
166,79
166,79
166,80
166,80
167,80
167,80
167,80
167,80
167,80
167,80
167,80
167,79
167,80
168,79
168,79
168,80
168,79
168,79
168,80
168,80
168,80
168,80
168,80
169,80
169,80
169,80
169,80
169,80
169,80
169,80
169,80
169,80
169,80
170,80
170,80
170,80
170,80
170,80
170,80
170,80
170,79
170,79
170,80
171,80
171,80
171,80
171,80
171,80
171,80
171,79
171,80
171,80
171,80
172,80
172,80
172,80
172,79
172,80
172,80
172,80
172,79
172,80
172,80
173,80
173,80
173,80
173,80
173,80
173,79
173,79
173,80
173,80
173,79
173,79
174,80
174,80
174,80
174,80
174,80
174,80
174,80
174,80
174,80
174,80
175,79
175,80
175,80
175,80
175,80
175,80
175,80
175,80
175,80
175,80
176,80
176,80
176,80
176,80
176,80
176,80
176,80
176,80
176,80
177,80
177,80
177,79
177,79
177,79
177,80
177,80
177,80
177,80
177,79
178,80
178,80
178,80
178,80
178,79
178,79
178,80
178,80
178,80
178,80
179,80
179,79
179,79
179,80
179,80
179,80
179,80
179,80
179,80
179,80
180,80
180,80
180,80
180,80
180,80
180,80
180,80
180,80
180,80
180,80
181,80
181,80
181,80
181,80
181,80
181,80
181,80
181,80
181,80
181,80
181,80
182,80
182,79
182,79
182,79
182,79
182,80
182,80
182,80
182,80
182,80
183,79
183,80
183,80
183,80
183,79
183,80
183,80
183,80
183,80
184,79
184,79
184,80
184,80
184,80
184,80
184,79
184,79
184,79
184,80
185,80
185,80
185,80
185,80
185,80
185,80
185,80
185,79
185,80
185,80
186,80
186,80
186,80
186,79
186,80
186,80
186,80
186,80
186,79
186,79
187,79
187,80
187,80
187,80
187,80
187,80
187,80
187,80
187,79
187,79
188,79
188,79
188,80
188,80
188,80
188,80
188,80
188,80
188,80
189,80
189,80
189,80
189,79
189,79
189,80
189,79
189,80
189,80
189,80
189,80
189,80
190,80
190,80
190,80
190,80
190,80
190,80
190,80
190,80
190,80
191,80
191,80
191,80
191,80
191,80
191,80
191,80
191,79
191,79
191,79
192,80
192,80
192,80
192,80
192,80
192,80
192,80
192,80
192,80
192,80
193,80
193,80
193,80
193,79
193,80
193,80
193,80
193,80
193,79
193,79
194,79
194,79
194,79
194,80
194,80
194,80
194,80
194,80
194,80
194,80
195,80
195,80
195,80
195,80
195,80
195,80
195,80
195,80
195,80
196,80
196,80
196,80
196,80
196,80
196,80
196,80
196,80
196,80
196,80
196,80
196,80
197,80
197,80
197,80
197,80
197,80
197,80
197,80
197,80
197,80
198,80
198,80
198,80
198,80
198,80
198,80
198,80
198,80
198,80
198,80
199,80
199,80
199,80
199,80
199,80
199,80
199,80
199,80
199,80
199,80
200,80
200,79
200,79
200,80
200,80
200,80
200,80
200,80
200,80
200,80
201,80
201,80
201,80
201,79
201,80
201,79
201,79
201,80
201,80
201,80
202,80
202,80
202,80
202,80
202,80
202,80
202,80
202,79
202,79
202,79
203,80
203,80
203,80
203,80
203,80
203,80
203,80
203,80
203,80
204,79
204,79
204,79
204,80
204,80
204,80
204,80
204,80
204,80
204,80
205,80
205,80
205,80
205,80
205,79
205,79
205,80
205,80
205,80
205,80
205,80
206,80
206,80
206,80
206,80
206,80
206,80
206,80
206,80
206,80
206,80
207,80
207,80
207,80
207,79
207,79
207,80
207,80
207,80
207,80
207,80
208,80
208,80
208,80
208,80
208,80
208,80
208,80
208,80
208,80
208,80
209,80
209,80
209,80
209,80
209,80
209,80
209,80
209,80
209,80
209,80
210,80
210,80
210,80
210,80
210,80
210,80
210,80
210,80
210,80
210,80
211,80
211,80
211,80
211,80
211,80
211,80
211,80
211,80
211,80
211,80
212,80
212,80
212,80
212,80
212,80
212,80
212,80
212,79
212,80
213,80
213,80
213,80
213,80
213,80
213,80
213,80
213,80
213,80
213,80
214,80
214,80
214,80
214,80
214,80
214,80
214,79
214,80
214,80
214,80
214,80
215,80
215,80
215,80
215,80
215,80
215,80
215,80
215,80
215,80
215,80
216,80
216,80
216,79
216,80
216,80
216,80
216,80
216,80
216,80
216,79
217,80
217,80
217,80
217,80
217,79
217,79
217,79
217,80
217,80
217,80
218,80
218,80
218,80
218,80
218,80
218,80
218,80
218,80
218,80
218,80
219,80
219,80
219,80
219,79
219,80
219,80
219,80
219,80
219,80
219,80
220,80
220,79
220,80
220,80
220,80
220,80
220,80
220,80
220,80
221,80
221,80
221,80
221,80
221,80
221,80
221,80
221,79
221,79
221,80
222,80
222,80
222,80
222,80
222,80
222,80
222,80
222,80
222,80
222,80
223,80
223,80
223,80
223,80
223,80
223,80
223,80
223,80
223,80
223,80
223,79
224,80
224,80
224,80
224,79
224,80
224,80
224,80
224,80
224,80
224,80
225,79
225,79
225,79
225,79
225,80
225,80
225,79
225,80
225,80
225,80
226,79
226,80
226,80
226,79
226,80
226,79
226,79
226,80
226,80
226,80
227,79
227,80
227,80
227,80
227,80
227,80
227,80
227,80
227,80
228,80
228,80
228,80
228,80
228,80
228,80
228,80
228,80
228,80
228,80
229,79
229,79
229,80
229,80
229,80
229,80
229,80
229,80
229,80
229,80
229,80
230,80
230,80
230,80
230,80
230,80
230,79
230,80
230,80
230,80
230,80
231,80
231,80
231,80
231,80
231,80
231,80
231,80
231,80
231,80
231,80
232,80
232,80
232,80
232,80
232,80
232,80
232,80
232,80
232,80
233,79
233,79
233,80
233,80
233,80
233,80
233,80
233,80
233,80
233,80
234,80
234,80
234,80
234,80
234,80
234,80
234,80
234,79
234,79
234,80
235,80
235,80
235,80
235,80
235,80
235,80
235,80
235,80
235,80
235,80
235,80
236,80
236,80
236,80
236,80
236,80
236,80
236,79
236,80
236,80
236,80
237,80
237,80
237,80
237,80
237,80
237,80
237,80
237,80
237,80
237,80
238,80
238,80
238,80
238,80
238,80
238,80
238,80
238,80
238,80
238,80
239,80
239,79
239,79
239,80
239,80
239,80
239,80
239,79
239,80
239,80
240,80
240,80
240,80
240,80
240,80
240,80
240,80
240,80
240,80
241,80
241,80
241,80
241,80
241,80
241,80
241,79
241,80
241,80
241,80
242,80
242,80
242,80
242,80
242,80
242,80
242,80
242,80
242,79
242,79
242,80
243,80
243,80
243,80
243,80
243,79
243,79
243,79
243,80
243,80
243,80
244,79
244,80
244,80
244,79
244,79
244,79
244,79
244,79
244,79
244,80
245,79
245,80
245,80
245,80
245,80
245,80
245,80
245,80
245,80
245,80
246,80
246,80
246,80
246,80
246,80
246,80
246,80
246,80
246,79
246,79
247,80
247,80
247,80
247,80
247,80
247,80
247,80
247,80
247,80
247,80
248,80
248,80
248,80
248,80
248,80
248,79
248,79
248,80
248,80
249,80
249,80
249,79
249,80
249,80
249,80
249,80
249,81
249,81
249,80
250,80
250,80
250,80
250,80
250,79
250,79
250,80
250,80
250,80
250,80
251,80
251,80
251,80
251,80
251,79
251,79
251,79
251,80
251,80
251,80
252,80
252,80
252,80
252,79
252,80
252,80
252,80
252,80
252,80
252,80
252,80
253,79
253,80
253,80
253,80
253,80
253,80
253,79
253,79
253,80
253,80
254,79
254,80
254,80
254,80
254,80
254,80
254,80
254,80
254,80
254,80
255,80
255,80
255,80
255,80
255,80
255,80
255,80
255,80
255,80
256,80
256,80
256,80
256,80
256,79
256,79
256,80
256,80
256,80
256,80
257,80
257,79
257,79
257,80
257,80
257,80
257,80
257,80
257,80
257,80
258,80
258,80
258,80
258,80
258,80
258,80
258,80
258,80
258,80
258,80
259,80
259,79
259,80
259,80
259,80
259,79
259,79
259,80
259,80
259,80
259,80
260,80
260,80
260,80
260,79
260,80
260,80
260,80
260,80
260,79
260,79
261,80
261,80
261,80
261,80
261,79
261,79
261,79
261,80
261,80
262,80
262,80
262,80
262,80
262,80
262,80
262,80
262,80
262,80
262,80
263,80
263,80
263,80
263,80
263,80
263,80
263,80
263,80
263,80
263,80
264,80
264,80
264,80
264,80
264,79
264,79
264,80
264,80
264,80
264,80
265,80
265,80
265,80
265,79
265,80
265,80
265,80
265,80
265,80
265,80
266,79
266,80
266,80
266,80
266,80
266,80
266,80
266,80
266,80
266,80
266,80
267,80
267,80
267,80
267,80
267,80
267,80
267,80
267,80
267,80
267,80
268,80
268,80
268,80
268,80
268,79
268,80
268,80
268,79
268,80
269,80
269,80
269,80
269,80
269,80
269,80
269,80
269,80
269,80
269,80
270,80
270,80
270,80
270,80
270,80
270,80
270,80
270,80
270,80
270,80
271,80
271,80
271,80
271,80
271,80
271,80
271,80
271,80
271,79
271,79
272,80
272,80
272,80
272,80
272,80
272,80
272,80
272,79
272,80
273,80
273,80
273,80
273,80
273,80
273,80
273,80
273,80
273,80
273,80
273,80
273,80
274,80
274,80
274,80
274,80
274,80
274,80
274,80
274,80
274,80
274,80
275,80
275,80
275,80
275,80
275,80
275,80
275,80
275,80
275,80
276,80
276,80
276,80
276,80
276,80
276,80
276,80
276,79
276,79
276,80
277,80
277,80
277,80
277,80
277,79
277,79
277,80
277,80
277,80
277,80
278,79
278,79
278,80
278,80
278,80
278,80
278,80
278,80
278,80
278,80
279,80
279,80
279,80
279,80
279,80
279,80
279,80
279,80
279,79
279,79
280,80
280,80
280,80
280,80
280,80
280,80
280,80
280,80
280,80
280,80
281,80
281,80
281,80
281,79
281,80
281,80
281,80
281,80
281,80
281,80
282,80
282,80
282,80
282,80
282,80
282,80
282,80
282,80
282,80
282,80
283,80
283,80
283,79
283,79
283,80
283,80
283,80
283,80
283,80
284,80
284,80
284,80
284,80
284,80
284,80
284,80
284,80
284,80
284,80
285,80
285,80
285,80
285,79
285,80
285,80
285,80
285,80
285,80
285,79
285,80
285,80
286,80
286,80
286,80
286,80
286,80
286,80
286,80
286,80
286,80
287,80
287,80
287,80
287,80
287,80
287,80
287,80
287,80
287,80
287,80
288,80
288,80
288,80
288,80
288,80
288,80
288,79
288,79
288,79
288,80
289,80
289,80
289,80
289,80
289,80
289,80
289,80
289,80
289,80
289,79
290,80
290,80
290,80
290,80
290,80
290,80
290,80
290,80
290,80
290,80
291,80
291,80
291,80
291,80
291,80
291,80
291,80
291,80
291,80
291,80
292,80
292,80
292,79
292,79
292,80
292,80
292,80
292,80
292,80
292,80
293,80
293,80
293,80
293,80
293,80
293,80
293,80
293,80
293,80
294,80
294,80
294,80
294,80
294,80
294,80
294,80
294,79
294,79
294,80
294,80
295,80
295,80
295,80
295,79
295,80
295,80
295,80
295,80
295,80
295,80
296,80
296,80
296,80
296,80
296,80
296,80
296,80
296,80
296,80
296,80
297,79
297,79
297,79
297,80
297,80
297,80
297,80
297,80
297,80
297,80
298,80
298,80
298,80
298,80
298,80
298,79
298,79
298,80
298,81
298,81
299,80
299,80
299,80
299,80
299,80
299,80
299,80
299,80
299,80
300,80
300,80
300,80
300,80
300,80
300,80
300,80
300,80
300,80
300,80
301,80
301,80
301,80
301,80
301,80
301,80
301,80
301,79
301,79
301,80
301,80
302,79
302,79
302,79
302,80
302,80
302,80
302,80
302,80
302,80
302,80
303,80
303,80
303,80
303,79
303,80
303,80
303,80
303,80
303,80
303,79
304,80
304,80
304,80
304,80
304,80
304,80
304,80
304,80
304,80
304,80
305,80
305,80
305,80
305,80
305,80
305,80
305,79
305,80
305,80
305,80
306,80
306,80
306,80
306,80
306,80
306,80
306,80
306,80
306,80
307,80
307,80
307,80
307,80
307,80
307,80
307,80
307,80
307,80
307,80
308,80
308,80
308,79
308,80
308,80
308,80
308,80
308,80
308,80
308,80
308,80
309,79
309,79
309,79
309,80
309,80
309,80
309,80
309,80
309,80
309,80
310,80
310,80
310,80
310,80
310,79
310,79
310,80
310,80
310,80
310,80
311,80
311,80
311,80
311,80
311,80
311,80
311,80
311,80
311,80
311,80
312,80
312,80
312,80
312,80
312,80
312,80
312,80
312,80
312,80
312,80
313,79
313,80
313,80
313,80
313,80
313,80
313,80
313,80
313,80
314,79
314,79
314,80
314,80
314,80
314,80
314,80
314,80
314,80
314,80
315,80
315,80
315,80
315,79
315,80
315,80
315,80
315,80
315,80
315,80
315,80
316,80
316,80
316,80
316,80
316,80
316,80
316,80
316,80
316,80
316,80
317,80
317,80
317,80
317,80
317,80
317,80
317,80
317,80
317,80
317,80
318,80
318,80
318,80
318,80
318,80
318,80
318,80
318,79
318,79
318,80
319,80
319,80
319,80
319,80
319,80
319,80
319,80
319,80
319,80
319,80
320,80
320,80
320,80
320,80
320,80
320,80
320,80
320,80
320,80
320,80
321,80
321,80
321,80
321,80
321,80
321,80
321,80
321,80
321,80
322,80
322,80
322,80
322,80
322,80
322,80
322,79
322,80
322,80
322,80
322,80
323,80
323,80
323,80
323,80
323,80
323,80
323,79
323,80
323,80
323,80
324,80
324,80
324,80
324,80
324,80
324,80
324,80
324,80
324,80
324,80
325,80
325,80
325,80
325,80
325,79
325,79
325,79
325,80
325,80
325,80
326,80
326,80
326,80
326,80
326,80
326,80
326,80
326,79
326,80
326,80
327,80
327,80
327,80
327,80
327,80
327,80
327,80
327,80
327,80
327,80
328,80
328,80
328,80
328,80
328,80
328,80
328,80
328,80
328,80
329,80
329,80
329,80
329,79
329,79
329,80
329,80
329,80
329,80
329,80
330,80
330,80
330,80
330,80
330,80
330,80
330,80
330,80
330,80
330,80
331,80
331,80
331,80
331,80
331,80
331,80
331,80
331,80
331,80
331,80
331,80
332,80
332,80
332,80
332,80
332,80
332,80
332,80
332,80
332,80
332,80
333,80
333,80
333,80
333,80
333,80
333,80
333,80
333,80
333,80
333,80
334,80
334,79
334,79
334,80
334,80
334,80
334,80
334,80
334,80
334,80
335,80
335,80
335,80
335,80
335,80
335,80
335,80
335,80
335,80
335,80
336,80
336,80
336,80
336,80
336,80
336,80
336,80
336,80
336,80
337,80
337,80
337,80
337,80
337,80
337,80
337,80
337,80
337,80
337,80
338,80
338,80
338,80
338,80
338,80
338,80
338,80
338,80
338,80
338,80
339,80
339,80
339,80
339,80
339,80
339,80
339,79
339,80
339,80
339,80
339,80
340,80
340,80
340,80
340,80
340,80
340,80
340,80
340,80
340,80
340,80
341,80
341,80
341,80
341,80
341,80
341,80
341,80
341,80
341,80
341,80
342,79
342,80
342,80
342,80
342,79
342,80
342,80
342,80
342,80
342,80
343,80
343,80
343,80
343,80
343,81
343,80
343,80
343,80
343,80
344,80
344,80
344,80
344,80
344,80
344,80
344,80
344,80
344,80
344,80
345,80
345,80
345,80
345,80
345,80
345,79
345,80
345,80
345,80
345,80
346,80
346,80
346,80
346,80
346,80
346,80
346,80
346,80
346,80
346,80
346,80
347,80
347,80
347,80
347,80
347,80
347,80
347,80
347,80
347,80
347,80
348,80
348,80
348,79
348,80
348,80
348,80
348,80
348,80
348,80
348,80
349,80
349,80
349,80
349,80
349,80
349,80
349,80
349,80
349,80
349,80
350,80
350,80
350,80
350,80
350,80
350,80
350,80
350,80
350,80
351,80
351,80
351,80
351,80
351,80
351,80
351,80
351,80
351,80
351,80
352,80
352,80
352,79
352,80
352,80
352,80
352,80
352,80
352,80
352,80
353,80
353,80
353,80
353,80
353,80
353,80
353,80
353,80
353,80
353,80
353,80
354,80
354,80
354,80
354,80
354,80
354,80
354,80
354,80
354,80
354,80
355,80
355,80
355,80
355,80
355,79
355,79
355,80
355,80
355,80
355,80
356,80
356,80
356,80
356,80
356,80
356,80
356,80
356,80
356,80
356,80
357,80
357,79
357,80
357,80
357,80
357,80
357,80
357,80
357,80
358,80
358,80
358,80
358,80
358,80
358,80
358,80
358,80
358,80
358,80
359,80
359,80
359,80
359,80
359,80
359,80
359,80
359,80
359,80
359,80
360,80
360,80
360,80
360,80
360,80
360,80
360,80
360,80
360,80
360,80
361,80
361,80
361,80
361,80
361,80
361,80
361,80
361,80
361,80
361,80
361,80
362,80
362,80
362,80
362,80
362,80
362,80
362,80
362,80
362,80
362,80
363,80
363,80
363,80
363,80
363,80
363,80
363,80
363,80
363,80
364,80
364,80
364,79
364,80
364,80
364,80
364,80
364,80
364,80
364,80
365,80
365,80
365,80
365,80
365,80
365,80
365,80
365,80
365,80
365,80
366,80
366,80
366,79
366,80
366,80
366,80
366,80
366,80
366,80
366,80
367,80
367,80
367,80
367,80
367,80
367,80
367,80
367,80
367,80
367,80
368,80
368,80
368,80
368,80
368,80
368,80
368,80
368,80
368,80
368,80
368,80
369,80
369,80
369,80
369,80
369,80
369,80
369,80
369,80
369,80
369,80
370,80
370,80
370,80
370,80
370,80
370,80
370,80
370,80
370,80
371,80
371,80
371,80
371,80
371,80
371,80
371,79
371,80
371,80
371,80
372,80
372,80
372,80
372,80
372,80
372,80
372,80
372,80
372,80
372,80
373,80
373,80
373,80
373,80
373,80
373,80
373,80
373,80
373,80
373,80
374,80
374,80
374,80
374,80
374,80
374,80
374,80
374,80
374,80
374,80
375,80
375,80
375,80
375,80
375,80
375,80
375,80
375,80
375,80
375,80
376,80
376,80
376,80
376,80
376,80
376,80
376,80
376,80
376,80
376,80
376,80
377,80
377,80
377,80
377,80
377,80
377,80
377,80
377,79
377,80
377,80
378,80
378,80
378,80
378,80
378,80
378,80
378,80
378,80
378,80
379,80
379,80
379,80
379,80
379,80
379,80
379,79
379,80
379,80
379,79
380,80
380,80
380,80
380,80
380,80
380,80
380,80
380,80
380,80
380,80
381,80
381,80
381,80
381,80
381,80
381,80
381,80
381,80
381,80
381,80
382,80
382,80
382,80
382,80
382,80
382,80
382,80
382,80
382,80
382,80
383,80
383,80
383,81
383,81
383,80
383,80
383,80
383,80
383,80
383,80
383,80
384,80
384,80
384,80
384,80
384,80
384,80
384,80
384,80
384,80
384,80
385,80
385,80
385,80
385,80
385,80
385,80
385,80
385,80
385,80
386,80
386,80
386,80
386,80
386,80
386,80
386,80
386,80
386,80
386,80
387,80
387,80
387,80
387,80
387,80
387,80
387,80
387,80
387,80
387,80
388,80
388,80
388,80
388,80
388,80
388,80
388,80
388,80
388,80
388,80
389,80
389,80
389,80
389,80
389,80
389,80
389,80
389,80
389,80
390,80
390,80
390,80
390,80
390,80
390,80
390,80
390,80
390,80
390,80
391,80
391,80
391,80
391,80
391,80
391,80
391,80
391,80
391,80
391,80
391,80
392,80
392,80
392,80
392,80
392,80
392,80
392,80
392,80
392,80
392,80
393,80
393,80
393,80
393,80
393,80
393,80
393,80
393,80
393,80
393,80
394,80
394,80
394,80
394,80
394,80
394,80
394,80
394,80
394,80
394,80
395,80
395,80
395,80
395,80
395,80
395,80
395,80
395,80
395,80
395,80
396,80
396,80
396,80
396,80
396,80
396,80
396,80
396,80
396,80
396,80
397,80
397,80
397,80
397,80
397,80
397,80
397,80
397,80
397,80
397,80
398,80
398,80
398,80
398,80
398,80
398,80
398,80
398,80
398,80
399,80
399,80
399,80
399,80
399,80
399,80
399,80
399,80
399,80
399,80
400,80
400,80
400,80
400,80
400,80
400,80
400,80
400,80
400,80
400,80
400,80
401,80
401,80
401,80
401,80
401,80
401,80
401,80
401,80
401,80
401,79
402,80
402,80
402,80
402,80
402,80
402,80
402,80
402,80
402,80
402,80
403,80
403,80
403,80
403,80
403,80
403,80
403,80
403,80
403,80
404,80
404,80
404,80
404,80
404,80
404,80
404,80
404,80
404,80
404,80
405,80
405,80
405,80
405,80
405,80
405,80
405,79
405,80
405,80
405,80
406,80
406,80
406,80
406,80
406,80
406,80
406,80
406,80
406,80
406,80
406,80
407,80
407,80
407,80
407,80
407,80
407,80
407,80
407,80
407,80
407,80
408,80
408,80
408,80
408,80
408,80
408,80
408,80
408,80
408,80
408,80
409,80
409,80
409,80
409,80
409,80
409,80
409,80
409,80
409,80
409,80
410,80
410,80
410,80
410,80
410,80
410,80
410,80
410,80
410,79
410,79
411,80
411,80
411,80
411,80
411,80
411,80
411,80
411,80
411,80
412,80
412,80
412,80
412,80
412,80
412,80
412,80
412,80
412,80
412,80
413,80
413,80
413,80
413,80
413,80
413,80
413,80
413,80
413,80
413,80
414,79
414,80
414,80
414,80
414,80
414,80
414,80
414,79
414,80
414,80
414,80
415,80
415,80
415,80
415,80
415,80
415,80
415,80
415,80
415,80
415,80
416,80
416,80
416,80
416,80
416,80
416,80
416,80
416,80
416,80
417,80
417,80
417,80
417,80
417,80
417,80
417,80
417,80
417,80
417,80
418,80
418,80
418,80
418,80
418,80
418,80
418,80
418,80
418,80
418,79
419,80
419,80
419,80
419,80
419,79
419,79
419,80
419,80
419,80
419,80
420,80
420,80
420,80
420,80
420,80
420,80
420,80
420,80
420,80
420,80
421,80
421,80
421,80
421,80
421,80
421,80
421,80
421,80
421,80
422,80
422,80
422,80
422,80
422,80
422,80
422,80
422,80
422,80
422,80
422,80
422,80
423,80
423,80
423,80
423,80
423,80
423,79
423,79
423,80
423,80
423,80
424,80
424,80
424,80
424,80
424,80
424,80
424,80
424,80
424,80
425,80
425,80
425,80
425,80
425,80
425,80
425,80
425,80
425,80
425,80
426,80
426,80
426,80
426,80
426,80
426,80
426,80
426,80
426,80
426,80
427,80
427,80
427,80
427,80
427,80
427,80
427,80
427,80
427,80
427,80
428,80
428,80
428,80
428,80
428,80
428,80
428,80
428,80
428,80
428,80
429,80
429,80
429,80
429,80
429,80
429,80
429,80
429,80
429,80
430,81
430,81
430,80
430,80
430,80
430,80
430,80
430,80
430,80
430,80
430,80
430,80
431,80
431,80
431,80
431,80
431,80
431,80
431,80
431,80
431,80
432,80
432,80
432,80
432,80
432,80
432,80
432,80
432,80
432,80
432,80
433,80
433,80
433,79
433,80
433,80
433,80
433,80
433,80
433,80
433,80
434,80
434,80
434,80
434,80
434,80
434,80
434,80
434,80
434,80
434,80
435,80
435,80
435,80
435,80
435,80
435,80
435,80
435,80
435,80
435,80
436,80
436,80
436,80
436,80
436,80
436,80
436,80
436,80
436,80
436,80
437,80
437,80
437,80
437,80
437,80
437,80
437,80
437,80
437,80
437,80
438,80
438,81
438,80
438,80
438,80
438,80
438,80
438,80
438,80
439,80
439,80
439,80
439,80
439,80
439,79
439,80
439,80
439,80
439,80
439,80
439,80
440,80
440,80
440,80
440,80
440,80
440,80
440,80
440,80
440,80
441,80
441,80
441,80
441,80
441,80
441,80
441,80
441,80
441,80
441,80
442,80
442,80
442,80
442,80
442,80
442,80
442,80
442,80
442,80
442,80
443,80
443,80
443,80
443,80
443,80
443,80
443,80
443,80
443,80
443,80
444,80
444,80
444,80
444,80
444,80
444,80
444,80
444,80
444,80
444,80
445,80
445,80
445,80
445,80
445,79
445,80
445,80
445,80
445,80
445,80
446,80
446,80
446,80
446,80
446,80
446,79
446,79
446,80
446,80
446,80
447,80
447,80
447,80
447,80
447,80
447,80
447,80
447,80
447,80
447,80
448,80
448,80
448,80
448,80
448,80
448,80
448,80
448,80
448,80
448,80
449,80
449,80
449,80
449,80
449,80
449,80
449,80
449,80
449,80
450,80
450,80
450,80
450,80
450,80
450,80
450,80
450,80
450,80
450,80
451,80
451,80
451,80
451,80
451,80
451,80
451,80
451,80
451,80
451,80
452,80
452,80
452,80
452,80
452,80
452,80
452,80
452,80
452,80
452,80
453,80
453,80
453,80
453,80
453,80
453,80
453,80
453,80
453,80
453,80
453,80
454,80
454,80
454,80
454,80
454,80
454,80
454,80
454,80
454,80
454,80
455,80
455,80
455,80
455,80
455,80
455,80
455,80
455,80
455,80
455,80
456,80
456,80
456,80
456,80
456,80
456,80
456,80
456,80
456,80
456,80
457,80
457,80
457,80
457,80
457,80
457,80
457,80
457,80
457,80
457,80
458,80
458,80
458,80
458,80
458,80
458,80
458,80
458,80
458,80
459,80
459,80
459,80
459,80
459,80
459,80
459,80
459,80
459,80
459,80
460,80
460,80
460,80
460,80
460,80
460,80
460,80
460,80
460,80
460,80
461,80
461,80
461,80
461,80
461,80
461,80
461,80
461,80
461,80
461,80
461,79
462,80
462,80
462,80
462,80
462,80
462,80
462,80
462,80
462,80
462,80
463,80
463,80
463,80
463,80
463,80
463,80
463,80
463,80
463,80
463,80
464,80
464,80
464,80
464,80
464,80
464,80
464,80
464,80
464,80
465,80
465,80
465,80
465,80
465,80
465,80
465,80
465,80
465,80
465,80
466,80
466,80
466,80
466,80
466,80
466,80
466,80
466,80
466,80
466,80
467,80
467,80
467,80
467,80
467,80
467,80
467,80
467,80
467,80
467,80
467,80
468,80
468,80
468,80
468,80
468,80
468,80
468,80
468,80
468,80
468,80
469,80
469,80
469,80
469,80
469,80
469,80
469,80
469,80
469,80
469,80
470,80
470,80
470,80
470,80
470,80
470,80
470,80
470,80
470,80
470,80
471,80
471,80
471,80
471,80
471,80
471,80
471,80
471,80
471,80
471,80
472,80
472,80
472,80
472,80
472,80
472,80
472,80
472,80
472,80
472,80
473,80
473,80
473,80
473,80
473,80
473,80
473,80
473,80
473,80
473,80
474,80
474,80
474,80
474,80
474,80
474,80
474,80
474,80
474,80
474,80
475,80
475,80
475,80
475,80
475,80
475,80
475,80
475,80
475,80
475,80
476,80
476,80
476,80
476,80
476,80
476,80
476,80
476,80
476,80
476,80
477,80
477,80
477,80
477,80
477,80
477,80
477,80
477,80
477,80
477,80
478,80
478,80
478,80
478,80
478,80
478,80
478,80
478,80
478,80
479,80
479,80
479,80
479,80
479,80
479,80
479,80
479,80
479,80
479,80
480,80
480,80
480,80
480,80
480,80
480,80
480,80
480,80
480,80
480,80
481,80
481,80
481,80
481,80
481,80
481,80
481,80
481,80
481,79
481,79
481,80
482,80
482,80
482,80
482,80
482,80
482,80
482,80
482,80
482,80
482,80
483,80
483,80
483,80
483,80
483,80
483,80
483,80
483,80
483,80
483,80
484,80
484,80
484,80
484,80
484,80
484,80
484,80
484,80
484,80
484,80
485,80
485,80
485,80
485,80
485,80
485,80
485,80
485,80
485,80
485,80
486,80
486,80
486,80
486,80
486,80
486,80
486,80
486,80
486,80
486,80
487,80
487,80
487,81
487,81
487,80
487,80
487,80
487,80
487,80
