0,0
0,78
0,78
0,78
0,78
0,78
0,78
0,78
0,78
0,77
0,77
1,78
1,78
1,78
1,78
1,78
1,78
1,78
1,79
1,78
1,78
2,78
2,78
2,78
2,78
2,78
2,78
2,78
2,78
2,78
2,78
3,78
3,78
3,78
3,78
3,78
3,78
3,78
3,78
3,78
3,78
3,78
4,78
4,78
4,78
4,78
4,78
4,78
4,78
4,78
4,79
4,79
5,79
5,78
5,78
5,78
5,78
5,78
5,78
5,78
5,78
5,78
6,78
6,78
6,78
6,78
6,78
6,78
6,78
6,78
6,78
7,78
7,78
7,78
7,78
7,78
7,78
7,78
7,78
7,78
7,78
8,78
8,79
8,79
8,79
8,78
8,78
8,78
8,78
8,78
8,78
9,78
9,78
9,78
9,78
9,78
9,78
9,78
9,78
9,79
9,79
10,78
10,79
10,79
10,78
10,79
10,78
10,78
10,78
10,78
10,78
11,78
11,78
11,78
11,78
11,78
11,78
11,78
11,79
11,78
11,78
11,78
12,78
12,78
12,78
12,78
12,78
12,78
12,78
12,78
12,78
12,78
13,78
13,78
13,78
13,78
13,78
13,78
13,78
13,78
13,78
14,78
14,78
14,78
14,78
14,78
14,78
14,79
14,79
14,79
14,78
15,78
15,78
15,79
15,78
15,79
15,79
15,78
15,78
15,78
15,78
16,78
16,78
16,78
16,78
16,78
16,78
16,78
16,79
16,78
16,78
17,78
17,79
17,79
17,78
17,78
17,78
17,78
17,78
17,78
17,78
18,78
18,78
18,79
18,79
18,79
18,78
18,78
18,78
18,79
18,78
18,78
19,78
19,78
19,78
19,78
19,79
19,78
19,78
19,79
19,78
19,78
20,79
20,78
20,78
20,78
20,79
20,78
20,78
20,78
20,78
20,78
21,79
21,78
21,79
21,79
21,79
21,78
21,78
21,78
21,78
22,79
22,79
22,79
22,78
22,78
22,78
22,78
22,78
22,78
22,78
23,78
23,78
23,78
23,78
23,78
23,78
23,79
23,78
23,78
23,78
24,79
24,78
24,78
24,78
24,78
24,78
24,79
24,78
24,78
24,78
25,79
25,79
25,79
25,78
25,78
25,79
25,79
25,78
25,78
25,78
26,79
26,78
26,79
26,79
26,79
26,78
26,78
26,78
26,78
27,79
27,79
27,78
27,78
27,78
27,78
27,79
27,78
27,78
27,78
27,79
27,79
28,79
28,79
28,79
28,79
28,79
28,78
28,78
28,79
28,78
29,78
29,78
29,78
29,79
29,79
29,78
29,78
29,79
29,79
29,78
30,79
30,79
30,78
30,79
30,79
30,79
30,78
30,79
30,79
30,79
31,78
31,78
31,78
31,78
31,79
31,79
31,78
31,78
31,79
31,79
32,79
32,79
32,79
32,79
32,78
32,79
32,79
32,79
32,79
32,79
33,78
33,78
33,78
33,78
33,78
33,79
33,79
33,78
33,78
34,78
34,78
34,79
34,78
34,78
34,79
34,78
34,79
34,79
34,78
35,78
35,78
35,79
35,78
35,79
35,79
35,78
35,79
35,79
35,78
35,79
36,79
36,79
36,78
36,78
36,78
36,79
36,79
36,78
36,78
36,78
37,79
37,79
37,79
37,78
37,79
37,79
37,79
37,79
37,79
37,79
38,79
38,78
38,78
38,79
38,79
38,79
38,79
38,79
38,79
38,79
39,79
39,78
39,78
39,79
39,78
39,79
39,79
39,79
39,78
39,78
40,79
40,79
40,79
40,79
40,79
40,79
40,79
40,79
40,79
41,78
41,78
41,79
41,78
41,78
41,79
41,79
41,79
41,79
41,78
42,79
42,79
42,79
42,79
42,78
42,78
42,78
42,79
42,79
42,79
42,79
43,78
43,78
43,79
43,79
43,79
43,79
43,79
43,78
43,78
43,79
44,79
44,79
44,79
44,78
44,79
44,79
44,79
44,79
44,78
44,78
45,78
45,79
45,79
45,79
45,79
45,79
45,79
45,78
45,78
45,78
46,79
46,79
46,78
46,78
46,79
46,79
46,79
46,79
46,79
47,79
47,79
47,79
47,79
47,79
47,79
47,78
47,79
47,79
47,79
48,79
48,79
48,79
48,79
48,79
48,79
48,78
48,78
48,78
48,79
49,79
49,79
49,79
49,78
49,79
49,79
49,78
49,79
49,79
49,79
49,79
50,79
50,79
50,79
50,79
50,79
50,79
50,79
50,79
50,79
50,79
51,79
51,79
51,79
51,79
51,79
51,79
51,79
51,79
51,78
51,78
52,79
52,79
52,79
52,79
52,79
52,79
52,79
52,79
52,79
53,79
53,79
53,79
53,79
53,79
53,79
53,79
53,79
53,78
53,79
54,79
54,79
54,79
54,79
54,79
54,79
54,78
54,78
54,78
54,79
55,79
55,79
55,79
55,79
55,79
55,79
55,79
55,79
55,79
55,79
56,79
56,79
56,79
56,79
56,79
56,79
56,79
56,79
56,79
56,79
57,79
57,79
57,79
57,78
57,79
57,79
57,79
57,79
57,79
57,79
57,79
58,79
58,78
58,78
58,79
58,79
58,79
58,79
58,79
58,79
58,79
59,79
59,79
59,79
59,79
59,79
59,79
59,79
59,79
59,79
59,79
60,79
60,79
60,79
60,79
60,79
60,78
60,78
60,79
60,78
60,78
61,79
61,78
61,79
61,79
61,79
61,79
61,79
61,79
61,79
62,79
62,79
62,79
62,79
62,79
62,79
62,79
62,79
62,79
62,79
63,79
63,79
63,79
63,79
63,79
63,79
63,79
63,79
63,78
63,79
64,78
64,78
64,79
64,79
64,79
64,79
64,79
64,79
64,79
64,79
65,79
65,79
65,79
65,79
65,79
65,79
65,79
65,79
65,79
65,79
66,79
66,79
66,79
66,79
66,79
66,79
66,79
66,78
66,79
66,79
67,79
67,79
67,79
67,79
67,79
67,79
67,79
67,79
67,79
67,79
67,79
68,79
68,79
68,79
68,79
68,79
68,79
68,79
68,79
68,79
68,78
69,79
69,79
69,79
69,79
69,79
69,79
69,79
69,78
69,79
69,79
70,79
70,79
70,79
70,79
70,79
70,79
70,79
70,79
70,79
70,79
71,79
71,79
71,79
71,79
71,79
71,79
71,79
71,78
71,79
72,79
72,79
72,79
72,78
72,78
72,79
72,79
72,79
72,79
72,79
73,79
73,79
73,79
73,79
73,79
73,79
73,79
73,79
73,79
73,79
74,79
74,79
74,79
74,79
74,79
74,79
74,79
74,79
74,79
74,79
75,79
75,78
75,79
75,79
75,79
75,79
75,79
75,79
75,79
75,79
75,79
76,79
76,79
76,79
76,78
76,79
76,79
76,79
76,79
76,79
76,79
77,79
77,79
77,79
77,79
77,79
77,79
77,79
77,79
77,79
78,79
78,79
78,79
78,79
78,79
78,79
78,79
78,79
78,79
78,79
79,79
79,79
79,79
79,79
79,79
79,79
79,79
79,79
79,79
79,79
80,79
80,79
80,79
80,79
80,79
80,79
80,79
80,79
80,79
80,79
81,79
81,80
81,80
81,79
81,79
81,79
81,79
81,79
81,79
81,79
82,79
82,79
82,79
82,79
82,79
82,79
82,79
82,79
82,79
82,79
83,79
83,79
83,79
83,79
83,79
83,79
83,79
83,79
83,79
83,79
83,79
84,79
84,79
84,79
84,79
84,79
84,79
84,79
84,79
84,79
84,79
85,79
85,79
85,79
85,79
85,79
85,79
85,79
85,79
85,79
86,79
86,79
86,79
86,79
86,79
86,79
86,79
86,79
86,79
86,79
87,79
87,79
87,79
87,79
87,79
87,79
87,80
87,79
87,79
87,79
88,79
88,79
88,79
88,79
88,79
88,79
88,79
88,79
88,79
88,79
89,79
89,79
89,79
89,79
89,79
89,79
89,79
89,79
89,79
90,79
90,79
90,79
90,79
90,79
90,79
90,79
90,79
90,79
90,79
90,79
90,79
91,79
91,79
91,79
91,79
91,79
91,79
91,79
91,79
91,79
92,79
92,79
92,79
92,79
92,79
92,79
92,79
92,79
92,79
92,79
93,79
93,79
93,79
93,79
93,79
93,79
93,79
93,79
93,79
93,79
94,79
94,79
94,79
94,79
94,79
94,79
94,79
94,79
94,79
94,79
95,79
95,79
95,79
95,79
95,79
95,79
95,79
95,79
95,79
95,79
96,79
96,79
96,80
96,80
96,79
96,79
96,79
96,79
96,79
97,79
97,79
97,79
97,79
97,79
97,79
97,79
97,79
97,79
97,79
97,79
98,79
98,79
98,79
98,79
98,79
98,79
98,79
98,79
98,79
98,79
99,79
99,79
99,79
99,79
99,79
99,79
99,79
99,79
99,79
99,79
100,79
100,79
100,79
100,79
100,79
100,79
100,79
100,79
100,79
100,79
101,79
101,79
101,79
101,79
101,79
101,79
101,79
101,79
101,79
102,79
102,79
102,79
102,79
102,79
102,79
102,79
102,79
102,79
102,80
103,79
103,79
103,79
103,79
103,79
103,79
103,79
103,79
103,79
103,79
104,79
104,79
104,79
104,79
104,79
104,79
104,79
104,79
104,79
104,79
104,79
105,79
105,79
105,79
105,79
105,79
105,79
105,79
105,79
105,79
105,79
106,79
106,79
106,79
106,79
106,79
106,79
106,79
106,79
106,79
106,79
107,79
107,79
107,79
107,79
107,79
107,79
107,79
107,79
107,79
107,79
108,79
108,79
108,79
108,79
108,79
108,79
108,79
108,79
108,79
109,79
109,79
109,79
109,79
109,79
109,79
109,79
109,80
109,79
109,79
109,79
110,79
110,79
110,79
110,79
110,79
110,79
110,79
110,79
110,79
110,79
111,79
111,79
111,79
111,79
111,79
111,79
111,79
111,79
111,79
111,79
112,79
112,79
112,79
112,79
112,79
112,80
112,80
112,79
112,79
112,79
113,79
113,79
113,79
113,79
113,79
113,80
113,80
113,79
113,79
114,79
114,79
114,79
114,79
114,79
114,79
114,79
114,79
114,79
114,79
115,79
115,79
115,79
115,79
115,79
115,79
115,79
115,79
115,79
115,79
116,79
116,79
116,79
116,79
116,79
116,79
116,79
116,79
116,79
116,79
116,79
117,79
117,79
117,79
117,79
117,79
117,79
117,79
117,79
117,79
117,79
118,79
118,79
118,79
118,79
118,79
118,79
118,79
118,79
118,79
118,79
119,79
119,79
119,79
119,79
119,79
119,79
119,79
119,80
119,80
119,79
120,79
120,79
120,79
120,80
120,80
120,80
120,79
120,79
120,79
120,79
121,80
121,79
121,79
121,79
121,79
121,79
121,79
121,79
121,79
121,79
122,79
122,80
122,79
122,79
122,79
122,79
122,79
122,79
122,80
123,80
123,80
123,80
123,79
123,79
123,79
123,79
123,79
123,79
123,80
124,80
124,80
124,79
124,79
124,79
124,79
124,79
124,79
124,79
124,79
125,79
125,79
125,79
125,79
125,80
125,80
125,79
125,79
125,79
125,79
125,79
126,79
126,79
126,79
126,80
126,80
126,79
126,79
126,79
126,79
126,79
127,79
127,79
127,80
127,80
127,79
127,79
127,79
127,79
127,79
127,79
128,79
128,79
128,79
128,80
128,79
128,79
128,79
128,79
128,80
128,80
129,79
129,79
129,79
129,79
129,79
129,79
129,79
129,79
129,80
130,79
130,79
130,79
130,79
130,80
130,80
130,79
130,79
130,79
130,79
130,79
131,79
131,79
131,79
131,79
131,79
131,79
131,79
131,79
131,79
131,79
132,79
132,79
132,79
132,79
132,80
132,80
132,80
132,79
132,80
132,80
133,79
133,79
133,79
133,79
133,79
133,79
133,79
133,79
133,79
134,79
134,79
134,79
134,79
134,79
134,79
134,79
134,79
134,79
134,80
135,79
135,79
135,79
135,79
135,79
135,79
135,79
135,80
135,80
135,79
136,79
136,79
136,80
136,79
136,80
136,80
136,79
136,79
136,79
136,80
137,79
137,79
137,79
137,79
137,79
137,79
137,79
137,79
137,79
137,79
137,79
138,80
138,79
138,79
138,80
138,80
138,80
138,79
138,79
138,79
138,79
139,79
139,79
139,79
139,79
139,79
139,79
139,80
139,79
139,79
139,79
140,79
140,79
140,79
140,79
140,79
140,79
140,79
140,79
140,79
140,79
141,80
141,79
141,79
141,79
141,79
141,79
141,79
141,79
141,79
142,79
142,79
142,79
142,79
142,79
142,79
142,79
142,79
142,79
142,79
143,79
143,79
143,79
143,79
143,79
143,79
143,79
143,79
143,79
143,79
144,79
144,79
144,79
144,79
144,79
144,79
144,79
144,79
144,79
144,79
145,79
145,79
145,79
145,79
145,79
145,79
145,79
145,79
145,79
145,79
145,80
146,79
146,80
146,80
146,79
146,79
146,79
146,79
146,79
146,79
146,80
147,79
147,79
147,79
147,79
147,79
147,79
147,79
147,79
147,79
147,79
148,79
148,79
148,79
148,79
148,79
148,79
148,79
148,79
148,80
148,80
149,79
149,80
149,80
149,80
149,80
149,80
149,80
149,79
149,79
150,79
150,79
150,79
150,79
150,79
150,79
150,79
150,79
150,79
150,79
151,79
151,79
151,79
151,79
151,79
151,79
151,79
151,79
151,79
151,79
152,80
152,79
152,79
152,79
152,80
152,80
152,80
152,80
152,79
152,79
153,79
153,79
153,79
153,80
153,80
153,80
153,80
153,79
153,80
153,80
153,79
154,80
154,79
154,79
154,79
154,79
154,79
154,80
154,79
154,79
154,79
155,79
155,79
155,79
155,79
155,79
155,79
155,79
155,79
155,80
155,80
156,80
156,79
156,79
156,79
156,80
156,79
156,79
156,79
156,79
157,79
157,79
157,80
157,79
157,79
157,79
157,79
157,79
157,79
157,80
158,79
158,79
158,80
158,79
158,79
158,79
158,79
158,79
158,79
158,79
159,80
159,79
159,79
159,79
159,79
159,79
159,79
159,79
159,79
159,79
160,79
160,79
160,79
160,80
160,79
160,79
160,80
160,80
160,79
160,79
161,79
161,79
161,79
161,79
161,79
161,79
161,79
161,79
161,80
161,80
162,79
162,79
162,80
162,80
162,80
162,79
162,79
162,79
162,79
162,79
162,79
163,80
163,79
163,79
163,80
163,80
163,79
163,79
163,80
163,79
163,79
164,80
164,79
164,79
164,80
164,80
164,80
164,80
164,80
164,80
164,80
165,80
165,79
165,80
165,80
165,80
165,80
165,80
165,79
165,79
166,80
166,80
166,79
166,80
166,80
166,79
166,79
166,79
166,79
166,79
167,79
167,79
167,80
167,79
167,79
167,80
167,79
167,79
167,79
167,79
168,79
168,79
168,79
168,79
168,79
168,79
168,79
168,79
168,79
168,79
169,79
169,79
169,79
169,79
169,79
169,79
169,79
169,80
169,80
169,80
170,79
170,79
170,79
170,79
170,79
170,79
170,79
170,80
170,79
170,79
171,79
171,79
171,79
171,79
171,79
171,79
171,79
171,79
171,79
171,79
171,79
172,80
172,79
172,79
172,79
172,79
172,79
172,79
172,79
172,80
172,80
173,80
173,79
173,79
173,80
173,79
173,80
173,80
173,80
173,79
173,79
174,78
174,79
174,80
174,80
174,79
174,79
174,79
174,79
174,79
175,79
175,79
175,79
175,80
175,80
175,80
175,80
175,79
175,79
175,79
176,79
176,79
176,79
176,79
176,79
176,79
176,79
176,79
176,79
176,79
177,79
177,80
177,80
177,79
177,79
177,79
177,79
177,79
177,80
177,80
178,80
178,79
178,79
178,79
178,79
178,79
178,79
178,80
178,80
178,80
179,79
179,80
179,79
179,79
179,79
179,79
179,79
179,79
179,80
179,79
179,79
180,79
180,79
180,79
180,79
180,79
180,79
180,79
180,80
180,79
180,79
181,79
181,79
181,79
181,79
181,80
181,80
181,80
181,80
181,79
181,79
182,79
182,79
182,79
182,79
182,79
182,79
182,79
182,79
182,79
183,79
183,79
183,80
183,79
183,79
183,79
183,80
183,80
183,80
183,79
184,79
184,79
184,80
184,80
184,79
184,79
184,79
184,80
184,80
184,79
185,79
185,79
185,79
185,80
185,79
185,79
185,79
185,79
185,79
185,79
186,79
186,80
186,80
186,80
186,79
186,79
186,79
186,79
186,79
186,80
187,79
187,79
187,79
187,80
187,80
187,80
187,79
187,79
187,79
187,79
188,79
188,80
188,80
188,80
188,79
188,79
188,79
188,79
188,79
188,79
189,79
189,79
189,80
189,80
189,79
189,80
189,80
189,79
189,79
190,79
190,79
190,80
190,80
190,80
190,79
190,79
190,80
190,80
190,79
190,79
190,79
191,80
191,79
191,79
191,79
191,79
191,79
191,80
191,80
191,80
192,79
192,79
192,79
192,79
192,79
192,79
192,79
192,80
192,80
192,80
193,80
193,79
193,79
193,80
193,79
193,79
193,79
193,79
193,80
193,80
194,80
194,79
194,79
194,80
194,79
194,80
194,80
194,79
194,80
194,80
195,79
195,79
195,79
195,79
195,79
195,80
195,80
195,80
195,79
196,80
196,80
196,79
196,79
196,79
196,79
196,79
196,79
196,79
196,80
197,79
197,80
197,80
197,79
197,80
197,80
197,80
197,79
197,79
197,79
197,80
198,79
198,79
198,79
198,80
198,80
198,80
198,79
198,80
198,80
198,80
199,79
199,80
199,79
199,79
199,79
199,79
199,79
199,79
199,80
200,80
200,80
200,79
200,79
200,79
200,79
200,79
200,80
200,80
200,79
201,80
201,80
201,80
201,80
201,80
201,80
201,80
201,80
201,80
201,79
202,79
202,79
202,79
202,79
202,80
202,80
202,80
202,79
202,79
202,79
202,80
203,79
203,79
203,80
203,79
203,79
203,79
203,79
203,80
203,80
203,79
204,80
204,80
204,80
204,80
204,80
204,80
204,80
204,79
204,80
204,80
205,80
205,80
205,80
205,79
205,79
205,79
205,79
205,80
205,80
205,80
206,80
206,80
206,80
206,80
206,80
206,79
206,79
206,80
206,79
207,79
207,79
207,79
207,80
207,80
207,80
207,80
207,80
207,80
207,79
208,79
208,79
208,80
208,79
208,80
208,80
208,79
208,80
208,79
208,79
209,79
209,80
209,80
209,80
209,80
209,79
209,79
209,79
209,80
209,80
209,79
210,79
210,79
210,80
210,80
210,80
210,80
210,79
210,80
210,80
210,80
211,79
211,79
211,79
211,80
211,80
211,79
211,79
211,80
211,80
212,80
212,80
212,79
212,80
212,79
212,79
212,80
212,80
212,80
212,80
213,79
213,80
213,80
213,79
213,79
213,79
213,80
213,80
213,80
213,80
214,79
214,80
214,80
214,80
214,80
214,80
214,80
214,80
214,80
214,80
215,80
215,80
215,80
215,80
215,79
215,79
215,79
215,80
215,80
215,80
215,80
216,79
216,80
216,80
216,80
216,79
216,79
216,80
216,79
216,80
216,80
217,80
217,79
217,79
217,79
217,79
217,80
217,80
217,80
217,80
217,80
218,80
218,79
218,80
218,80
218,80
218,79
218,79
218,79
218,79
219,79
219,79
219,80
219,80
219,80
219,79
219,79
219,80
219,80
219,80
220,79
220,79
220,79
220,80
220,80
220,80
220,79
220,79
220,79
220,80
221,80
221,79
221,79
221,79
221,80
221,80
221,79
221,80
221,79
221,79
222,80
222,79
222,79
222,80
222,79
222,79
222,79
222,79
222,80
222,80
222,79
223,80
223,79
223,79
223,80
223,79
223,79
223,79
223,79
223,79
223,79
224,79
224,80
224,80
224,80
224,79
224,79
224,79
224,79
224,79
224,79
225,80
225,79
225,80
225,80
225,80
225,80
225,80
225,80
225,80
226,80
226,80
226,80
226,79
226,79
226,79
226,80
226,80
226,80
226,80
227,80
227,80
227,80
227,79
227,80
227,80
227,79
227,79
227,79
227,79
228,80
228,79
228,79
228,80
228,80
228,80
228,79
228,80
228,80
228,79
229,80
229,79
229,79
229,80
229,80
229,80
229,80
229,80
229,80
229,80
230,79
230,80
230,79
230,79
230,79
230,79
230,79
230,79
230,80
230,79
230,79
231,79
231,79
231,79
231,80
231,79
231,79
231,79
231,79
231,80
231,80
232,80
232,79
232,80
232,80
232,80
232,80
232,80
232,80
232,80
233,79
233,79
233,80
233,80
233,80
233,80
233,80
233,80
233,80
233,80
234,80
234,80
234,79
234,80
234,80
234,80
234,80
234,79
234,79
234,79
235,80
235,80
235,80
235,80
235,80
235,80
235,79
235,80
235,79
235,79
236,80
236,80
236,79
236,79
236,79
236,80
236,80
236,79
236,79
236,80
236,80
237,80
237,80
237,80
237,80
237,80
237,79
237,79
237,80
237,80
237,80
238,80
238,79
238,79
238,80
238,79
238,79
238,79
238,80
238,80
239,79
239,79
239,80
239,80
239,79
239,79
239,80
239,79
239,79
239,80
240,79
240,79
240,79
240,80
240,79
240,79
240,79
240,79
240,80
240,80
241,79
241,80
241,80
241,80
241,79
241,79
241,79
241,80
241,79
241,79
242,80
242,79
242,80
242,80
242,79
242,79
242,80
242,80
242,80
242,79
242,79
243,80
243,80
243,80
243,80
243,79
243,79
243,79
243,79
243,80
244,79
244,79
244,80
244,80
244,80
244,79
244,80
244,80
244,80
244,79
245,79
245,79
245,80
245,80
245,79
245,79
245,80
245,79
245,79
245,79
246,79
246,79
246,79
246,80
246,79
246,80
246,80
246,80
246,80
246,80
247,80
247,80
247,80
247,80
247,80
247,79
247,79
247,79
247,79
248,80
248,80
248,80
248,80
248,79
248,79
248,79
248,79
248,79
248,79
248,80
249,80
249,80
249,80
249,79
249,79
249,79
249,79
249,80
249,80
249,79
250,80
250,79
250,79
250,79
250,79
250,79
250,80
250,80
250,79
250,79
251,80
251,80
251,80
251,80
251,80
251,79
251,79
251,80
251,79
251,79
252,80
252,80
252,80
252,80
252,80
252,80
252,80
252,79
252,80
253,79
253,79
253,80
253,79
253,79
253,80
253,79
253,80
253,80
253,80
254,80
254,80
254,80
254,79
254,79
254,80
254,79
254,80
254,80
254,80
254,80
255,80
255,80
255,80
255,79
255,79
255,80
255,80
255,79
255,79
255,80
256,79
256,79
256,79
256,79
256,80
256,80
256,79
256,79
256,79
256,79
257,79
257,79
257,80
257,79
257,79
257,79
257,80
257,79
257,79
257,79
258,80
258,80
258,80
258,80
258,80
258,79
258,79
258,80
258,80
258,80
259,79
259,80
259,80
259,80
259,80
259,80
259,80
259,80
259,80
259,80
260,80
260,80
260,80
260,80
260,80
260,80
260,80
260,80
260,80
261,80
261,80
261,80
261,80
261,80
261,79
261,80
261,80
261,80
261,80
262,80
262,80
262,80
262,80
262,80
262,80
262,80
262,80
262,80
262,80
262,79
263,80
263,80
263,80
263,80
263,80
263,80
263,80
263,79
263,79
263,80
264,79
264,79
264,79
264,80
264,80
264,80
264,80
264,80
264,80
264,79
265,80
265,80
265,80
265,79
265,80
265,80
265,80
265,79
265,79
265,80
266,80
266,80
266,80
266,80
266,79
266,79
266,79
266,80
266,79
266,79
267,80
267,79
267,79
267,80
267,80
267,79
267,79
267,80
267,80
267,80
268,80
268,80
268,80
268,80
268,79
268,79
268,79
268,80
268,80
269,80
269,80
269,80
269,80
269,80
269,80
269,79
269,80
269,80
269,80
270,79
270,79
270,79
270,80
270,79
270,79
270,80
270,80
270,80
270,79
270,80
271,79
271,79
271,80
271,79
271,79
271,79
271,79
271,80
271,80
271,80
272,79
272,80
272,80
272,79
272,80
272,80
272,80
272,79
272,80
272,80
273,80
273,80
273,80
273,80
273,80
273,80
273,80
273,80
273,80
273,80
274,80
274,80
274,80
274,80
274,80
274,80
274,80
274,80
274,80
275,79
275,79
275,79
275,80
275,80
275,80
275,80
275,80
275,80
275,80
276,79
276,79
276,79
276,80
276,79
276,79
276,79
276,80
276,80
276,80
276,80
277,79
277,79
277,80
277,80
277,80
277,80
277,79
277,79
277,80
277,80
278,80
278,80
278,80
278,80
278,80
278,79
278,79
278,80
278,80
278,79
279,79
279,79
279,79
279,80
279,79
279,79
279,80
279,80
279,80
279,80
280,79
280,79
280,79
280,79
280,80
280,80
280,80
280,79
280,80
280,80
281,80
281,79
281,79
281,80
281,79
281,80
281,80
281,80
281,80
282,80
282,80
282,80
282,80
282,80
282,80
282,80
282,80
282,80
282,80
283,80
283,80
283,80
283,80
283,80
283,80
283,80
283,79
283,79
283,80
284,79
284,79
284,80
284,80
284,80
284,80
284,80
284,80
284,79
284,79
284,80
285,79
285,79
285,79
285,80
285,80
285,80
285,80
285,80
285,80
285,80
286,80
286,80
286,80
286,80
286,80
286,80
286,79
286,79
286,79
286,80
287,80
287,80
287,80
287,79
287,79
287,79
287,79
287,79
287,80
287,80
288,79
288,80
288,80
288,80
288,79
288,80
288,80
288,79
288,80
288,80
289,80
289,80
289,80
289,80
289,79
289,79
289,79
289,80
289,80
289,80
290,80
290,80
290,80
290,80
290,80
290,79
290,79
290,80
290,80
291,80
291,80
291,80
291,80
291,80
291,79
291,80
291,80
291,80
291,79
292,80
292,80
292,80
292,80
292,80
292,80
292,80
292,80
292,80
292,80
293,80
293,80
293,80
293,79
293,80
293,80
293,80
293,80
293,79
293,79
293,80
294,79
294,79
294,79
294,79
294,79
294,79
294,79
294,80
294,80
294,80
295,80
295,80
295,80
295,80
295,80
295,80
295,80
295,79
295,80
295,80
296,79
296,80
296,80
296,80
296,80
296,79
296,79
296,80
296,79
296,79
297,79
297,80
297,80
297,80
297,80
297,80
297,80
297,79
297,80
298,80
298,80
298,80
298,79
298,79
298,79
298,80
298,80
298,80
298,80
299,80
299,80
299,80
299,80
299,80
299,80
299,80
299,80
299,80
299,80
300,80
300,80
300,80
300,80
300,80
300,80
300,80
300,80
300,80
300,80
301,80
301,80
301,80
301,80
301,79
301,80
301,80
301,80
301,80
301,80
301,80
302,80
302,80
302,80
302,80
302,80
302,80
302,80
302,80
302,80
302,80
303,80
303,80
303,80
303,80
303,80
303,80
303,80
303,79
303,80
303,80
304,80
304,80
304,80
304,80
304,80
304,80
304,80
304,80
304,79
305,80
305,80
305,80
305,80
305,80
305,80
305,80
305,80
305,80
305,80
306,80
306,80
306,80
306,79
306,80
306,80
306,79
306,79
306,79
306,80
307,79
307,80
307,80
307,79
307,79
307,79
307,80
307,80
307,80
307,80
308,79
308,80
308,80
308,80
308,79
308,79
308,79
308,80
308,80
308,80
308,80
309,80
309,79
309,79
309,80
309,79
309,80
309,80
309,80
309,79
309,79
310,80
310,80
310,80
310,80
310,80
310,79
310,79
310,80
310,80
311,80
311,80
311,80
311,80
311,80
311,80
311,80
311,80
311,80
311,79
312,79
312,79
312,80
312,79
312,79
312,79
312,80
312,80
312,80
312,80
313,80
313,80
313,80
313,80
313,80
313,80
313,80
313,80
313,80
313,80
314,80
314,80
314,80
314,80
314,80
314,80
314,79
314,79
314,80
314,80
314,80
315,80
315,80
315,79
315,79
315,79
315,79
315,79
315,80
315,80
316,80
316,80
316,80
316,80
316,80
316,79
316,79
316,80
316,80
316,80
317,79
317,79
317,79
317,80
317,79
317,79
317,80
317,80
317,80
317,80
318,80
318,80
318,80
318,80
318,80
318,80
318,80
318,80
318,80
318,80
319,80
319,80
319,80
319,79
319,80
319,80
319,80
319,80
319,80
319,80
319,80
320,80
320,80
320,80
320,80
320,80
320,79
320,79
320,80
320,80
320,80
321,79
321,79
321,80
321,80
321,79
321,80
321,80
321,79
321,80
322,80
322,80
322,80
322,80
322,80
322,80
322,80
322,80
322,80
322,80
323,79
323,79
323,80
323,80
323,80
323,80
323,79
323,80
323,80
323,80
324,80
324,79
324,79
324,80
324,79
324,79
324,80
324,80
324,80
324,80
325,79
325,80
325,80
325,80
325,80
325,80
325,80
325,80
325,80
325,80
326,79
326,80
326,80
326,79
326,79
326,80
326,80
326,79
326,80
326,80
327,80
327,79
327,80
327,80
327,79
327,80
327,80
327,79
327,80
327,80
327,80
328,80
328,79
328,79
328,80
328,80
328,80
328,80
328,79
328,80
328,80
329,80
329,80
329,80
329,80
329,79
329,80
329,80
329,80
329,80
330,80
330,80
330,79
330,80
330,80
330,79
330,80
330,79
330,79
330,80
331,80
331,80
331,80
331,80
331,80
331,80
331,80
331,80
331,80
331,80
332,80
332,80
332,80
332,80
332,80
332,80
332,80
332,80
332,79
332,79
333,80
333,80
333,80
333,80
333,80
333,79
333,79
333,80
333,80
333,80
334,79
334,80
334,80
334,80
334,80
334,80
334,80
334,79
334,79
334,80
334,80
335,79
335,80
335,79
335,79
335,80
335,80
335,80
335,80
335,80
336,80
336,80
336,79
336,80
336,80
336,80
336,80
336,80
336,80
336,79
337,80
337,80
337,80
337,80
337,80
337,80
337,80
337,79
337,79
337,80
338,80
338,80
338,80
338,80
338,80
338,80
338,80
338,80
338,79
338,79
339,80
339,79
339,79
339,80
339,79
339,80
339,80
339,79
339,80
339,80
340,79
340,79
340,80
340,80
340,80
340,80
340,80
340,80
340,80
341,79
341,79
341,80
341,80
341,80
341,80
341,80
341,79
341,79
341,80
342,80
342,80
342,80
342,80
342,80
342,80
342,80
342,80
342,80
342,80
342,80
343,80
343,80
343,80
343,80
343,80
343,80
343,79
343,80
343,80
343,80
344,80
344,80
344,80
344,80
344,80
344,80
344,80
344,80
344,80
344,80
345,80
345,80
345,79
345,80
345,80
345,80
345,80
345,80
345,80
345,80
346,80
346,80
346,80
346,80
346,80
346,80
346,79
346,80
346,80
346,80
347,80
347,79
347,79
347,80
347,80
347,80
347,80
347,79
347,80
347,80
348,80
348,80
348,80
348,80
348,79
348,80
348,80
348,79
348,80
349,80
349,80
349,80
349,80
349,80
349,80
349,79
349,80
349,80
349,80
349,79
349,79
350,80
350,79
350,80
350,80
350,80
350,79
350,79
350,80
350,80
351,80
351,80
351,80
351,80
351,80
351,79
351,80
351,80
351,80
351,80
352,80
352,80
352,80
352,79
352,80
352,80
352,80
352,80
352,80
352,79
353,80
353,80
353,80
353,80
353,79
353,79
353,79
353,80
353,80
353,80
354,80
354,80
354,80
354,80
354,80
354,79
354,79
354,79
354,80
354,80
355,80
355,79
355,80
355,80
355,80
355,80
355,80
355,80
355,80
356,80
356,80
356,80
356,79
356,79
356,80
356,80
356,80
356,80
356,80
357,80
357,80
357,80
357,80
357,80
357,80
357,80
357,80
357,80
357,80
358,80
358,80
358,80
358,80
358,80
358,80
358,80
358,80
358,80
358,80
358,80
359,80
359,80
359,79
359,80
359,80
359,80
359,80
359,80
359,80
359,79
360,79
360,79
360,80
360,80
360,79
360,79
360,80
360,80
360,80
360,80
361,80
361,80
361,80
361,80
361,80
361,80
361,80
361,80
361,80
361,79
362,80
362,80
362,80
362,80
362,79
362,79
362,80
362,80
362,80
362,80
363,80
363,79
363,79
363,80
363,80
363,80
363,80
363,80
363,79
363,79
364,80
364,80
364,80
364,80
364,80
364,80
364,80
364,80
364,80
365,79
365,79
365,80
365,80
365,80
365,80
365,79
365,80
365,80
365,80
366,80
366,80
366,80
366,80
366,80
366,80
366,80
366,79
366,79
366,80
366,80
367,80
367,80
367,80
367,80
367,80
367,80
367,79
367,80
367,80
367,80
368,80
368,80
368,80
368,80
368,80
368,80
368,80
368,80
368,80
368,80
369,80
369,80
369,80
369,79
369,80
369,80
369,80
369,80
369,80
369,80
370,79
370,79
370,79
370,80
370,80
370,80
370,80
370,80
370,80
370,80
371,80
371,80
371,80
371,80
371,80
371,80
371,80
371,79
371,80
372,80
372,80
372,80
372,80
372,80
372,79
372,80
372,80
372,80
372,80
373,79
373,79
373,80
373,80
373,79
373,79
373,80
373,79
373,79
373,80
374,80
374,80
374,80
374,80
374,80
374,80
374,80
374,80
374,80
374,80
374,79
375,79
375,79
375,80
375,80
375,80
375,80
375,80
375,80
375,80
375,80
376,80
376,80
376,80
376,80
376,80
376,80
376,80
376,80
376,80
376,80
377,80
377,80
377,80
377,80
377,80
377,80
377,80
377,80
377,79
377,79
378,79
378,79
378,80
378,80
378,80
378,80
378,80
378,80
378,80
379,80
379,80
379,80
379,80
379,80
379,79
379,79
379,80
379,80
379,80
380,80
380,80
380,80
380,80
380,79
380,79
380,80
380,79
380,79
380,80
381,80
381,80
381,80
381,79
381,80
381,80
381,80
381,80
381,80
381,80
381,79
382,80
382,80
382,80
382,80
382,80
382,80
382,80
382,79
382,79
382,80
383,80
383,80
383,80
383,80
383,80
383,80
383,80
383,80
383,79
383,79
384,79
384,80
384,80
384,79
384,80
384,80
384,80
384,80
384,80
384,80
385,80
385,80
385,80
385,80
385,80
385,80
385,80
385,80
385,79
386,80
386,80
386,80
386,80
386,80
386,79
386,80
386,80
386,80
386,79
387,80
387,80
387,80
387,80
387,80
387,80
387,80
387,80
387,80
387,79
388,80
388,80
388,80
388,80
388,80
388,80
388,80
388,80
388,80
388,80
389,79
389,80
389,80
389,80
389,80
389,79
389,79
389,80
389,80
389,80
390,80
390,80
390,80
390,80
390,80
390,80
390,80
390,80
390,79
390,80
390,80
391,80
391,79
391,79
391,79
391,79
391,79
391,79
391,80
391,80
391,80
392,79
392,80
392,80
392,80
392,80
392,79
392,79
392,80
392,79
393,80
393,80
393,80
393,80
393,80
393,80
393,79
393,80
393,80
393,80
394,80
394,80
394,80
394,80
394,80
394,80
394,80
394,80
394,80
394,79
395,79
395,80
395,80
395,79
395,80
395,80
395,80
395,80
395,80
395,80
396,80
396,79
396,79
396,80
396,80
396,80
396,80
396,80
396,80
396,80
397,80
397,80
397,80
397,80
397,80
397,80
397,80
397,80
397,80
397,80
397,80
398,80
398,80
398,80
398,80
398,80
398,80
398,80
398,80
398,80
398,80
399,80
399,80
399,80
399,80
399,79
399,80
399,80
399,80
399,79
400,80
400,80
400,79
400,80
400,80
400,80
400,80
400,80
400,80
400,80
401,80
401,80
401,80
401,80
401,80
401,80
401,80
401,80
401,80
401,80
402,79
402,80
402,80
402,80
402,80
402,80
402,79
402,80
402,80
402,80
403,79
403,80
403,80
403,79
403,79
403,80
403,80
403,80
403,80
403,80
403,80
404,80
404,80
404,80
404,80
404,80
404,80
404,79
404,79
404,80
405,80
405,80
405,80
405,80
405,80
405,80
405,80
405,80
405,80
405,80
406,80
406,80
406,80
406,80
406,80
406,80
406,79
406,79
406,79
406,79
407,80
407,80
407,80
407,80
407,80
407,80
407,80
407,80
407,80
407,80
408,80
408,79
408,79
408,80
408,80
408,80
408,80
408,79
408,80
408,80
408,80
409,80
409,80
409,80
409,80
409,80
409,80
409,79
409,80
409,80
409,80
410,80
410,79
410,79
410,80
410,80
410,80
410,80
410,79
410,80
410,80
411,80
411,80
411,80
411,80
411,79
411,80
411,80
411,80
411,80
412,80
412,80
412,80
412,80
412,80
412,79
412,80
412,79
412,79
412,80
413,80
413,80
413,80
413,80
413,80
413,80
413,80
413,79
413,79
413,79
414,80
414,80
414,80
414,80
414,79
414,79
414,79
414,80
414,80
414,80
415,79
415,80
415,80
415,80
415,80
415,80
415,80
415,79
415,79
415,79
416,80
416,80
416,80
416,80
416,80
416,80
416,80
416,79
416,80
417,80
417,80
417,80
417,80
417,80
417,80
417,80
417,80
417,80
417,79
417,80
417,80
418,80
418,79
418,80
418,80
418,80
418,80
418,80
418,80
418,80
419,79
419,79
419,80
419,79
419,79
419,80
419,79
419,79
419,79
419,80
420,80
420,80
420,80
420,80
420,80
420,79
420,80
420,79
420,79
420,80
421,80
421,80
421,79
421,80
421,80
421,80
421,80
421,79
421,79
421,79
422,80
422,79
422,79
422,80
422,80
422,80
422,80
422,79
422,80
422,80
423,79
423,80
423,80
423,80
423,79
423,80
423,80
423,79
423,80
423,80
424,79
424,80
424,80
424,80
424,80
424,80
424,80
424,80
424,79
425,80
425,80
425,79
425,80
425,80
425,80
425,80
425,80
425,80
425,80
425,80
425,80
426,80
426,80
426,79
426,79
426,80
426,80
426,80
426,80
426,79
427,80
427,80
427,80
427,80
427,80
427,80
427,80
427,80
427,80
427,80
428,79
428,79
428,80
428,80
428,80
428,80
428,80
428,80
428,80
428,79
429,80
429,80
429,80
429,79
429,80
429,80
429,80
429,80
429,80
429,80
430,80
430,80
430,80
430,80
430,80
430,79
430,79
430,80
430,79
430,79
431,80
431,80
431,80
431,80
431,79
431,80
431,80
431,80
431,79
432,80
432,80
432,80
432,80
432,80
432,80
432,80
432,79
432,79
432,80
433,80
433,80
433,80
433,80
433,80
433,80
433,79
433,80
433,80
433,79
433,80
434,80
434,80
434,80
434,80
434,80
434,80
434,80
434,79
434,79
434,79
435,80
435,80
435,80
435,80
435,80
435,80
435,80
435,79
435,79
435,79
436,79
436,79
436,79
436,80
436,79
436,79
436,80
436,80
436,80
436,80
437,80
437,80
437,80
437,80
437,79
437,80
437,80
437,79
437,80
437,80
438,79
438,80
438,80
438,80
438,80
438,79
438,79
438,80
438,79
438,79
439,80
439,80
439,79
439,79
439,80
439,80
439,79
439,79
439,79
440,80
440,80
440,80
440,80
440,80
440,80
440,80
440,80
440,80
440,80
440,80
441,80
441,80
441,79
441,80
441,80
441,80
441,80
441,79
441,80
441,80
442,80
442,80
442,80
442,80
442,80
442,80
442,79
442,80
442,80
442,80
443,79
443,79
443,80
443,80
443,79
443,79
443,79
443,79
443,80
444,80
444,80
444,80
444,80
444,80
444,80
444,79
444,80
444,80
444,79
445,79
445,79
445,80
445,80
445,80
445,80
445,80
445,79
445,79
445,80
445,79
446,79
446,79
446,79
446,79
446,79
446,80
446,79
446,80
446,80
446,80
447,79
447,79
447,80
447,80
447,80
447,80
447,79
447,80
447,80
447,80
448,80
448,80
448,80
448,79
448,80
448,80
448,80
448,80
448,79
448,79
449,79
449,80
449,80
449,80
449,80
449,80
449,80
449,80
449,79
449,79
450,80
450,80
450,80
450,80
450,80
450,80
450,80
450,80
450,80
451,80
451,80
451,80
451,80
451,80
451,79
451,79
451,80
451,80
451,80
452,80
452,80
452,79
452,79
452,80
452,80
452,80
452,79
452,79
452,80
453,80
453,80
453,80
453,80
453,79
453,79
453,79
453,79
453,80
453,80
453,80
454,80
454,80
454,79
454,79
454,79
454,79
454,79
454,79
454,80
454,80
455,80
455,80
455,80
455,80
455,79
455,80
455,80
455,80
455,80
456,80
456,80
456,80
456,79
456,79
456,80
456,80
456,79
456,79
456,80
457,80
457,80
457,80
457,80
457,80
457,80
457,80
457,80
457,80
457,80
458,80
458,80
458,80
458,80
458,80
458,80
458,79
458,80
458,80
458,80
458,79
459,80
459,80
459,80
459,80
459,79
459,79
459,80
459,80
459,80
459,80
460,80
460,80
460,80
460,80
460,80
460,80
460,80
460,80
460,80
460,80
461,79
461,80
461,80
461,79
461,79
461,79
461,80
461,80
461,79
461,79
462,80
462,79
462,80
462,80
462,79
462,80
462,80
462,79
462,80
462,80
463,80
463,80
463,80
463,80
463,79
463,80
463,79
463,79
463,80
464,79
464,79
464,80
464,80
464,80
464,79
464,80
464,80
464,80
464,80
465,80
465,80
465,80
465,80
465,80
465,80
465,79
465,79
465,79
465,80
466,80
466,80
466,80
466,79
466,80
466,79
466,79
466,80
466,79
466,80
466,80
467,80
467,80
467,80
467,79
467,80
467,80
467,80
467,80
467,80
467,80
468,80
468,80
468,80
468,80
468,80
468,80
468,80
468,80
468,80
468,80
469,80
469,80
469,80
469,80
469,80
469,80
469,80
469,80
469,79
470,80
470,80
470,80
470,80
470,80
470,80
470,80
470,80
470,80
470,80
471,79
471,79
471,80
471,80
471,80
471,80
471,80
471,80
471,79
471,79
472,80
472,80
472,80
472,80
472,80
472,80
472,80
472,79
472,80
472,80
472,80
473,80
473,80
473,80
473,80
473,79
473,79
473,80
473,80
473,80
473,80
474,80
474,80
474,80
474,80
474,80
474,80
474,80
474,80
474,79
474,79
475,80
475,80
475,79
475,79
475,80
475,80
475,80
475,79
475,79
476,80
476,80
476,80
476,80
476,80
476,80
476,80
476,80
476,80
476,79
477,79
477,79
477,80
477,80
477,79
477,79
477,79
477,80
477,80
477,80
478,80
478,79
478,79
478,80
478,80
478,79
478,79
478,80
478,80
478,80
479,80
479,80
479,80
479,80
479,79
479,80
479,80
479,80
479,79
479,80
479,80
480,80
480,80
480,80
480,80
480,80
480,79
480,79
480,80
480,80
480,80
481,80
481,80
481,80
481,80
481,80
481,80
481,80
481,80
481,80
482,80
482,80
482,80
482,80
482,80
482,80
482,80
482,80
482,80
