0,0
0,0
0,85.0
0,85.0
0,86.1
0,85.4
0,83.6
0,83.6
0,83.9
0,85.0
0,86.5
1,86.5
1,83.9
1,85.4
1,85.0
1,85.0
1,85.0
1,85.8
1,84.7
1,84.7
1,84.7
1,85.4
2,85.4
2,85.4
2,84.7
2,84.3
2,84.3
2,86.1
2,85.0
2,85.0
2,84.7
3,84.3
3,86.9
3,86.9
3,84.3
3,84.3
3,84.3
3,85.8
3,86.1
3,85.0
3,85.0
4,85.8
4,83.2
4,83.2
4,85.0
4,85.4
4,86.1
4,86.1
4,84.3
4,85.8
4,85.8
5,85.4
5,86.1
5,85.0
5,85.0
5,85.8
5,84.3
5,84.3
5,85.0
5,85.0
5,86.1
6,86.1
6,86.5
6,84.7
6,85.8
6,85.8
6,85.4
6,85.0
6,85.0
6,86.1
6,86.9
7,85.4
7,85.4
7,86.5
7,83.9
7,83.9
7,85.4
7,84.7
7,85.4
7,85.4
7,84.3
7,86.1
8,86.1
8,86.5
8,86.9
8,86.9
8,86.9
8,86.9
8,86.1
8,86.1
8,85.8
9,85.4
9,87.2
9,87.2
9,85.4
9,86.5
9,86.1
9,86.1
9,87.2
9,88.3
9,88.3
10,85.8
10,85.8
10,86.5
10,86.5
10,85.8
10,86.5
10,86.5
10,85.8
10,85.8
10,87.6
11,87.6
11,85.0
11,86.5
11,86.5
11,86.9
11,86.1
11,86.5
11,86.5
11,88.3
11,86.1
12,86.1
12,85.8
12,85.8
12,86.1
12,86.1
12,86.5
12,86.1
12,86.1
12,86.5
12,86.5
12,86.5
13,86.5
13,87.6
13,87.2
13,87.2
13,86.5
13,87.2
13,86.5
13,86.5
13,86.5
13,87.6
14,87.6
14,86.9
14,86.9
14,86.9
14,86.9
14,86.1
14,88.0
14,88.0
14,86.1
15,87.6
15,86.9
15,86.9
15,87.6
15,86.9
15,86.9
15,87.2
15,86.5
15,86.5
15,86.5
16,86.1
16,87.2
16,87.2
16,85.0
16,85.4
16,86.5
16,86.5
16,87.2
16,86.5
16,86.5
17,87.2
17,87.6
17,86.1
17,86.1
17,87.2
17,86.5
17,86.5
17,87.2
17,88.0
17,86.1
18,86.1
18,86.1
18,87.2
18,87.2
18,87.6
18,88.0
18,86.5
18,86.5
18,86.5
18,86.9
19,86.9
19,87.6
19,88.0
19,86.9
19,86.9
19,88.0
19,87.6
19,87.6
19,87.6
20,86.1
20,86.5
20,86.5
20,87.2
20,88.0
20,88.0
20,87.6
20,88.0
20,86.5
20,86.5
20,89.0
20,86.5
21,86.5
21,86.5
21,86.9
21,86.1
21,86.1
21,88.0
21,87.6
21,87.6
21,88.3
21,86.9
22,86.9
22,87.6
22,86.1
22,88.3
22,88.3
22,88.3
22,89.0
22,89.0
22,88.3
23,89.0
23,89.4
23,89.4
23,86.9
23,87.2
23,87.2
23,87.2
23,88.0
23,86.9
23,88.0
24,88.0
24,89.4
24,89.8
24,89.8
24,87.6
24,89.4
24,89.0
24,89.0
24,86.9
24,88.0
25,88.0
25,86.9
25,87.6
25,88.3
25,88.3
25,87.6
25,87.6
25,87.6
25,87.6
25,86.9
26,87.6
26,87.6
26,86.9
26,88.7
26,88.7
26,89.4
26,89.4
26,89.4
26,89.0
27,88.3
27,86.1
27,86.1
27,89.4
27,86.9
27,86.9
27,88.7
27,87.6
27,88.7
27,88.7
27,88.0
27,89.0
28,89.0
28,89.0
28,88.7
28,88.0
28,88.0
28,88.0
28,88.3
28,88.3
28,88.7
29,88.3
29,89.4
29,89.4
29,88.0
29,88.0
29,88.0
29,88.7
29,89.8
29,89.0
29,89.0
30,88.3
30,88.3
30,88.3
30,89.8
30,86.5
30,90.5
30,90.5
30,88.7
30,88.0
30,88.0
31,89.0
31,89.0
31,89.0
31,89.0
31,89.0
31,88.3
31,88.3
31,88.3
31,89.0
31,89.0
32,89.0
32,89.8
32,88.3
32,88.3
32,89.4
32,88.7
32,87.2
32,87.2
32,88.3
32,88.0
33,88.0
33,88.3
33,88.0
33,90.1
33,90.1
33,87.6
33,86.9
33,86.9
33,89.8
33,88.3
34,89.4
34,89.4
34,88.0
34,88.7
34,88.7
34,90.1
34,89.8
34,87.2
34,87.2
34,88.3
34,89.0
35,89.0
35,88.7
35,90.5
35,90.5
35,88.3
35,88.7
35,89.4
35,89.4
35,88.0
35,89.0
36,89.0
36,87.6
36,88.3
36,88.0
36,88.0
36,89.0
36,88.0
36,88.0
36,89.4
37,88.7
37,89.4
37,89.4
37,89.0
37,88.3
37,88.3
37,89.8
37,87.2
37,87.6
37,87.6
38,88.7
38,89.0
38,89.0
38,89.0
38,88.7
38,90.1
38,90.1
38,89.8
38,88.7
38,88.7
39,90.1
39,87.2
39,89.8
39,89.8
39,89.4
39,90.1
39,90.1
39,89.0
39,88.7
39,88.3
40,88.3
40,89.0
40,89.4
40,89.4
40,87.2
40,89.8
40,90.1
40,90.1
40,88.0
40,89.4
41,89.4
41,88.7
41,88.7
41,89.4
41,89.4
41,88.7
41,88.7
41,88.7
41,89.0
42,90.5
42,88.0
42,88.0
42,89.4
42,89.8
42,89.8
42,90.5
42,89.8
42,88.3
42,88.3
42,89.4
42,90.1
43,90.1
43,87.6
43,90.5
43,88.7
43,88.7
43,89.0
43,87.6
43,87.6
43,90.5
44,89.8
44,90.1
44,90.1
44,89.4
44,88.3
44,88.3
44,91.6
44,89.4
44,90.1
44,90.1
45,89.4
45,89.8
45,88.3
45,88.3
45,88.3
45,88.3
45,88.3
45,89.8
45,90.1
45,88.7
46,88.7
46,88.7
46,88.3
46,88.3
46,89.8
46,89.4
46,89.4
46,89.0
46,89.4
46,88.7
47,88.7
47,89.8
47,90.5
47,90.5
47,89.0
47,89.0
47,88.3
47,88.3
47,89.4
47,89.0
48,89.8
48,89.8
48,89.8
48,88.7
48,89.8
48,89.8
48,89.0
48,88.7
48,88.7
48,89.0
49,89.0
49,89.4
49,89.4
49,90.1
49,90.9
49,90.9
49,89.8
49,88.7
49,90.5
49,90.5
50,89.4
50,89.4
50,89.4
50,90.5
50,89.0
50,89.4
50,89.4
50,89.4
50,90.5
50,90.5
51,88.7
51,91.2
51,92.0
51,92.0
51,89.4
51,90.1
51,90.1
51,89.4
51,90.1
51,90.1
52,90.1
52,90.1
52,90.5
52,90.5
52,90.1
52,90.1
52,90.9
52,90.9
52,88.3
52,91.2
53,91.2
53,89.8
53,90.1
53,89.8
53,89.8
53,89.0
53,89.8
53,89.8
53,90.1
54,90.1
54,90.1
54,90.1
54,88.7
54,90.9
54,90.9
54,90.1
54,90.5
54,89.8
54,89.8
55,89.0
55,90.1
55,90.1
55,89.0
55,89.0
55,90.5
55,90.5
55,89.0
55,89.4
55,89.4
55,90.1
55,90.1
56,87.6
56,87.6
56,90.1
56,90.5
56,90.5
56,90.9
56,90.1
56,90.1
56,90.1
57,91.6
57,89.4
57,89.4
57,89.8
57,91.2
57,91.2
57,89.0
57,90.1
57,92.0
57,92.0
58,88.7
58,89.8
58,89.4
58,89.4
58,89.8
58,91.2
58,91.2
58,90.1
58,90.9
58,89.8
59,89.8
59,90.9
59,91.2
59,91.2
59,89.8
59,89.8
59,89.8
59,88.3
59,90.9
59,89.8
60,89.8
60,91.2
60,89.4
60,89.4
60,90.9
60,90.9
60,90.5
60,90.5
60,90.5
60,90.9
61,90.9
61,90.9
61,90.5
61,89.8
61,89.8
61,92.0
61,90.1
61,90.1
61,90.1
62,90.1
62,90.1
62,90.1
62,91.2
62,91.2
62,91.2
62,90.1
62,89.8
62,90.5
62,90.5
63,90.9
63,88.3
63,88.3
63,90.5
63,91.2
63,90.1
63,90.1
63,89.0
63,90.1
63,90.1
64,89.4
64,90.5
64,88.7
64,88.7
64,90.9
64,90.5
64,90.5
64,90.5
64,91.6
64,91.6
64,90.1
65,89.8
65,92.0
65,92.0
65,90.5
65,90.5
65,90.5
65,89.4
65,89.4
65,92.0
65,92.0
66,90.9
66,90.1
66,90.1
66,91.6
66,90.9
66,92.0
66,92.0
66,90.9
66,90.5
66,90.5
67,90.9
67,91.6
67,90.5
67,90.5
67,90.5
67,90.9
67,90.9
67,90.5
67,90.9
67,92.0
68,92.0
68,91.2
68,90.9
68,91.6
68,91.6
68,91.6
68,90.1
68,90.1
68,90.1
68,89.8
69,90.1
69,90.1
69,90.9
69,91.6
69,91.6
69,91.2
69,89.4
69,91.2
69,91.2
70,90.1
70,89.8
70,89.8
70,91.6
70,90.9
70,92.0
70,92.0
70,91.6
70,91.2
70,91.2
71,93.1
71,92.0
71,90.9
71,90.9
71,90.1
71,90.9
71,92.3
71,92.3
71,90.5
71,92.0
71,91.6
72,91.6
72,92.3
72,92.0
72,92.0
72,90.1
72,92.0
72,91.6
72,91.6
72,91.2
72,91.2
73,91.2
73,92.0
73,92.3
73,90.1
73,90.1
73,89.4
73,89.4
73,89.4
73,92.0
74,90.5
74,91.6
74,91.6
74,90.9
74,90.9
74,90.9
74,91.6
74,91.6
74,90.1
74,90.1
75,90.9
75,92.3
75,91.2
75,91.2
75,90.5
75,90.9
75,90.9
75,91.2
75,90.9
75,91.2
75,91.2
76,92.0
76,92.3
76,92.3
76,91.2
76,92.0
76,91.6
76,91.6
76,90.9
76,92.0
76,91.2
77,91.2
77,90.5
77,90.1
77,90.5
77,90.5
77,92.3
77,91.2
77,91.6
77,91.6
78,91.6
78,91.2
78,91.2
78,90.1
78,90.9
78,90.1
78,90.1
78,92.0
78,89.0
78,89.0
79,89.8
79,89.0
79,91.6
79,91.6
79,89.8
79,90.5
79,90.5
79,90.5
79,92.0
79,88.3
79,88.3
80,90.5
80,89.8
80,89.4
80,89.4
80,89.4
80,90.1
80,88.3
80,88.3
80,89.8
80,88.3
81,88.3
81,87.6
81,87.2
81,88.0
81,88.0
81,88.3
81,87.6
81,87.6
81,89.4
81,87.6
82,86.5
82,86.5
82,88.0
82,86.5
82,86.5
82,88.0
82,88.0
82,86.9
82,86.9
83,86.1
83,85.0
83,85.4
83,85.4
83,86.5
83,86.1
83,85.0
83,85.0
83,85.0
83,83.6
83,83.6
84,83.6
84,82.8
84,82.8
84,82.8
84,82.5
84,83.2
84,83.2
84,82.5
84,82.1
84,81.4
85,81.4
85,82.8
85,80.3
85,80.3
85,81.4
85,79.6
85,79.2
85,79.2
85,80.3
85,78.8
86,78.8
86,78.1
86,77.7
86,75.9
86,75.9
86,77.0
86,76.3
86,76.3
86,74.5
86,74.5
87,76.6
87,76.6
87,74.5
87,74.8
87,74.8
87,72.6
87,72.3
87,71.5
87,71.5
88,69.3
88,69.7
88,69.7
88,70.4
88,69.7
88,69.0
88,69.0
88,67.5
88,66.8
88,66.8
89,66.1
89,65.3
89,63.9
89,63.9
89,63.5
89,62.4
89,62.4
89,62.1
89,60.2
89,59.5
90,59.5
90,59.9
90,57.7
90,57.7
90,55.9
90,56.2
90,55.9
90,55.9
90,54.8
90,52.6
90,51.5
91,51.5
91,52.9
91,50.4
91,50.4
91,49.7
91,50.0
91,47.5
91,47.5
91,46.7
91,45.6
92,45.6
92,45.6
92,42.7
92,42.0
92,42.0
92,41.3
92,39.1
92,39.1
92,36.9
93,36.9
93,36.9
93,36.9
93,34.0
93,34.7
93,34.7
93,32.1
93,29.2
93,28.1
93,28.1
94,29.2
94,26.7
94,24.8
94,24.8
94,23.4
94,23.8
94,23.8
94,21.6
94,19.0
94,19.0
95,17.5
95,16.8
95,14.3
95,14.3
95,14.3
95,11.7
95,11.7
95,10.3
95,7.3
95,7.7
95,7.7
96,5.9
96,4.1
96,1.5
96,1.5
96,0.8
96,0.0
96,0.0
96,0.0
96,0.0
96,0.0
97,0.0
97,0.0
97,0.0
97,0.0
97,0.0
97,0.0
97,0.0
97,0.0
97,0.0
97,0.0
98,0.0
98,0.0
98,0.0
98,0.0
98,0.0
98,0.0
98,0.0
98,0.0
98,0.0
98,0.0
99,0.0
99,0.0
99,0.0
99,0.0
99,0.0
99,0.0
99,0.0
99,0.0
99,0.0
100,0.0
100,0.0
100,0.0
100,0.0
100,0.0
100,0.0
100,0.0
100,0.0
100,0.0
100,0.0
101,0.0
101,0.0
101,0.0
101,0.0
101,0.0
101,0.0
101,0.0
101,0.0
101,0.0
101,0.0
102,0.0
102,0.0
102,0.0
102,0.0
102,0.0
102,0.0
102,0.0
102,0.0
102,0.0
102,0.0
103,0.0
103,0.0
103,0.0
103,0.0
103,0.0
103,0.0
103,0.0
103,0.0
103,0.0
103,0.0
103,0.0
104,0.0
104,0.0
104,0.0
104,0.0
104,0.0
104,0.0
104,0.0
104,0.0
104,0.0
104,0.0
105,0.0
105,0.0
105,0.0
105,0.0
105,0.0
105,0.0
105,0.0
105,0.0
105,0.0
106,0.0
106,0.0
106,0.0
106,0.0
106,0.0
106,0.0
106,0.0
106,0.0
106,0.0
106,0.0
107,0.0
107,0.0
107,0.0
107,0.0
107,0.0
107,0.0
107,0.0
107,0.0
107,0.0
107,0.0
108,0.0
108,0.0
108,0.0
108,0.0
108,0.0
108,0.0
108,0.0
108,0.0
108,0.0
108,0.0
109,0.0
109,0.0
109,0.0
109,0.0
109,0.0
109,0.0
109,0.0
109,0.0
109,0.0
109,0.0
109,0.0
110,0.0
110,0.0
110,0.0
110,0.0
110,0.0
110,0.0
110,0.0
110,0.0
110,0.0
110,0.0
111,0.0
111,0.0
111,0.0
111,0.0
111,0.0
111,0.0
111,0.0
111,0.0
111,0.0
111,0.0
112,0.0
112,0.0
112,0.0
112,0.0
112,0.0
112,0.0
112,0.0
112,0.0
112,0.0
113,0.0
113,0.0
113,0.0
113,0.0
113,0.0
113,0.0
113,0.0
113,0.0
113,0.0
113,0.0
114,0.0
114,0.0
114,0.0
114,0.0
114,0.0
114,0.0
114,0.0
114,0.0
114,0.0
114,0.0
114,0.0
115,0.0
115,0.0
115,0.0
115,0.0
115,0.0
115,0.0
115,0.0
115,0.0
115,0.0
115,0.0
116,0.0
116,0.0
116,0.0
116,0.0
116,0.0
116,0.0
116,0.0
116,0.0
116,0.0
117,0.0
117,0.0
117,0.0
117,0.0
117,0.0
117,0.0
117,0.0
117,0.0
117,0.0
117,0.0
118,0.0
118,0.0
118,0.0
118,0.0
118,0.0
118,0.0
118,0.0
118,0.0
118,0.0
118,0.0
119,0.0
119,0.0
119,0.0
119,0.0
119,0.0
119,0.0
119,0.0
119,0.0
119,0.0
119,0.0
119,0.0
120,0.0
120,0.0
120,0.0
120,0.0
120,0.0
120,0.0
120,0.0
120,0.0
120,0.0
120,0.0
121,0.0
121,0.0
121,0.0
121,0.0
121,0.0
121,0.0
121,0.0
121,0.0
121,0.0
122,0.0
122,0.0
122,0.0
122,0.0
122,0.0
122,0.0
122,0.0
122,0.0
122,0.0
122,0.0
123,0.0
123,0.0
123,0.0
123,0.0
123,0.0
123,0.0
123,0.0
123,0.0
123,0.0
124,0.0
124,0.0
124,0.0
124,0.0
124,0.0
124,0.0
124,0.0
124,0.0
124,0.0
124,0.0
124,0.0
125,0.0
125,0.0
125,0.0
125,0.0
125,0.0
125,0.0
125,0.0
125,0.0
125,0.0
125,0.0
126,0.0
126,0.0
126,0.0
126,0.0
126,0.0
126,0.0
126,0.0
126,0.0
126,0.0
126,0.0
127,0.0
127,0.0
127,0.0
127,0.0
127,0.0
127,0.0
127,0.0
127,0.0
127,0.0
127,0.0
127,0.0
128,0.0
128,0.0
128,0.0
128,0.0
128,0.0
128,0.0
128,0.0
128,0.0
128,0.0
129,0.0
129,0.0
129,0.0
129,0.0
129,0.0
129,0.0
129,0.0
129,0.0
129,0.0
129,0.0
130,0.0
130,0.0
130,0.0
130,0.0
130,0.0
130,0.0
130,0.0
130,0.0
130,0.0
130,0.0
131,0.0
131,0.0
131,0.0
131,0.0
131,0.0
131,0.0
131,0.0
131,0.0
131,0.0
131,0.0
132,0.0
132,0.0
132,0.0
132,0.0
132,0.0
132,0.0
132,0.0
132,0.0
132,0.0
132,0.0
133,0.0
133,0.0
133,0.0
133,0.0
133,0.0
133,0.0
133,0.0
133,0.0
133,0.0
133,0.0
133,0.0
134,0.0
134,0.0
134,0.0
134,0.0
134,0.0
134,0.0
134,0.0
134,0.0
134,0.0
135,0.0
135,0.0
135,0.0
135,0.0
135,0.0
135,0.0
135,0.0
135,0.0
135,0.0
135,0.0
136,0.0
136,0.0
136,0.0
136,0.0
136,0.0
136,0.0
136,0.0
136,0.0
136,0.0
136,0.0
137,0.0
137,0.0
137,0.0
137,0.0
137,0.0
137,0.0
137,0.0
137,0.0
137,0.0
137,0.0
138,0.0
138,0.0
138,0.0
138,0.0
138,0.0
138,0.0
138,0.0
138,0.0
138,0.0
139,0.0
139,0.0
139,0.0
139,0.0
139,0.0
139,0.0
139,0.0
139,0.0
139,0.0
139,0.0
140,0.0
140,0.0
140,0.0
140,0.0
140,0.0
140,0.0
140,0.0
140,0.0
140,0.0
140,0.0
140,0.0
140,0.0
141,0.0
141,0.0
141,0.0
141,0.0
141,0.0
141,0.0
141,0.0
141,0.0
141,0.0
142,0.0
142,0.0
142,0.0
142,0.0
142,0.0
142,0.0
142,0.0
142,0.0
142,0.0
142,0.0
143,0.0
143,0.0
143,0.0
143,0.0
143,0.0
143,0.0
143,0.0
143,0.0
143,0.0
143,0.0
144,0.0
144,0.0
144,0.0
144,0.0
144,0.0
144,0.0
144,0.0
144,0.0
144,0.0
144,0.0
145,0.0
145,0.0
145,0.0
145,0.0
145,0.0
145,0.0
145,0.0
145,0.0
145,0.0
145,0.0
146,0.0
146,0.0
146,0.0
146,0.0
146,0.0
146,0.0
146,0.0
146,0.0
146,0.0
147,0.0
147,0.0
147,0.0
147,0.0
147,0.0
147,0.0
147,0.0
147,0.0
147,0.0
147,0.0
148,0.0
148,0.0
148,0.0
148,0.0
148,0.0
148,0.0
148,0.0
148,0.0
148,0.0
148,0.0
149,0.0
149,0.0
149,0.0
149,0.0
149,0.0
149,0.0
149,0.0
149,0.0
149,0.0
149,0.0
149,0.0
150,0.0
150,0.0
150,0.0
150,0.0
150,0.0
150,0.0
150,0.0
150,0.0
150,0.0
150,0.0
151,0.0
151,0.0
151,0.0
151,0.0
151,0.0
151,0.0
151,0.0
151,0.0
151,0.0
151,0.0
152,0.0
152,0.0
152,0.0
152,0.0
152,0.0
152,0.0
152,0.0
152,0.0
152,0.0
152,0.0
153,0.0
153,0.0
153,0.0
153,0.0
153,0.0
153,0.0
153,0.0
153,0.0
153,0.0
153,0.0
154,0.0
154,0.0
154,0.0
154,0.0
154,0.0
154,0.0
154,0.0
154,0.0
154,0.0
154,0.0
155,0.0
155,0.0
155,0.0
155,0.0
155,0.0
155,0.0
155,0.0
155,0.0
155,0.0
155,0.0
156,0.0
156,0.0
156,0.0
156,0.0
156,0.0
156,0.0
156,0.0
156,0.0
156,0.0
157,0.0
157,0.0
157,0.0
157,0.0
157,0.0
157,0.0
157,0.0
157,0.0
157,0.0
157,0.0
158,0.0
158,0.0
158,0.0
158,0.0
158,0.0
158,0.0
158,0.0
158,0.0
158,0.0
158,0.0
159,0.0
159,0.0
159,0.0
159,0.0
159,0.0
159,0.0
159,0.0
159,0.0
159,0.0
159,0.0
159,0.0
160,0.0
160,0.0
160,0.0
160,0.0
160,0.0
160,0.0
160,0.0
160,0.0
160,0.0
160,0.0
161,0.0
161,0.0
161,0.0
161,0.0
161,0.0
161,0.0
161,0.0
161,0.0
161,0.0
161,0.0
162,0.0
162,0.0
162,0.0
162,0.0
162,0.0
162,0.0
162,0.0
162,0.0
162,0.0
162,0.0
163,0.0
163,0.0
163,0.0
163,0.0
163,0.0
163,0.0
163,0.0
163,0.0
163,0.0
163,0.0
164,0.0
164,0.0
164,0.0
164,0.0
164,0.0
164,0.0
164,0.0
164,0.0
164,0.0
164,0.0
165,0.0
165,0.0
165,0.0
165,0.0
165,0.0
165,0.0
165,0.0
165,0.0
165,0.0
165,0.0
166,0.0
166,0.0
166,0.0
166,0.0
166,0.0
166,0.0
166,0.0
166,0.0
166,0.0
167,0.0
167,0.0
167,0.0
167,0.0
167,0.0
167,0.0
167,0.0
167,0.0
167,0.0
167,0.0
168,0.0
168,0.0
168,0.0
168,0.0
168,0.0
168,0.0
168,0.0
168,0.0
168,0.0
168,0.0
169,0.0
169,0.0
169,0.0
169,0.0
169,0.0
169,0.0
169,0.0
169,0.0
169,0.0
169,0.0
169,0.0
170,0.0
170,0.0
170,0.0
170,0.0
170,0.0
170,0.0
170,0.0
170,0.0
170,0.0
170,0.0
171,0.0
171,0.0
171,0.0
171,0.0
171,0.0
171,0.0
171,0.0
171,0.0
171,0.0
171,0.0
172,0.0
172,0.0
172,0.0
172,0.0
172,0.0
172,0.0
172,0.0
172,0.0
172,0.0
172,0.0
173,0.0
173,0.0
173,0.0
173,0.0
173,0.0
173,0.0
173,0.0
173,0.0
173,0.0
174,0.0
174,0.0
174,0.0
174,0.0
174,0.0
174,0.0
174,0.0
174,0.0
174,0.0
174,0.0
175,0.0
175,0.0
175,0.0
175,0.0
175,0.0
175,0.0
175,0.0
175,0.0
175,0.0
175,0.0
176,0.0
176,0.0
176,0.0
176,0.0
176,0.0
176,0.0
176,0.0
176,0.0
176,0.0
176,0.0
177,0.0
177,0.0
177,0.0
177,0.0
177,0.0
177,0.0
177,0.0
177,0.0
177,0.0
177,0.0
177,0.0
178,0.0
178,0.0
178,0.0
178,0.0
178,0.0
178,0.0
178,0.0
178,0.0
178,0.0
178,0.0
179,0.0
179,0.0
179,0.0
179,0.0
179,0.0
179,0.0
179,0.0
179,0.0
179,0.0
179,0.0
180,0.0
180,0.0
180,0.0
180,0.0
180,0.0
180,0.0
180,0.0
180,0.0
180,0.0
181,0.0
181,0.0
181,0.0
181,0.0
181,0.0
181,0.0
181,0.0
181,0.0
181,0.0
181,0.0
181,0.0
182,0.0
182,0.0
182,0.0
182,0.0
182,0.0
182,0.0
182,0.0
182,0.0
182,0.0
182,0.0
183,0.0
183,0.0
183,0.0
183,0.0
183,0.0
183,0.0
183,0.0
183,0.0
183,0.0
183,0.0
184,0.0
184,0.0
184,0.0
184,0.0
184,0.0
184,0.0
184,0.0
184,0.0
184,0.0
184,0.0
185,0.0
185,0.8
185,3.3
185,6.2
185,6.2
185,10.3
185,8.8
185,8.8
185,13.5
185,15.7
186,16.8
186,16.8
186,20.8
186,23.4
186,23.4
186,24.5
186,28.1
186,28.1
186,29.2
187,32.9
187,35.8
187,35.8
187,36.9
187,41.3
187,41.3
187,43.4
187,47.5
187,47.8
187,47.8
188,51.1
188,55.9
188,55.9
188,55.5
188,59.9
188,63.5
188,63.5
188,65.3
188,69.0
188,69.0
189,71.2
189,74.8
189,77.4
189,77.4
189,79.6
189,84.3
189,84.3
189,84.7
189,89.0
189,90.5
189,90.5
190,99.3
190,92.0
190,92.0
190,92.0
190,93.1
190,94.2
190,94.2
190,93.4
190,92.0
190,92.0
191,93.4
191,93.8
191,94.5
191,94.5
191,93.8
191,93.8
191,93.8
191,95.2
191,93.1
191,93.1
192,93.1
192,92.7
192,94.2
192,94.2
192,94.9
192,95.6
192,95.6
192,95.2
192,94.9
192,94.9
193,94.9
193,95.2
193,94.2
193,94.2
193,95.2
193,95.6
193,94.9
193,94.9
193,96.3
193,94.9
194,94.9
194,95.2
194,95.6
194,96.0
194,96.0
194,95.2
194,96.0
194,96.0
194,94.2
195,96.0
195,97.1
195,97.1
195,95.6
195,94.5
195,94.5
195,96.0
195,96.0
195,94.5
195,94.5
196,94.9
196,95.2
196,95.2
196,96.0
196,97.1
196,95.6
196,95.6
196,95.6
196,94.9
196,94.9
197,95.6
197,97.1
197,95.2
197,95.2
197,93.4
197,95.2
197,95.2
197,95.2
197,97.1
197,97.1
198,95.6
198,94.9
198,94.9
198,94.9
198,96.7
198,95.6
198,95.6
198,95.6
198,95.2
198,95.2
199,95.2
199,97.1
199,94.2
199,94.2
199,95.6
199,96.3
199,92.3
199,92.3
199,96.3
199,94.9
199,94.9
200,94.9
200,94.9
200,94.9
200,94.9
200,95.6
200,96.0
200,96.0
200,95.6
200,96.0
200,94.9
201,94.9
201,94.9
201,95.2
201,95.2
201,95.6
201,95.2
201,95.6
201,95.6
201,96.3
201,95.2
202,95.2
202,95.2
202,95.2
202,96.3
202,96.3
202,94.5
202,94.2
202,94.2
202,94.9
202,95.6
203,96.0
203,96.0
203,94.5
203,95.2
203,95.2
203,95.2
203,95.6
203,95.6
203,94.9
204,95.2
204,95.2
204,95.2
204,97.1
204,96.0
204,96.0
204,96.0
204,93.8
204,95.2
204,95.2
205,96.0
205,94.2
205,94.2
205,94.5
205,95.2
205,97.1
205,97.1
205,96.0
205,94.9
205,94.9
206,96.3
206,96.3
206,96.7
206,96.7
206,96.0
206,96.0
206,96.0
206,94.2
206,94.9
206,95.2
207,95.2
207,96.0
207,95.2
207,95.2
207,95.2
207,96.0
207,96.3
207,96.3
207,96.3
207,97.1
208,97.1
208,95.6
208,95.2
208,96.3
208,96.3
208,96.7
208,95.2
208,95.2
208,95.2
208,95.6
209,95.2
209,95.2
209,96.7
209,94.2
209,94.2
209,96.3
209,97.8
209,97.1
209,97.1
209,96.3
209,94.2
210,94.2
210,96.0
210,94.9
210,96.7
210,96.7
210,96.7
210,95.6
210,95.6
210,96.0
210,95.2
211,95.2
211,95.2
211,97.1
211,96.7
211,96.7
211,94.9
211,96.3
211,96.3
211,96.0
212,94.9
212,95.6
212,95.6
212,95.6
212,96.0
212,96.0
212,95.6
212,96.3
212,96.0
212,96.0
213,95.6
213,95.6
213,95.6
213,96.3
213,94.9
213,96.0
213,96.0
213,96.3
213,97.1
213,97.1
214,96.7
214,95.6
214,96.0
214,96.0
214,96.7
214,96.0
214,96.0
214,96.0
214,96.7
214,95.6
215,95.6
215,97.1
215,94.9
215,94.9
215,96.3
215,95.6
215,96.3
215,96.3
215,95.6
215,96.7
216,96.7
216,96.0
216,96.3
216,96.7
216,96.7
216,95.6
216,96.0
216,96.0
216,96.7
216,95.6
217,96.7
217,96.7
217,96.0
217,96.0
217,96.0
217,95.6
217,96.3
217,96.3
217,96.0
217,96.7
217,95.6
218,95.6
218,94.9
218,96.3
218,94.9
218,94.9
218,96.0
218,96.7
218,96.7
218,96.3
218,96.7
219,96.7
219,96.7
219,96.0
219,94.5
219,94.5
219,96.0
219,95.6
219,95.6
219,96.3
220,96.7
220,96.3
220,96.3
220,96.0
220,95.6
220,95.6
220,95.6
220,94.2
220,96.7
220,96.7
221,96.0
221,96.7
221,96.7
221,94.9
221,96.0
221,97.1
221,97.1
221,97.4
221,96.7
221,96.7
222,96.3
222,94.9
222,95.6
222,95.6
222,96.0
222,96.0
222,96.0
222,96.3
222,95.6
222,96.7
223,96.7
223,96.0
223,96.3
223,96.3
223,94.9
223,97.1
223,98.2
223,98.2
223,96.3
223,97.4
224,97.4
224,96.7
224,94.9
224,96.7
224,96.7
224,97.4
224,96.0
224,96.0
224,95.6
224,96.7
225,94.9
225,94.9
225,96.3
225,96.3
225,96.3
225,97.4
225,96.3
225,97.1
225,97.1
225,97.1
225,97.4
226,97.4
226,97.4
226,95.2
226,97.1
226,97.1
226,96.3
226,95.2
226,96.7
226,96.7
227,96.3
227,96.0
227,96.0
227,96.7
227,97.4
227,97.4
227,97.4
227,95.2
227,95.6
227,95.6
228,97.4
228,95.2
228,95.2
228,96.7
228,97.4
228,95.6
228,95.6
228,95.6
228,97.1
228,97.1
229,95.6
229,95.6
229,95.6
229,95.6
229,97.1
229,96.0
229,96.0
229,98.2
229,97.4
229,96.0
230,96.0
230,96.7
230,96.3
230,96.3
230,96.7
230,96.3
230,97.1
230,97.1
230,96.7
230,97.1
231,97.1
231,95.6
231,97.1
231,97.4
231,97.4
231,96.7
231,95.2
231,95.2
231,97.1
231,96.0
232,96.0
232,96.0
232,95.2
232,96.3
232,96.3
232,96.0
232,96.0
232,96.0
232,97.1
233,96.7
233,96.7
233,96.7
233,95.2
233,96.3
233,96.0
233,96.0
233,95.6
233,96.3
233,96.3
233,96.0
233,95.2
234,95.2
234,96.3
234,96.0
234,95.6
234,95.6
234,96.0
234,97.1
234,97.1
234,96.3
234,97.4
235,97.4
235,97.4
235,97.4
235,94.5
235,94.5
235,97.4
235,97.4
235,95.6
235,95.6
236,96.7
236,96.3
236,96.3
236,96.0
236,96.7
236,96.0
236,96.0
236,96.7
236,96.7
236,96.7
237,96.3
237,97.8
237,97.8
237,96.7
237,96.3
237,95.2
237,95.2
237,97.1
237,96.7
237,97.1
238,97.1
238,96.3
238,96.7
238,96.7
238,96.3
238,95.2
238,97.4
238,97.4
238,94.9
239,96.7
239,97.4
239,97.4
239,97.1
239,96.0
239,96.0
239,96.3
239,97.1
239,96.3
239,96.3
240,96.0
240,96.3
240,96.3
240,94.2
240,95.6
240,97.8
240,97.8
240,94.9
240,97.1
240,97.1
240,96.3
240,96.3
241,96.3
241,96.3
241,97.1
241,95.6
241,95.6
241,96.3
241,95.2
241,96.3
241,96.3
242,95.6
242,96.0
242,96.0
242,94.5
242,96.3
242,96.3
242,96.0
242,96.7
242,97.1
242,97.1
243,94.9
243,97.1
243,97.1
243,96.3
243,95.2
243,97.4
243,97.4
243,97.1
243,95.2
243,95.2
244,96.3
244,95.2
244,96.3
244,96.3
244,96.3
244,98.2
244,98.2
244,95.6
244,95.6
244,97.8
245,97.8
245,96.0
245,97.4
245,97.4
245,97.8
245,95.6
245,96.3
245,96.3
245,96.3
245,95.6
246,95.6
246,96.7
246,96.7
246,96.7
246,96.7
246,96.0
246,97.1
246,97.1
246,95.6
247,95.6
247,96.3
247,96.3
247,95.6
247,95.2
247,95.6
247,95.6
247,96.7
247,97.1
247,97.1
248,95.2
248,94.5
248,96.7
248,96.7
248,96.7
248,97.8
248,97.8
248,94.5
248,96.0
248,95.6
248,95.6
249,96.7
249,96.0
249,96.0
249,96.3
249,96.3
249,96.0
249,96.0
249,95.6
249,95.6
249,95.6
250,95.6
250,96.0
250,96.7
250,96.7
250,98.2
250,98.2
250,98.2
250,96.7
250,96.7
250,96.3
251,96.3
251,97.1
251,97.8
251,97.8
251,97.8
251,96.7
251,97.1
251,97.1
251,95.6
251,96.3
252,96.0
252,96.0
252,97.4
252,96.7
252,96.7
252,96.7
252,97.4
252,94.9
252,94.9
253,97.1
253,96.0
253,96.0
253,97.4
253,96.7
253,96.0
253,96.0
253,96.3
253,96.3
253,96.3
254,96.0
254,96.3
254,96.3
254,96.3
254,96.0
254,97.1
254,97.1
254,95.2
254,96.7
254,95.6
254,95.6
255,96.0
255,95.6
255,95.6
255,96.0
255,95.6
255,97.1
255,97.1
255,96.7
255,96.0
255,96.0
256,97.8
256,96.3
256,95.6
256,95.6
256,96.0
256,96.7
256,96.7
256,97.4
256,96.0
256,96.3
257,96.3
257,96.0
257,97.8
257,97.8
257,98.2
257,97.4
257,95.6
257,95.6
257,97.4
257,95.6
258,95.6
258,96.0
258,96.7
258,97.4
258,97.4
258,97.1
258,96.0
258,96.0
258,96.0
259,96.3
259,96.7
259,96.7
259,97.1
259,96.7
259,96.7
259,95.6
259,97.4
259,97.1
259,97.1
260,95.6
260,94.2
260,97.8
260,97.8
260,94.9
260,96.7
260,96.7
260,96.0
260,96.3
260,96.3
261,96.3
261,97.1
261,96.0
261,96.0
261,97.4
261,97.4
261,96.7
261,96.7
261,96.7
261,96.7
261,96.7
262,97.4
262,96.0
262,97.1
262,97.1
262,96.7
262,96.7
262,96.7
262,96.0
262,96.7
262,95.2
263,95.2
263,95.2
263,96.7
263,96.7
263,96.0
263,95.6
263,96.7
263,96.7
263,96.7
263,94.9
264,94.9
264,95.6
264,96.7
264,96.7
264,98.5
264,95.6
264,95.2
264,95.2
264,96.3
264,96.7
265,96.7
265,96.3
265,94.5
265,97.4
265,97.4
265,96.7
265,96.0
265,95.2
265,95.2
266,97.1
266,96.0
266,96.0
266,96.0
266,96.3
266,98.2
266,98.2
266,97.1
266,95.2
266,95.2
267,96.0
267,96.0
267,95.2
267,95.2
267,96.0
267,97.1
267,97.1
267,95.6
267,96.0
267,97.1
268,97.1
268,95.6
268,96.3
268,96.3
268,96.0
268,95.2
268,95.2
268,96.0
268,96.0
268,95.6
269,95.6
269,94.9
269,95.6
269,93.1
269,93.1
269,95.2
269,96.7
269,96.7
269,95.2
269,95.6
269,96.0
270,96.0
270,94.9
270,94.5
270,94.5
270,95.2
270,95.6
270,96.0
270,96.0
270,93.8
270,94.5
271,94.5
271,95.2
271,94.9
271,93.4
271,93.4
271,95.2
271,95.2
271,95.2
271,93.4
271,94.5
272,94.5
272,93.1
272,94.2
272,93.8
272,93.8
272,94.2
272,93.1
272,93.1
272,93.4
273,94.2
273,93.1
273,93.1
273,94.2
273,93.8
273,93.8
273,94.9
273,93.4
273,92.7
273,92.7
274,93.1
274,92.3
274,92.3
274,91.6
274,93.1
274,91.6
274,91.6
274,91.6
274,92.0
274,92.0
275,90.9
275,90.5
275,90.1
275,90.1
275,90.9
275,90.5
275,90.5
275,91.6
275,90.1
275,89.4
276,89.4
276,91.2
276,88.7
276,88.7
276,90.5
276,90.1
276,90.5
276,90.5
276,90.1
276,90.1
277,88.0
277,88.0
277,88.0
277,88.7
277,88.7
277,87.2
277,86.1
277,86.1
277,86.1
277,85.8
277,85.8
278,85.8
278,85.8
278,86.5
278,84.3
278,84.3
278,84.3
278,84.7
278,84.7
278,83.9
278,83.2
279,84.3
279,84.3
279,81.8
279,80.7
279,80.7
279,81.0
279,80.7
279,79.6
279,79.6
280,80.3
280,79.2
280,79.2
280,79.2
280,78.5
280,76.6
280,76.6
280,78.5
280,77.0
280,77.0
281,77.7
281,75.6
281,74.1
281,74.1
281,72.3
281,72.3
281,72.3
281,73.0
281,73.4
281,70.4
282,70.4
282,69.0
282,69.7
282,69.7
282,67.5
282,69.0
282,67.9
282,67.9
282,65.3
282,66.1
283,66.1
283,64.6
283,62.1
283,62.1
283,62.8
283,61.3
283,61.7
283,61.7
283,60.6
283,59.1
284,55.9
284,55.9
284,57.3
284,55.9
284,55.9
284,55.1
284,53.7
284,53.7
284,54.4
284,54.0
284,53.3
285,53.3
285,50.7
285,48.6
285,48.6
285,48.2
285,47.5
285,45.3
285,45.3
285,44.9
285,42.7
286,42.7
286,43.1
286,41.6
286,40.5
286,40.5
286,40.2
286,37.6
286,37.6
286,36.9
287,34.0
287,34.0
287,34.0
287,32.1
287,30.7
287,30.7
287,29.2
287,27.8
287,25.2
287,25.2
288,25.9
288,22.7
288,22.7
288,21.9
288,20.8
288,19.7
288,19.7
288,18.3
288,17.9
288,14.3
289,14.3
289,14.6
289,9.9
289,9.9
289,11.0
289,9.5
289,6.6
289,6.6
289,5.5
289,4.8
290,4.8
290,2.6
290,1.5
290,0.0
290,0.0
290,0.0
290,0.0
290,0.0
290,0.0
291,0.0
291,0.0
291,0.0
291,0.0
291,0.0
291,0.0
291,0.0
291,0.0
291,0.0
291,0.0
291,0.0
291,0.0
292,0.0
292,0.0
292,0.0
292,0.0
292,0.0
292,0.0
292,0.0
292,0.0
292,0.0
293,0.0
293,0.0
293,0.0
293,0.0
293,0.0
293,0.0
293,0.0
293,0.0
293,0.0
293,0.0
294,0.0
294,0.0
294,0.0
294,0.0
294,0.0
294,0.0
294,0.0
294,0.0
294,0.0
294,0.0
295,0.0
295,0.0
295,0.0
295,0.0
295,0.0
295,0.0
295,0.0
295,0.0
295,0.0
295,0.0
296,0.0
296,0.0
296,0.0
296,0.0
296,0.0
296,0.0
296,0.0
296,0.0
296,0.0
297,0.0
297,0.0
297,0.0
297,0.0
297,0.0
297,0.0
297,0.0
297,0.0
297,0.0
297,0.0
298,0.0
298,0.0
298,0.0
298,0.0
298,0.0
298,0.0
298,0.0
298,0.0
298,0.0
298,0.0
299,0.0
299,0.0
299,0.0
299,0.0
299,0.0
299,0.0
299,0.0
299,0.0
299,0.0
299,0.0
299,0.0
300,0.0
300,0.0
300,0.0
300,0.0
300,0.0
300,0.0
300,0.0
300,0.0
300,0.0
300,0.0
301,0.0
301,0.0
301,0.0
301,0.0
301,0.0
301,0.0
301,0.0
301,0.0
301,0.0
301,0.0
302,0.0
302,0.0
302,0.0
302,0.0
302,0.0
302,0.0
302,0.0
302,0.0
302,0.0
302,0.0
303,0.0
303,0.0
303,0.0
303,0.0
303,0.0
303,0.0
303,0.0
303,0.0
303,0.0
303,0.0
304,0.0
304,0.0
304,0.0
304,0.0
304,0.0
304,0.0
304,0.0
304,0.0
304,0.0
305,0.0
305,0.0
305,0.0
305,0.0
305,0.0
305,0.0
305,0.0
305,0.0
305,0.0
305,0.0
306,0.0
306,0.0
306,0.0
306,0.0
306,0.0
306,0.0
306,0.0
306,0.0
306,0.0
306,0.0
307,0.0
307,0.0
307,0.0
307,0.0
307,0.0
307,0.0
307,0.0
307,0.0
307,0.0
307,0.0
307,0.0
308,0.0
308,0.0
308,0.0
308,0.0
308,0.0
308,0.0
308,0.0
308,0.0
308,0.0
308,0.0
309,0.0
309,0.0
309,0.0
309,0.0
309,0.0
309,0.0
309,0.0
309,0.0
309,0.0
309,0.0
310,0.0
310,0.0
310,0.0
310,0.0
310,0.0
310,0.0
310,0.0
310,0.0
310,0.0
310,0.0
311,0.0
311,0.0
311,0.0
311,0.0
311,0.0
311,0.0
311,0.0
311,0.0
311,0.0
312,0.0
312,0.0
312,0.0
312,0.0
312,0.0
312,0.0
312,0.0
312,0.0
312,0.0
312,0.0
313,0.0
313,0.0
313,0.0
313,0.0
313,0.0
313,0.0
313,0.0
313,0.0
313,0.0
313,0.0
314,0.0
314,0.0
314,0.0
314,0.0
314,0.0
314,0.0
314,0.0
314,0.0
314,0.0
314,0.0
314,0.0
315,0.0
315,0.0
315,0.0
315,0.0
315,0.0
315,0.0
315,0.0
315,0.0
315,0.0
315,0.0
316,0.0
316,0.0
316,0.0
316,0.0
316,0.0
316,0.0
316,0.0
316,0.0
316,0.0
316,0.0
317,0.0
317,0.0
317,0.0
317,0.0
317,0.0
317,0.0
317,0.0
317,0.0
317,0.0
318,0.0
318,0.0
318,0.0
318,0.0
318,0.0
318,0.0
318,0.0
318,0.0
318,0.0
318,0.0
319,0.0
319,0.0
319,0.0
319,0.0
319,0.0
319,0.0
319,0.0
319,0.0
319,0.0
319,0.0
320,0.0
320,0.0
320,0.0
320,0.0
320,0.0
320,0.0
320,0.0
320,0.0
320,0.0
320,0.0
321,0.0
321,0.0
321,0.0
321,0.0
321,0.0
321,0.0
321,0.0
321,0.0
321,0.0
321,0.0
321,0.0
322,0.0
322,0.0
322,0.0
322,0.0
322,0.0
322,0.0
322,0.0
322,0.0
322,0.0
322,0.0
323,0.0
323,0.0
323,0.0
323,0.0
323,0.0
323,0.0
323,0.0
323,0.0
323,0.0
323,0.0
324,0.0
324,0.0
324,0.0
324,0.0
324,0.0
324,0.0
324,0.0
324,0.0
324,0.0
324,0.0
325,0.0
325,0.0
325,0.0
325,0.0
325,0.0
325,0.0
325,0.0
325,0.0
325,0.0
326,0.0
326,0.0
326,0.0
326,0.0
326,0.0
326,0.0
326,0.0
326,0.0
326,0.0
326,0.0
327,0.0
327,0.0
327,0.0
327,0.0
327,0.0
327,0.0
327,0.0
327,0.0
327,0.0
327,0.0
328,0.0
328,0.0
328,0.0
328,0.0
328,0.0
328,0.0
328,0.0
328,0.0
328,0.0
328,0.0
328,0.0
329,0.0
329,0.0
329,0.0
329,0.0
329,0.0
329,0.0
329,0.0
329,0.0
329,0.0
329,0.0
330,0.0
330,0.0
330,0.0
330,0.0
330,0.0
330,0.0
330,0.0
330,0.0
330,0.0
331,0.0
331,0.0
331,0.0
331,0.0
331,0.0
331,0.0
331,0.0
331,0.0
331,0.0
331,0.0
332,0.0
332,0.0
332,0.0
332,0.0
332,0.0
332,0.0
332,0.0
332,0.0
332,0.0
332,0.0
333,0.0
333,0.0
333,0.0
333,0.0
333,0.0
333,0.0
333,0.0
333,0.0
333,0.0
333,0.0
334,0.0
334,0.0
334,0.0
334,0.0
334,0.0
334,0.0
334,0.0
334,0.0
334,0.0
334,0.0
334,0.0
335,0.0
335,0.0
335,0.0
335,0.0
335,0.0
335,0.0
335,0.0
335,0.0
335,0.0
335,0.0
336,0.0
336,0.0
336,0.0
336,0.0
336,0.0
336,0.0
336,0.0
336,0.0
336,0.0
336,0.0
337,0.0
337,0.0
337,0.0
337,0.0
337,0.0
337,0.0
337,0.0
337,0.0
337,0.0
337,0.0
338,0.0
338,0.0
338,0.0
338,0.0
338,0.0
338,0.0
338,0.0
338,0.0
338,0.0
339,0.0
339,0.4
339,0.4
339,1.5
339,4.8
339,4.8
339,4.8
339,8.8
339,8.1
339,8.1
340,11.0
340,12.1
340,13.5
340,13.5
340,16.1
340,17.9
340,17.9
340,18.3
340,20.8
340,20.8
341,23.4
341,25.2
341,25.2
341,26.7
341,29.2
341,31.4
341,31.4
341,34.3
341,34.3
341,34.3
342,38.3
342,39.4
342,41.3
342,41.3
342,43.8
342,46.4
342,46.4
342,48.2
342,51.8
342,54.0
343,54.0
343,55.5
343,58.4
343,58.4
343,62.4
343,63.1
343,66.1
343,66.1
343,67.5
343,71.5
343,71.5
344,72.3
344,76.6
344,78.1
344,78.1
344,81.8
344,82.8
344,82.8
344,87.2
344,90.1
344,91.6
345,91.6
345,96.0
345,97.8
345,97.8
345,95.2
345,96.0
345,96.0
345,96.0
345,92.7
345,93.8
346,93.8
346,93.4
346,93.1
346,93.1
346,93.1
346,94.5
346,93.4
346,93.4
346,92.3
347,92.3
347,95.6
347,95.6
347,96.0
347,96.0
347,96.0
347,96.7
347,96.0
347,96.3
347,96.3
348,95.6
348,97.1
348,97.1
348,96.7
348,96.3
348,96.0
348,96.0
348,95.2
348,93.8
348,93.8
349,96.0
349,94.5
349,94.5
349,95.6
349,97.1
349,96.7
349,96.7
349,95.2
349,96.0
349,96.7
350,96.7
350,95.6
350,97.4
350,97.4
350,96.7
350,94.2
350,94.2
350,96.0
350,96.7
350,96.7
351,96.7
351,96.7
351,96.0
351,96.0
351,97.1
351,95.2
351,95.6
351,95.6
351,95.2
351,94.9
351,94.9
352,96.3
352,95.2
352,98.5
352,98.5
352,96.3
352,96.0
352,96.0
352,96.3
352,97.8
352,94.9
353,94.9
353,96.3
353,96.0
353,96.0
353,95.2
353,95.2
353,96.0
353,96.0
353,95.6
353,97.1
354,97.1
354,97.1
354,95.2
354,96.3
354,96.3
354,96.0
354,96.7
354,96.7
354,96.7
354,97.8
355,96.3
355,96.3
355,97.8
355,95.6
355,95.6
355,96.7
355,95.2
355,96.3
355,96.3
356,96.7
356,97.8
356,97.8
356,95.6
356,95.6
356,95.6
356,95.6
356,96.3
356,97.8
356,97.8
357,96.0
357,96.3
357,96.3
357,96.3
357,96.0
357,96.3
357,96.3
357,97.1
357,96.0
357,96.0
358,97.4
358,96.3
358,97.1
358,97.1
358,95.6
358,95.6
358,95.6
358,97.1
358,96.3
358,94.9
359,94.9
359,97.1
359,97.1
359,97.1
359,96.3
359,95.2
359,97.4
359,97.4
359,97.1
359,96.3
360,95.6
360,95.6
360,95.2
360,95.6
360,95.6
360,95.6
360,97.1
360,97.1
360,97.1
360,98.2
360,96.3
361,96.3
361,97.1
361,97.8
361,96.0
361,96.0
361,95.2
361,97.4
361,97.4
361,95.6
362,97.1
362,96.3
362,96.3
362,97.4
362,97.1
362,97.1
362,96.3
362,96.7
362,95.2
362,95.2
363,93.1
363,93.1
363,93.1
363,93.8
363,90.9
363,88.0
363,88.0
363,85.8
363,82.8
363,82.8
364,80.3
364,78.1
364,74.5
364,74.5
364,69.7
364,63.5
364,63.5
364,59.5
364,58.0
364,54.0
365,54.0
365,49.3
365,45.3
365,45.3
365,39.8
365,37.6
365,35.1
365,35.1
365,30.7
365,27.4
366,27.4
366,24.5
366,21.2
366,18.6
366,18.6
366,14.3
366,14.3
366,14.3
366,9.2
367,4.8
367,4.4
367,4.4
367,2.2
367,0.0
367,0.0
367,0.0
367,0.0
367,0.0
367,0.0
367,0.0
367,0.0
368,0.0
368,0.0
368,0.0
368,0.0
368,0.0
368,0.0
368,0.0
368,0.0
368,0.0
369,0.0
369,0.0
369,0.0
369,0.0
369,0.0
369,0.0
369,0.0
369,0.0
369,0.0
369,0.0
370,0.0
370,0.0
370,0.0
370,0.0
370,0.0
370,0.0
370,0.0
370,0.0
370,0.0
370,0.0
371,0.0
371,0.0
371,0.0
371,0.0
371,0.0
371,0.0
371,0.0
371,0.0
371,0.0
371,0.0
372,0.0
372,0.0
372,0.0
372,0.0
372,0.0
372,0.0
372,0.0
372,0.0
372,0.0
372,0.0
373,0.0
373,0.0
373,0.0
373,0.0
373,0.0
373,0.0
373,0.0
373,0.0
373,0.0
374,0.0
374,0.0
374,0.0
374,0.0
374,0.0
374,0.0
374,0.0
374,0.0
374,0.0
374,0.0
374,0.0
374,0.0
375,0.0
375,0.0
375,0.0
375,0.0
375,0.0
375,0.0
375,0.0
375,0.0
375,0.0
376,0.0
376,0.0
376,0.0
376,0.0
376,0.0
376,0.0
376,0.0
376,0.0
376,0.0
376,0.0
377,0.0
377,0.0
377,0.0
377,0.0
377,0.0
377,0.0
377,0.0
377,0.0
377,0.0
377,0.0
378,0.0
378,0.0
378,0.0
378,0.0
378,0.0
378,0.0
378,0.0
378,0.0
378,0.0
379,0.0
379,0.0
379,0.0
379,0.0
379,0.0
379,0.0
379,0.0
379,0.0
379,0.0
379,0.0
380,0.0
380,0.0
380,0.0
380,0.0
380,0.0
380,0.0
380,0.0
380,0.0
380,0.0
380,0.0
380,0.0
381,0.0
381,0.0
381,0.0
381,0.0
381,0.0
381,0.0
381,0.0
381,0.0
381,0.0
381,0.0
382,0.0
382,0.0
382,0.0
382,0.0
382,0.0
382,0.0
382,0.0
382,0.0
382,0.0
382,0.0
383,0.0
383,0.0
383,0.0
383,0.0
383,0.0
383,0.0
383,0.0
383,0.0
383,0.0
383,0.0
384,0.0
384,0.0
384,0.0
384,0.0
384,0.0
384,0.0
384,0.0
384,0.0
384,0.0
385,0.0
385,0.0
385,0.0
385,0.0
385,0.0
385,0.0
385,0.0
385,0.0
385,0.0
385,0.0
386,0.0
386,0.0
386,0.0
386,0.0
386,0.0
386,0.0
386,0.0
386,0.0
386,0.0
386,0.0
386,0.0
386,0.0
387,0.0
387,0.0
387,0.0
387,0.0
387,0.0
387,0.0
387,0.0
387,0.0
387,0.0
388,0.0
388,0.0
388,0.0
388,0.0
388,0.0
388,0.0
388,0.0
388,0.0
388,0.0
388,0.0
389,0.0
389,0.0
389,0.0
389,0.0
389,0.0
389,0.0
389,0.0
389,0.0
389,0.0
389,0.0
390,0.0
390,0.0
390,0.0
390,0.0
390,0.0
390,0.0
390,0.0
390,0.0
390,0.0
390,0.0
391,0.0
391,0.0
391,0.0
391,0.0
391,0.0
391,0.0
391,0.0
391,0.0
391,0.0
391,0.0
392,0.0
392,0.0
392,0.0
392,0.0
392,0.0
392,0.0
392,0.0
392,0.0
392,0.0
392,0.0
393,0.0
393,0.0
393,0.0
393,0.0
393,0.0
393,0.0
393,0.0
393,0.0
393,0.0
394,0.0
394,0.0
394,0.0
394,0.0
394,0.0
394,0.0
394,0.0
394,0.0
394,0.0
394,0.0
394,0.0
394,0.0
395,0.0
395,0.0
395,0.0
395,0.0