0,0
0,0
0,0.0
0,0.0
0,0.0
0,0.0
0,0.0
0,0.0
0,0.0
0,0.0
0,0.0
1,0.0
1,0.0
1,0.0
1,0.0
1,0.0
1,0.0
1,0.0
1,0.0
1,0.0
1,0.0
2,0.0
2,0.0
2,0.0
2,0.0
2,0.0
2,0.0
2,0.0
2,0.0
2,0.0
2,0.0
2,0.0
3,0.0
3,0.0
3,0.0
3,0.0
3,0.0
3,0.0
3,0.0
3,0.0
3,0.0
3,0.0
4,0.0
4,0.0
4,0.0
4,0.0
4,0.0
4,0.0
4,0.0
4,0.0
4,0.0
5,0.0
5,0.0
5,0.0
5,0.0
5,0.0
5,0.0
5,0.0
5,0.0
5,0.0
5,0.0
6,0.0
6,0.0
6,0.0
6,0.0
6,0.0
6,0.0
6,0.0
6,0.0
6,0.0
6,0.0
7,0.0
7,0.0
7,0.0
7,0.0
7,0.0
7,0.0
7,0.0
7,0.0
7,0.0
7,0.0
8,0.0
8,0.0
8,0.0
8,0.0
8,0.0
8,0.0
8,0.0
8,0.0
8,0.0
8,0.0
9,0.0
9,0.0
9,0.0
9,0.0
9,0.0
9,0.0
9,0.0
9,0.0
9,0.0
10,0.0
10,0.0
10,0.0
10,0.0
10,0.0
10,0.0
10,0.0
10,0.0
10,0.0
10,0.0
10,0.0
10,0.0
11,0.0
11,0.0
11,0.0
11,0.0
11,0.0
11,0.0
11,0.0
11,0.0
11,0.0
12,0.0
12,0.0
12,0.0
12,0.0
12,0.0
12,0.0
12,0.0
12,0.0
12,0.0
12,0.0
13,0.0
13,0.0
13,0.0
13,0.0
13,0.0
13,0.0
13,0.0
13,0.0
13,0.0
13,0.0
14,0.0
14,0.0
14,0.0
14,0.0
14,0.0
14,0.0
14,0.0
14,0.0
14,0.0
14,0.0
15,0.0
15,0.0
15,0.0
15,0.0
15,0.0
15,0.0
15,0.0
15,0.0
15,0.0
15,0.0
15,0.0
16,0.0
16,0.0
16,0.0
16,0.0
16,0.0
16,0.0
16,0.0
16,0.0
16,0.0
17,0.0
17,0.0
17,0.0
17,0.0
17,0.0
17,0.0
17,0.0
17,0.0
17,0.0
17,0.0
18,0.0
18,0.0
18,0.0
18,0.0
18,0.0
18,0.0
18,0.0
18,0.0
18,0.0
18,0.3
19,0.3
19,0.7
19,1.2
19,1.2
19,1.7
19,2.2
19,2.9
19,2.9
19,3.6
19,4.2
20,4.2
20,3.8
20,4.9
20,5.3
20,5.3
20,5.9
20,6.9
20,6.9
20,7.3
20,7.9
21,8.6
21,8.6
21,9.2
21,10.0
21,10.0
21,10.2
21,10.8
21,11.6
21,11.6
22,12.5
22,13.1
22,13.1
22,13.9
22,14.2
22,15.1
22,15.1
22,15.6
22,16.3
22,16.3
22,17.2
22,18.0
23,18.7
23,18.7
23,19.3
23,19.7
23,19.7
23,20.4
23,21.4
23,22.7
23,22.7
24,23.4
24,23.9
24,23.9
24,24.8
24,25.6
24,26.6
24,26.6
24,27.4
24,28.1
24,28.1
25,29.0
25,29.7
25,30.5
25,30.5
25,31.8
25,32.4
25,32.4
25,33.4
25,34.4
25,34.4
26,35.1
26,36.0
26,36.8
26,36.8
26,37.6
26,38.7
26,38.7
26,39.9
26,40.4
26,41.7
27,41.7
27,43.2
27,43.8
27,43.8
27,44.8
27,45.6
27,46.9
27,46.9
27,47.6
28,48.9
28,49.5
28,49.5
28,50.4
28,51.5
28,53.1
28,53.1
28,53.5
28,54.7
28,54.7
29,55.7
29,57.0
29,57.0
29,57.9
29,59.3
29,60.5
29,60.5
29,61.0
29,62.3
29,62.2
29,62.2
30,61.8
30,61.5
30,61.5
30,61.0
30,60.8
30,60.8
30,60.8
30,61.2
30,61.9
30,61.9
31,61.8
31,61.4
31,61.8
31,61.8
31,62.0
31,62.0
31,62.0
31,62.3
31,62.3
31,62.2
32,62.2
32,62.3
32,62.4
32,62.4
32,62.1
32,62.3
32,62.3
32,62.3
32,62.1
32,61.8
33,61.8
33,62.3
33,62.5
33,62.1
33,62.1
33,61.9
33,62.2
33,62.2
33,62.2
34,62.3
34,62.7
34,62.7
34,62.3
34,62.2
34,62.2
34,61.8
34,62.2
34,62.4
34,62.4
35,62.2
35,62.3
35,62.3
35,62.3
35,62.3
35,62.0
35,62.0
35,62.4
35,62.3
35,62.3
36,62.3
36,61.9
36,62.4
36,62.4
36,61.9
36,62.3
36,62.3
36,61.9
36,62.3
36,62.2
37,62.2
37,62.2
37,62.5
37,62.5
37,62.4
37,62.0
37,62.0
37,61.9
37,62.1
37,61.9
37,61.9
38,61.8
38,62.0
38,61.7
38,61.7
38,62.0
38,62.3
38,62.3
38,62.0
38,61.9
38,62.3
39,62.3
39,62.4
39,62.3
39,62.3
39,61.9
39,62.5
39,62.2
39,62.2
39,62.5
39,62.4
40,62.4
40,62.1
40,62.0
40,62.2
40,62.2
40,62.0
40,62.2
40,62.2
40,61.9
41,62.3
41,62.7
41,62.7
41,62.3
41,62.3
41,62.3
41,62.2
41,62.4
41,61.9
41,61.9
42,62.3
42,62.2
42,62.2
42,62.0
42,62.4
42,62.2
42,62.2
42,62.3
42,61.9
42,61.9
43,62.2
43,62.1
43,62.6
43,62.6
43,62.2
43,62.0
43,62.0
43,61.9
43,62.6
43,62.6
44,62.0
44,62.2
44,61.8
44,61.8
44,62.7
44,62.2
44,62.2
44,62.3
44,61.8
44,61.8
45,61.8
45,61.8
45,62.0
45,62.0
45,62.5
45,62.6
45,62.3
45,62.3
45,62.3
45,62.0
45,62.0
46,62.2
46,62.5
46,62.1
46,62.1
46,62.1
46,62.0
46,62.0
46,62.5
46,62.4
46,62.2
47,62.2
47,62.0
47,62.4
47,62.4
47,62.1
47,62.1
47,62.3
47,62.3
47,62.4
47,62.3
48,62.3
48,62.5
48,61.9
48,62.4
48,62.4
48,61.9
48,62.7
48,62.7
48,62.3
48,62.9
49,62.9
49,62.3
49,62.5
49,62.4
49,62.4
49,62.8
49,62.7
49,62.7
49,62.1
50,62.2
50,62.9
50,62.9
50,62.6
50,62.3
50,62.3
50,62.1
50,62.0
50,62.2
50,62.2
51,62.0
51,62.5
51,62.5
51,62.7
51,62.1
51,62.5
51,62.5
51,62.5
51,61.8
51,61.8
52,62.3
52,62.2
52,62.8
52,62.8
52,62.1
52,62.1
52,62.3
52,62.3
52,62.4
52,62.5
53,62.5
53,62.0
53,62.3
53,62.0
53,62.0
53,61.8
53,62.4
53,62.4
53,62.3
53,62.3
54,61.9
54,61.9
54,61.8
54,62.2
54,62.2
54,62.3
54,62.0
54,62.0
54,62.0
54,62.1
54,62.4
55,62.4
55,61.8
55,61.8
55,61.8
55,62.4
55,62.4
55,62.3
55,62.3
55,62.3
55,62.2
56,62.2
56,62.0
56,62.3
56,62.4
56,62.4
56,62.1
56,62.3
56,62.3
56,61.9
57,62.2
57,62.3
57,62.3
57,62.3
57,62.2
57,62.2
57,62.2
57,62.4
57,62.4
57,62.3
58,62.1
58,62.2
58,62.2
58,62.4
58,62.3
58,62.3
58,62.0
58,62.1
58,62.5
58,62.5
59,62.4
59,62.5
59,62.5
59,62.1
59,62.6
59,62.0
59,62.0
59,62.1
59,62.3
59,62.3
60,62.3
60,62.6
60,62.5
60,62.5
60,62.4
60,62.4
60,62.4
60,62.1
60,62.5
60,62.4
61,62.4
61,62.4
61,62.3
61,62.3
61,62.3
61,62.2
61,62.6
61,62.6
61,62.2
61,62.4
62,62.4
62,62.4
62,62.4
62,62.5
62,62.5
62,62.1
62,62.1
62,62.1
62,62.6
62,62.3
63,62.6
63,62.6
63,61.8
63,62.3
63,62.3
63,62.1
63,61.8
63,61.8
63,62.3
63,61.8
63,62.6
64,62.6
64,62.4
64,62.2
64,62.2
64,62.1
64,62.0
64,62.3
64,62.3
64,62.1
64,61.8
65,61.8
65,62.1
65,62.5
65,62.9
65,62.9
65,62.3
65,62.1
65,62.1
65,62.5
66,62.7
66,62.5
66,62.5
66,62.0
66,62.5
66,62.5
66,62.5
66,62.4
66,62.2
66,62.2
67,62.6
67,62.2
67,62.2
67,62.3
67,62.1
67,62.3
67,62.3
67,62.1
67,62.1
67,62.2
68,62.2
68,62.8
68,62.4
68,62.4
68,62.2
68,62.3
68,62.5
68,62.5
68,62.2
68,62.2
69,62.2
69,62.2
69,62.5
69,62.0
69,62.0
69,62.1
69,61.9
69,61.9
69,62.0
69,62.4
70,62.3
70,62.3
70,62.7
70,62.4
70,62.4
70,62.2
70,62.4
70,62.6
70,62.6
70,62.5
70,62.1
71,62.1
71,62.6
71,62.4
71,62.3
71,62.3
71,62.5
71,62.4
71,62.4
71,62.0
72,62.4
72,62.2
72,62.2
72,61.9
72,62.1
72,62.1
72,62.5
72,62.2
72,62.4
72,62.4
73,62.4
73,62.1
73,62.1
73,62.4
73,62.4
73,62.4
73,62.4
73,62.1
73,62.4
73,62.4
74,62.1
74,62.3
74,62.0
74,62.0
74,62.3
74,62.1
74,62.1
74,62.3
74,62.3
74,62.1
75,62.1
75,62.5
75,62.3
75,62.3
75,62.5
75,62.6
75,62.0
75,62.0
75,62.4
75,62.3
76,62.3
76,62.0
76,62.5
76,61.9
76,61.9
76,62.4
76,62.6
76,62.6
76,62.3
77,62.3
77,62.3
77,62.3
77,61.8
77,62.4
77,62.4
77,62.5
77,62.3
77,62.0
77,62.0
78,62.1
78,62.2
78,62.2
78,62.3
78,62.1
78,62.4
78,62.4
78,62.3
78,62.6
78,62.8
78,62.8
79,62.6
79,62.0
79,62.2
79,62.2
79,61.8
79,62.4
79,62.5
79,62.5
79,62.5
79,62.5
80,62.5
80,62.1
80,62.3
80,62.0
80,62.0
80,62.0
80,62.4
80,62.4
80,62.5
81,62.8
81,62.3
81,62.3
81,62.2
81,62.7
81,62.7
81,62.3
81,62.5
81,62.4
81,62.4
81,62.5
81,62.5
82,62.5
82,62.5
82,62.5
82,62.5
82,62.5
82,62.4
82,62.3
82,62.3
82,62.5
82,62.4
83,62.6
83,62.6
83,62.2
83,62.2
83,62.2
83,62.4
83,62.3
83,62.5
83,62.5
84,62.4
84,62.1
84,62.1
84,62.3
84,62.8
84,62.4
84,62.4
84,61.7
84,62.6
84,62.6
85,62.4
85,62.3
85,61.8
85,61.8
85,62.4
85,62.4
85,62.4
85,62.6
85,62.4
85,62.6
86,62.6
86,62.3
86,62.3
86,62.3
86,62.1
86,62.4
86,62.6
86,62.6
86,62.0
86,62.6
87,62.6
87,62.8
87,62.3
87,62.5
87,62.5
87,62.0
87,62.4
87,62.4
87,62.5
88,62.9
88,62.3
88,62.3
88,62.3
88,62.7
88,62.7
88,62.0
88,62.6
88,62.6
88,62.6
89,62.5
89,62.2
89,62.2
89,62.7
89,62.3
89,62.3
89,62.3
89,62.2
89,62.5
89,62.5
90,62.2
90,62.6
90,62.5
90,62.5
90,62.5
90,62.2
90,62.2
90,62.5
90,62.3
90,62.2
90,62.2
91,62.4
91,62.4
91,62.4
91,62.0
91,62.8
91,62.2
91,62.2
91,62.3
91,62.7
91,62.0
92,62.0
92,62.4
92,62.2
92,62.2
92,61.9
92,62.3
92,62.1
92,62.1
92,62.6
92,62.9
93,62.9
93,62.3
93,62.2
93,61.9
93,61.9
93,62.1
93,61.9
93,61.9
93,62.6
93,62.0
94,62.5
94,62.5
94,62.6
94,62.4
94,62.4
94,62.2
94,62.4
94,62.2
94,62.2
95,62.3
95,62.6
95,62.6
95,62.3
95,62.5
95,62.5
95,62.5
95,62.3
95,62.3
95,62.3
96,61.8
96,62.2
96,62.2
96,62.0
96,62.4
96,62.2
96,62.2
96,62.3
96,62.5
96,62.5
97,62.3
97,62.6
97,62.4
97,62.4
97,62.3
97,62.3
97,62.3
97,62.1
97,61.9
97,62.2
98,62.2
98,62.2
98,62.3
98,62.3
98,62.1
98,62.5
98,62.4
98,62.4
98,62.4
98,61.9
98,61.9
99,62.2
99,62.3
99,62.7
99,62.7
99,62.5
99,62.8
99,62.8
99,62.4
99,62.3
99,62.3
100,62.5
100,62.3
100,62.2
100,62.2
100,62.3
100,62.7
100,62.7
100,62.3
100,62.5
100,62.2
101,62.2
101,62.0
101,62.1
101,62.1
101,62.1
101,62.3
101,62.1
101,62.1
101,62.4
101,62.2
102,62.2
102,62.8
102,62.2
102,62.6
102,62.6
102,62.6
102,62.5
102,62.5
102,62.9
103,62.1
103,62.6
103,62.6
103,61.9
103,62.5
103,62.3
103,62.3
103,62.2
103,62.5
103,62.0
104,62.0
104,62.7
104,61.9
104,61.9
104,62.3
104,62.0
104,62.5
104,62.5
104,62.4
104,62.2
104,62.2
105,62.2
105,62.1
105,62.4
105,62.4
105,62.7
105,62.7
105,62.7
105,62.2
105,61.9
105,62.5
106,62.5
106,61.9
106,62.1
106,62.1
106,62.6
106,62.1
106,62.7
106,62.7
106,62.6
106,61.9
107,61.9
107,62.1
107,62.0
107,62.2
107,62.2
107,62.0
107,62.8
107,62.8
107,62.2
108,62.5
108,62.1
108,62.1
108,62.3
108,62.3
108,62.3
108,62.4
108,62.5
108,62.4
108,62.4
109,62.6
109,62.7
109,62.7
109,62.3
109,62.1
109,61.8
109,61.8
109,62.9
109,62.5
109,62.5
110,62.3
110,62.0
110,62.3
110,62.3
110,62.6
110,62.8
110,62.8
110,62.4
110,62.4
110,62.1
111,62.1
111,62.5
111,62.2
111,62.2
111,62.1
111,62.5
111,62.5
111,62.5
111,62.6
111,62.5
112,61.9
112,61.9
112,62.5
112,62.0
112,62.0
112,62.4
112,62.6
112,62.6
112,62.6
112,61.9
112,62.3
113,62.3
113,62.3
113,62.4
113,62.5
113,62.5
113,62.4
113,62.4
113,62.4
113,62.2
113,62.2
114,62.4
114,62.4
114,62.6
114,62.6
114,62.6
114,62.8
114,62.2
114,62.3
114,62.3
115,62.5
115,61.8
115,61.8
115,62.5
115,62.6
115,62.6
115,62.3
115,62.4
115,62.5
115,62.5
116,62.4
116,62.4
116,62.4
116,62.3
116,62.4
116,62.5
116,62.5
116,62.8
116,62.5
116,62.5
117,62.3
117,62.6
117,62.5
117,62.5
117,62.4
117,62.6
117,62.6
117,62.8
117,62.3
117,62.5
118,62.5
118,62.2
118,61.9
118,61.9
118,62.2
118,62.6
118,62.9
118,62.8
118,62.8
118,62.4
118,62.3
119,62.3
119,62.2
119,62.4
119,62.4
119,62.4
119,62.8
119,62.5
119,62.5
119,62.5
119,62.5
120,62.7
120,62.7
120,62.6
120,62.6
120,62.6
120,62.8
120,62.8
120,62.3
120,62.3
121,62.4
121,62.3
121,62.3
121,62.6
121,62.7
121,62.1
121,62.1
121,62.2
121,62.5
121,62.5
122,62.4
122,62.5
122,62.7
122,62.7
122,62.6
122,62.4
122,62.4
122,62.3
122,62.2
122,62.6
123,62.6
123,62.3
123,62.4
123,62.4
123,62.6
123,62.6
123,62.5
123,62.5
123,62.5
123,62.2
124,62.2
124,62.5
124,62.5
124,62.7
124,62.7
124,62.8
124,62.5
124,62.5
124,62.7
125,62.4
125,62.7
125,62.7
125,62.5
125,62.6
125,62.6
125,62.5
125,62.5
125,62.2
125,62.2
126,62.4
126,62.2
126,62.2
126,62.8
126,62.2
126,62.8
126,62.8
126,62.2
126,62.2
126,62.2
126,62.4
127,62.3
127,62.6
127,62.6
127,62.5
127,62.4
127,62.4
127,62.7
127,62.9
127,62.4
127,62.4
128,62.5
128,62.4
128,62.4
128,62.4
128,62.6
128,62.5
128,62.5
128,62.2
128,62.5
128,62.5
129,62.2
129,62.5
129,62.6
129,62.6
129,62.4
129,62.5
129,62.7
129,62.7
129,62.3
129,62.3
130,62.3
130,62.7
130,62.9
130,62.9
130,62.9
130,62.1
130,62.7
130,62.7
130,62.5
131,62.5
131,62.7
131,62.7
131,62.5
131,62.4
131,62.4
131,62.3
131,62.7
131,62.6
131,62.6
132,62.2
132,62.0
132,62.0
132,62.6
132,62.7
132,62.7
132,62.7
132,62.6
132,62.5
132,62.5
132,62.3
133,62.1
133,62.5
133,62.5
133,62.7
133,62.7
133,62.7
133,62.3
133,62.3
133,62.6
133,62.6
134,62.2
134,62.7
134,62.7
134,62.5
134,62.3
134,62.4
134,62.4
134,62.6
134,62.4
134,62.4
135,62.1
135,62.3
135,62.3
135,62.3
135,62.4
135,62.7
135,62.7
135,62.9
135,62.9
135,62.2
136,62.2
136,62.5
136,62.6
136,62.6
136,62.3
136,62.3
136,62.3
136,62.5
136,62.3
136,62.7
137,62.7
137,62.7
137,62.2
137,62.6
137,62.6
137,62.1
137,62.5
137,62.5
137,62.6
138,62.5
138,62.3
138,62.3
138,62.3
138,62.4
138,62.4
138,62.5
138,62.9
138,62.5
138,62.5
139,62.7
139,62.7
139,62.7
139,62.7
139,62.8
139,62.3
139,62.3
139,62.7
139,62.2
139,62.2
140,62.3
140,62.4
140,62.3
140,62.3
140,62.8
140,62.4
140,62.4
140,62.5
140,62.6
140,62.6
140,62.6
141,62.6
141,62.6
141,62.6
141,62.0
141,62.5
141,62.7
141,62.7
141,63.1
141,62.6
141,62.6
142,62.4
142,62.4
142,62.2
142,62.2
142,62.6
142,62.8
142,62.8
142,62.2
142,62.7
142,62.7
143,62.9
143,62.5
143,62.2
143,62.2
143,62.9
143,62.6
143,62.6
143,62.6
143,62.3
143,62.8
144,62.8
144,62.5
144,62.4
144,62.4
144,62.4
144,62.5
144,62.2
144,62.2
144,62.6
144,62.7
145,62.4
145,62.4
145,62.5
145,62.2
145,62.2
145,62.7
145,62.5
145,62.9
145,62.9
146,62.4
146,62.5
146,62.5
146,62.2
146,62.6
146,62.1
146,62.1
146,62.9
146,62.6
146,62.6
147,62.0
147,62.6
147,62.6
147,62.4
147,62.7
147,62.5
147,62.5
147,62.3
147,62.4
147,62.4
148,62.4
148,62.7
148,62.8
148,62.8
148,62.3
148,62.8
148,62.8
148,62.4
148,62.6
148,62.7
148,62.7
149,62.6
149,62.3
149,62.3
149,62.5
149,62.5
149,62.3
149,62.3
149,62.2
149,62.4
149,62.4
150,62.2
150,62.5
150,62.8
150,62.8
150,62.6
150,62.4
150,62.4
150,62.4
150,62.6
150,62.3
151,62.3
151,62.5
151,62.3
151,62.3
151,62.5
151,62.2
151,62.3
151,62.3
151,62.6
151,62.7
152,62.7
152,62.7
152,62.4
152,62.5
152,62.5
152,62.9
152,62.5
152,62.5
152,62.4
153,62.6
153,62.6
153,62.6
153,62.6
153,62.6
153,62.6
153,62.5
153,62.5
153,62.8
153,62.8
154,62.8
154,62.8
154,62.8
154,62.8
154,62.6
154,62.4
154,62.4
154,62.4
154,62.4
154,62.4
155,62.5
155,62.6
155,62.5
155,62.5
155,62.2
155,62.5
155,62.5
155,62.3
155,62.2
155,62.5
156,62.5
156,62.7
156,62.7
156,62.7
156,62.3
156,62.7
156,62.6
156,62.6
156,62.9
156,62.6
157,62.6
157,62.3
157,62.6
157,62.6
157,62.2
157,62.5
157,62.5
157,62.5
157,62.1
157,62.4
157,62.4
158,62.4
158,62.4
158,62.7
158,62.7
158,62.5
158,62.4
158,62.4
158,62.4
158,62.5
158,62.5
159,62.5
159,62.6
159,62.9
159,62.5
159,62.5
159,62.7
159,62.6
159,62.6
159,62.5
159,62.9
160,62.6
160,62.6
160,62.6
160,62.8
160,62.8
160,62.3
160,62.9
160,62.6
160,62.6
161,62.5
161,62.5
161,62.5
161,62.9
161,62.6
161,62.2
161,62.2
161,62.5
161,62.8
161,62.8
162,62.6
162,62.4
162,62.4
162,62.6
162,62.8
162,62.3
162,62.3
162,62.3
162,62.6
162,62.6
163,62.6
163,62.5
163,62.5
163,62.5
163,62.6
163,62.7
163,62.7
163,62.3
163,62.7
163,62.9
164,62.9
164,62.4
164,62.6
164,62.6
164,62.5
164,62.8
164,62.7
164,62.7
164,62.1
164,62.1
164,62.1
165,62.8
165,62.7
165,62.6
165,62.6
165,62.7
165,62.4
165,62.4
165,62.3
165,62.7
165,62.7
166,62.7
166,62.3
166,62.7
166,62.7
166,62.6
166,62.9
166,62.0
166,62.0
166,62.2
166,62.7
167,62.7
167,62.4
167,62.4
167,62.4
167,62.4
167,62.6
167,62.6
167,62.6
167,62.3
168,62.6
168,62.2
168,62.2
168,62.6
168,62.3
168,62.3
168,62.4
168,62.7
168,62.5
168,62.5
169,62.6
169,62.4
169,62.4
169,62.6
169,62.5
169,62.7
169,62.7
169,62.4
169,62.4
169,62.4
170,62.8
170,62.7
170,62.8
170,62.8
170,62.6
170,62.9
170,62.9
170,62.5
170,62.3
170,62.6
171,62.6
171,62.4
171,62.6
171,62.6
171,62.7
171,62.7
171,62.2
171,62.2
171,62.8
171,62.7
172,62.7
172,62.5
172,62.8
172,62.3
172,62.3
172,62.6
172,62.5
172,62.5
172,62.3
172,62.6
173,62.6
173,62.9
173,62.5
173,62.5
173,62.5
173,62.5
173,62.2
173,62.2
173,62.6
173,62.4
173,62.3
174,62.3
174,62.4
174,62.9
174,62.9
174,62.6
174,62.6
174,62.6
174,62.6
174,62.4
174,62.5
175,62.5
175,62.2
175,62.4
175,62.7
175,62.7
175,62.7
175,62.4
175,62.4
175,62.4
175,62.9
176,62.6
176,62.6
176,62.7
176,62.9
176,62.9
176,62.4
176,62.7
176,62.6
176,62.6
177,62.5
177,62.8
177,62.8
177,62.3
177,62.1
177,62.8
177,62.8
177,62.5
177,62.6
177,62.6
178,62.1
178,62.7
178,62.8
178,62.8
178,62.5
178,62.0
178,62.0
178,62.7
178,62.6
178,62.9
179,62.9
179,62.6
179,62.2
179,62.2
179,62.9
179,62.6
179,62.5
179,62.5
179,62.5
179,62.7
180,62.7
180,62.8
180,62.7
180,62.4
180,62.4
180,62.6
180,62.5
180,62.5
180,62.5
180,62.7
181,62.9
181,62.9
181,62.7
181,62.4
181,62.4
181,62.8
181,62.6
181,62.6
181,62.6
181,62.7
181,62.7
182,62.7
182,62.5
182,62.3
182,62.2
182,62.2
182,62.3
182,62.5
182,62.5
182,62.7
182,62.8
183,62.8
183,62.2
183,62.6
183,62.6
183,62.6
183,62.3
183,62.6
183,62.5
183,62.5
184,62.6
184,62.3
184,62.3
184,62.9
184,62.6
184,62.4
184,62.4
184,62.3
184,62.3
184,62.3
185,62.9
185,62.5
185,63.0
185,63.0
185,62.7
185,62.5
185,62.5
185,62.5
185,62.3
185,62.6
186,62.6
186,62.5
186,62.6
186,62.6
186,62.3
186,62.7
186,62.9
186,62.9
186,62.9
186,61.9
187,61.9
187,62.3
187,62.8
187,62.5
187,62.5
187,62.9
187,62.5
187,62.5
187,62.6
187,62.2
188,62.2
188,62.3
188,62.3
188,62.7
188,62.7
188,62.7
188,63.2
188,63.2
188,62.8
189,62.8
189,62.6
189,62.6
189,62.7
189,62.3
189,62.3
189,62.5
189,62.3
189,62.7
189,62.7
189,62.6
189,62.4
190,62.4
190,62.7
190,62.6
190,62.7
190,62.7
190,62.8
190,62.8
190,62.8
190,62.7
191,62.5
191,62.5
191,62.5
191,62.7
191,62.4
191,62.8
191,62.8
191,62.8
191,62.3
191,62.3
192,62.3
192,62.6
192,62.6
192,62.5
192,62.6
192,62.6
192,62.6
192,62.8
192,62.4
192,62.4
193,62.5
193,62.8
193,62.9
193,62.9
193,62.1
193,62.7
193,62.7
193,62.9
193,62.6
193,62.2
194,62.2
194,62.3
194,62.3
194,62.3
194,62.5
194,62.6
194,62.6
194,62.6
194,62.5
194,62.6
195,62.6
195,62.8
195,62.4
195,62.8
195,62.8
195,62.6
195,62.6
195,62.7
195,62.7
196,62.7
196,62.7
196,62.7
196,62.5
196,62.7
196,62.5
196,62.5
196,63.1
196,62.7
196,62.7
196,62.7
196,62.6
197,62.8
197,62.8
197,62.6
197,62.7
197,62.7
197,63.1
197,62.8
197,62.7
197,62.7
198,62.8
198,62.8
198,62.8
198,62.9
198,62.8
198,63.2
198,63.2
198,62.6
198,63.1
198,63.1
199,62.4
199,62.7
199,62.6
199,62.6
199,62.7
199,62.5
199,62.5
199,63.0
199,62.4
199,62.5
200,62.5
200,62.6
200,62.3
200,62.3
200,62.7
200,62.8
200,62.8
200,62.6
200,62.7
200,63.0
201,63.0
201,62.7
201,62.7
201,62.7
201,62.3
201,62.8
201,62.3
201,62.3
201,62.6
201,62.9
202,62.9
202,62.6
202,62.6
202,62.4
202,62.4
202,62.8
202,62.7
202,62.7
202,62.2
202,62.3
203,62.6
203,62.6
203,62.7
203,62.4
203,62.4
203,62.5
203,62.6
203,62.6
203,62.6
204,62.6
204,62.2
204,62.2
204,62.2
204,62.5
204,62.5
204,62.7
204,62.6
204,62.5
204,62.5
205,62.8
205,62.8
205,62.8
205,62.7
205,62.6
205,62.0
205,62.0
205,62.5
205,62.4
205,62.4
205,62.4
206,62.6
206,62.4
206,62.4
206,62.5
206,62.6
206,62.6
206,62.9
206,62.4
206,62.9
206,62.9
207,62.4
207,62.4
207,62.4
207,62.6
207,62.2
207,62.2
207,62.6
207,62.4
207,62.6
207,62.6
208,62.5
208,62.8
208,62.8
208,62.5
208,62.6
208,62.8
208,62.8
208,62.6
208,62.8
208,62.8
209,62.7
209,62.7
209,62.5
209,62.5
209,62.9
209,62.4
209,62.4
209,62.6
209,62.9
209,62.8
210,62.8
210,62.5
210,62.8
210,62.8
210,62.5
210,62.6
210,62.8
210,62.8
210,62.7
210,62.7
211,62.7
211,62.5
211,62.6
211,62.6
211,62.6
211,62.8
211,62.5
211,62.5
211,62.5
211,62.4
212,62.4
212,62.5
212,62.4
212,62.7
212,62.7
212,62.5
212,62.7
212,62.7
212,62.3
213,62.6
213,62.6
213,62.6
213,62.7
213,62.9
213,62.9
213,62.4
213,62.6
213,62.7
213,62.7
214,62.9
214,62.8
214,62.8
214,62.5
214,62.9
214,62.6
214,62.6
214,62.2
214,62.4
214,62.4
214,62.5
215,62.7
215,62.5
215,62.5
215,62.8
215,62.5
215,62.5
215,62.5
215,62.7
215,62.5
215,62.5
216,62.8
216,62.6
216,62.6
216,62.1
216,62.4
216,62.4
216,62.4
216,62.9
216,62.9
216,62.9
217,62.3
217,62.7
217,62.6
217,62.6
217,62.5
217,62.0
217,62.0
217,62.1
217,62.8
217,63.0
218,63.0
218,62.8
218,62.5
218,62.5
218,62.6
218,62.5
218,62.7
218,62.7
218,62.7
218,62.8
219,62.8
219,62.8
219,62.9
219,62.9
219,62.3
219,62.6
219,62.6
219,62.6
219,62.9
219,62.7
220,62.7
220,62.9
220,62.3
220,62.7
220,62.7
220,62.5
220,62.5
220,62.5
220,62.4
221,62.6
221,62.7
221,62.7
221,62.7
221,62.6
221,62.6
221,62.8
221,62.8
221,62.3
221,62.3
222,62.5
222,62.6
222,62.6
222,62.8
222,62.8
222,62.5
222,62.5
222,62.8
222,62.4
222,62.4
223,62.9
223,62.9
223,62.6
223,62.6
223,62.7
223,62.6
223,62.6
223,62.8
223,62.5
223,62.8
223,62.8
224,62.3
224,62.8
224,62.8
224,62.9
224,62.3
224,62.7
224,62.7
224,62.7
224,62.6
224,62.6
225,62.8
225,62.3
225,62.3
225,62.3
225,62.3
225,62.5
225,62.5
225,62.3
225,62.4
225,62.7
226,62.7
226,62.3
226,62.6
226,62.6
226,62.3
226,62.6
226,62.3
226,62.3
226,62.4
226,62.5
227,62.5
227,62.2
227,62.8
227,62.5
227,62.5
227,62.6
227,62.6
227,62.6
227,62.4
228,62.5
228,62.6
228,62.6
228,62.5
228,62.5
228,62.5
228,62.6
228,62.8
228,62.4
228,62.4
229,62.9
229,62.2
229,62.2
229,62.4
229,63.1
229,63.1
229,63.1
229,62.7
229,62.6
229,62.5
229,62.5
230,62.7
230,62.6
230,62.6
230,62.6
230,62.7
230,62.3
230,62.3
230,63.0
230,62.8
230,62.8
231,62.8
231,62.7
231,62.8
231,62.8
231,62.5
231,62.5
231,62.5
231,62.7
231,62.5
231,63.1
232,63.1
232,62.5
232,62.5
232,62.9
232,62.9
232,62.5
232,62.9
232,62.9
232,62.4
233,62.8
233,62.3
233,62.3
233,62.9
233,62.9
233,62.9
233,62.7
233,62.8
233,62.9
233,62.9
234,62.5
234,62.9
234,62.9
234,62.7
234,62.8
234,62.8
234,62.8
234,62.4
234,62.2
234,62.2
235,62.6
235,62.9
235,62.6
235,62.6
235,62.6
235,62.7
235,62.7
235,62.7
235,62.5
235,62.6
235,62.6
236,62.9
236,62.9
236,62.9
236,62.8
236,62.6
236,63.0
236,63.0
236,62.3
236,62.6
236,62.6
237,62.6
237,62.7
237,62.5
237,62.5
237,62.7
237,62.5
237,62.5
237,62.5
237,62.5
237,62.7
238,62.7
238,62.9
238,62.9
238,62.9
238,62.6
238,62.6
238,62.6
238,62.6
238,62.8
238,62.7
239,62.7
239,62.5
239,62.3
239,62.3
239,62.8
239,62.6
239,62.8
239,62.8
239,62.2
239,62.5
240,62.5
240,62.5
240,62.9
240,62.8
240,62.8
240,62.5
240,62.4
240,62.6
240,62.6
241,62.4
241,62.5
241,62.5
241,62.6
241,62.7
241,62.7
241,62.7
241,62.3
241,62.8
241,62.8
242,62.8
242,62.5
242,62.5
242,62.5
242,62.4
242,62.5
242,62.5
242,62.9
242,62.7
242,62.2
242,62.2
243,62.7
243,62.9
243,62.9
243,62.5
243,62.8
243,62.0
243,62.0
243,62.2
243,62.6
243,62.6
244,62.7
244,62.3
244,62.8
244,62.8
244,62.2
244,62.2
244,62.2
244,62.3
244,62.0
244,62.0
245,62.6
245,62.3
245,62.6
245,62.6
245,62.5
245,62.9
245,62.9
245,62.5
245,62.8
245,62.8
246,62.9
246,62.9
246,62.8
246,62.8
246,62.4
246,62.7
246,62.7
246,62.9
246,62.9
246,62.3
247,62.3
247,62.5
247,62.7
247,62.7
247,62.6
247,62.8
247,62.5
247,62.5
247,62.4
247,62.8
248,62.4
248,62.4
248,62.8
248,62.4
248,62.4
248,62.6
248,62.3
248,62.6
248,62.6
249,62.6
249,62.7
249,62.7
249,62.3
249,62.6
249,62.9
249,62.9
249,62.6
249,63.3
249,63.3
250,62.4
250,62.5
250,62.7
250,62.7
250,62.4
250,62.3
250,62.3
250,63.0
250,62.9
250,62.5
251,62.5
251,62.6
251,62.4
251,62.4
251,63.0
251,62.3
251,62.3
251,62.3
251,62.7
251,62.5
252,62.5
252,62.7
252,62.4
252,62.4
252,62.2
252,62.7
252,62.6
252,62.6
252,62.4
252,62.9
252,62.9
253,62.8
253,62.3
253,62.7
253,62.7
253,62.9
253,62.9
253,62.9
253,62.3
253,62.3
253,62.8
254,62.8
254,62.3
254,62.6
254,62.6
254,62.5
254,62.7
254,62.7
254,62.7
254,62.4
254,62.4
255,62.6
255,62.6
255,62.4
255,62.9
255,62.9
255,62.9
255,62.5
255,63.0
255,63.0
256,62.9
256,62.6
256,62.6
256,62.8
256,62.4
256,62.3
256,62.3
256,62.4
256,62.4
256,62.4
257,62.5
257,62.5
257,62.3
257,62.3
257,62.4
257,62.4
257,62.4
257,62.8
257,63.2
257,62.7
258,62.7
258,62.8
258,62.7
258,62.7
258,62.7
258,62.7
258,62.6
258,62.6
258,63.1
258,63.0
259,63.0
259,62.7
259,62.1
259,62.5
259,62.5
259,62.7
259,62.3
259,62.3
259,62.5
259,62.7
259,62.7
260,62.7
260,62.7
260,62.9
260,62.9
260,62.2
260,62.9
260,63.0
260,63.0
260,62.6
260,62.3
261,62.3
261,62.7
261,62.6
261,62.9
261,62.9
261,62.2
261,62.2
261,62.2
261,62.5
262,63.0
262,62.9
262,62.9
262,62.6
262,62.5
262,62.5
262,62.8
262,62.9
262,62.9
262,62.9
263,62.6
263,62.8
263,62.8
263,62.8
263,63.0
263,63.0
263,63.0
263,62.8
263,62.9
263,62.9
264,62.8
264,62.9
264,62.5
264,62.5
264,62.7
264,62.2
264,62.2
264,62.9
264,62.5
264,62.9
265,62.9
265,62.6
265,62.7
265,62.7
265,62.3
265,62.8
265,62.5
265,62.5
265,62.8
265,62.9
266,62.9
266,62.3
266,62.7
266,62.6
266,62.6
266,62.4
266,62.8
266,62.8
266,62.8
266,62.4
266,62.4
267,62.4
267,62.4
267,62.9
267,62.9
267,62.9
267,62.7
267,62.4
267,62.4
267,62.9
267,62.4
268,62.4
268,62.9
268,62.5
268,62.4
268,62.4
268,62.3
268,62.6
268,62.6
268,62.3
269,62.9
269,63.0
269,63.0
269,62.5
269,62.8
269,62.5
269,62.5
269,62.7
269,62.7
269,62.9
270,62.9
270,62.5
270,62.4
270,62.4
270,63.0
270,62.9
270,62.9
270,62.9
270,62.9
270,63.2
271,63.2
271,62.4
271,62.9
271,62.6
271,62.6
271,62.6
271,62.5
271,62.5
271,62.9
271,62.1
272,62.4
272,62.4
272,62.8
272,62.8
272,62.8
272,62.7
272,62.8
272,62.8
272,62.2
273,62.5
273,62.9
273,62.9
273,63.1
273,62.5
273,62.5
273,62.6
273,62.7
273,62.9
273,62.9
273,62.6
273,62.7
274,62.7
274,63.0
274,62.9
274,62.7
274,62.7
274,62.7
274,62.9
274,62.9
274,62.4
274,62.5
275,62.5
275,63.0
275,62.9
275,62.9
275,62.9
275,62.8
275,62.7
275,62.7
275,62.9
276,62.5
276,62.5
276,62.5
276,62.8
276,63.0
276,63.0
276,62.9
276,62.6
276,62.2
276,62.2
277,62.9
277,63.2
277,63.2
277,62.9
277,62.6
277,62.1
277,62.1
277,62.7
277,62.9
277,62.9
278,62.9
278,62.3
278,62.5
278,62.5
278,62.9
278,62.9
278,62.9
278,62.5
278,62.9
278,62.9
279,62.7
279,62.6
279,62.4
279,62.4
279,62.8
279,62.5
279,62.5
279,62.9
279,62.4
279,62.2
280,62.2
280,62.6
280,62.8
280,62.8
280,62.6
280,62.4
280,62.4
280,62.7
280,62.8
280,62.6
281,62.6
281,62.6
281,62.9
281,62.9
281,62.1
281,62.4
281,62.8
281,62.8
281,63.0
281,62.9
282,62.9
282,62.5
282,62.5
282,62.5
282,62.5
282,63.0
282,62.7
282,62.7
282,63.1
282,62.5
283,62.5
283,62.7
283,62.9
283,62.2
283,62.2
283,62.8
283,62.5
283,62.5
283,62.8
284,62.8
284,62.9
284,62.9
284,62.6
284,62.8
284,62.8
284,62.7
284,62.7
284,62.8
284,62.8
285,62.8
285,62.9
285,62.9
285,62.5
285,62.3
285,62.6
285,62.6
285,62.9
285,62.5
285,62.5
285,62.3
285,62.4
286,62.8
286,62.8
286,62.6
286,62.5
286,62.5
286,62.9
286,62.8
286,62.6
286,62.6
287,62.9
287,62.4
287,62.4
287,63.0
287,62.8
287,62.8
287,62.6
287,62.9
287,62.4
287,62.4
288,62.8
288,62.9
288,62.9
288,62.7
288,62.8
288,62.9
288,62.9
288,62.2
288,62.2
288,62.2
289,62.7
289,62.9
289,62.9
289,62.9
289,62.8
289,62.9
289,62.9
289,62.5
289,63.0
289,62.2
290,62.2
290,62.9
290,62.5
290,62.5
290,62.4
290,62.8
290,62.8
290,62.8
290,62.5
290,62.6
291,62.6
291,62.6
291,62.9
291,62.9
291,62.9
291,62.7
291,62.9
291,62.9
291,62.6
291,62.8
292,62.8
292,62.4
292,62.9
292,62.2
292,62.2
292,62.9
292,62.4
292,62.4
292,62.8
292,62.6
293,62.8
293,62.8
293,62.9
293,62.6
293,62.6
293,63.0
293,63.1
293,62.6
293,62.6
294,62.9
294,62.7
294,62.7
294,62.5
294,62.6
294,62.9
294,62.9
294,62.9
294,62.2
294,62.8
294,62.8
295,62.5
295,62.9
295,62.9
295,62.8
295,62.3
295,63.0
295,63.0
295,62.6
295,62.7
295,62.7
296,62.5
296,62.6
296,62.6
296,62.6
296,62.9
296,62.5
296,62.5
296,62.7
296,62.9
296,62.6
297,62.6
297,62.2
297,62.1
297,62.1
297,62.9
297,62.5
297,62.9
297,62.9
297,62.8
297,62.8
298,62.8
298,63.1
298,62.8
298,62.8
298,62.4
298,62.4
298,62.3
298,62.3
298,62.7
298,63.3
299,63.3
299,62.6
299,62.9
299,62.8
299,62.8
299,62.7
299,62.5
299,62.5
299,62.7
300,62.7
300,62.8
300,62.8
300,62.7
300,62.7
300,62.7
300,62.4
300,62.6
300,62.7
300,62.7
301,62.4
301,62.4
301,62.4
301,62.9
301,62.4
301,62.9
301,62.9
301,63.0
301,62.3
301,62.3
301,62.9
302,62.5
302,62.0
302,62.0
302,62.2
302,62.9
302,62.9
302,62.9
302,62.4
302,62.4
302,62.4
303,62.7
303,62.8
303,62.8
303,62.5
303,62.3
303,62.7
303,62.7
303,62.7
303,62.6
303,62.6
304,62.3
304,62.7
304,62.8
304,62.8
304,62.9
304,62.4
304,62.4
304,62.6
304,62.9
304,63.0
305,63.0
305,62.7
305,62.6
305,62.6
305,62.5
305,62.9
305,62.2
305,62.2
305,62.7
305,62.9
306,62.9
306,62.8
306,63.0
306,62.7
306,62.7
306,62.6
306,62.5
306,62.5
306,62.9
307,62.9
307,62.8
307,62.8
307,62.8
307,63.1
307,63.1
307,62.5
307,62.6
307,62.9
307,62.9
308,62.7
308,62.6
308,62.3
308,62.3
308,62.9
308,62.6
308,62.6
308,62.9
308,62.9
308,62.7
308,62.7
309,62.9
309,62.3
309,62.3
309,62.3
309,62.9
309,62.8
309,62.8
309,62.6
309,62.9
309,62.9
310,62.5
310,62.8
310,63.1
310,63.1
310,62.9
310,62.2
310,62.2
310,62.5
310,62.9
310,62.8
311,62.8
311,62.6
311,62.7
311,62.7
311,62.8
311,62.7
311,62.5
311,62.5
311,62.7
311,62.6
312,62.6
312,62.8
312,62.9
312,62.4
312,62.4
312,62.7
312,62.6
312,62.6
312,62.7
312,62.6
313,62.1
313,62.1
313,62.6
313,62.9
313,62.9
313,62.9
313,62.9
313,63.1
313,63.1
314,62.6
314,62.3
314,62.3
314,62.8
314,62.7
314,62.7
314,62.9
314,63.1
314,62.4
314,62.4
315,62.5
315,62.8
315,62.8
315,62.9
315,62.3
315,62.6
315,62.6
315,62.5
315,62.9
315,62.9
315,62.8
316,62.7
316,62.5
316,62.5
316,62.9
316,62.8
316,62.8
316,63.0
316,62.8
316,63.0
316,63.0
317,62.8
317,62.6
317,62.6
317,62.6
317,62.7
317,62.4
317,62.4
317,62.8
317,62.5
317,62.5
318,62.9
318,62.6
318,62.7
318,62.7
318,62.8
318,62.6
318,62.6
318,62.8
318,62.3
318,62.9
319,62.9
319,62.7
319,62.8
319,62.8
319,62.8
319,62.5
319,62.5
319,62.9
319,62.5
319,62.8
320,62.8
320,62.6
320,62.7
320,62.7
320,62.5
320,62.4
320,62.6
320,62.6
320,62.8
320,62.8
321,62.8
321,63.1
321,62.9
321,62.9
321,62.9
321,62.5
321,62.4
321,62.4
321,62.6
322,62.5
322,62.9
322,62.9
322,62.6
322,62.6
322,62.7
322,62.7
322,62.2
322,62.6
322,62.9
322,62.9
323,62.8
323,62.7
323,62.7
323,62.9
323,62.7
323,62.7
323,62.5
323,62.3
323,62.6
323,62.6
324,62.6
324,62.5
324,62.5
324,62.9
324,62.6
324,62.8
324,62.8
324,62.6
324,62.6
324,62.6
325,62.8
325,63.0
325,62.8
325,62.8
325,62.4
325,62.3
325,62.3
325,62.3
325,62.4
325,62.7
326,62.7
326,62.7
326,62.4
326,62.4
326,62.9
326,62.8
326,62.8
326,62.8
326,62.3
326,62.9
327,62.9
327,62.7
327,62.9
327,62.5
327,62.5
327,62.7
327,62.5
327,62.5
327,63.1
327,62.8
328,62.8
328,63.2
328,62.8
328,63.0
328,63.0
328,62.5
328,63.0
328,63.0
328,62.9
329,62.6
329,62.5
329,62.5
329,62.4
329,62.1
329,62.1
329,62.5
329,62.6
329,62.6
329,62.6
330,63.0
330,62.4
330,62.4
330,62.7
330,62.8
330,62.5
330,62.5
330,62.5
330,62.8
330,62.8
331,62.5
331,62.6
331,62.5
331,62.5
331,62.5
331,62.5
331,62.5
331,62.7
331,62.5
331,63.1
331,63.1
332,62.9
332,62.8
332,62.8
332,62.6
332,62.6
332,62.8
332,62.8
332,62.6
332,62.6
332,62.6
333,62.7
333,62.4
333,62.7
333,62.7
333,62.7
333,62.6
333,62.6
333,63.1
333,62.6
333,62.6
334,62.6
334,62.9
334,62.2
334,62.2
334,63.0
334,62.7
334,62.5
334,62.5
334,62.5
334,62.5
335,62.5
335,62.9
335,62.9
335,62.9
335,62.9
335,62.8
335,62.7
335,62.7
335,62.8
335,62.7
336,62.5
336,62.5
336,62.4
336,62.5
336,62.5
336,62.5
336,62.9
336,62.8
336,62.8
337,62.5
337,62.8
337,62.8
337,62.8
337,62.4
337,62.9
337,62.9
337,62.6
337,62.6
337,62.6
338,62.8
338,62.9
338,62.5
338,62.5
338,62.4
338,62.5
338,62.5
338,62.8
338,62.9
338,62.5
339,62.5
339,62.7
339,62.6
339,62.6
339,62.8
339,62.6
339,62.6
339,62.3
339,62.8
339,62.7
339,62.7
340,62.7
340,62.7
340,62.7
340,62.5
340,62.4
340,62.7
340,62.7
340,63.1
340,62.6
340,62.6
341,62.6
341,62.6
341,62.9
341,62.9
341,62.5
341,62.6
341,62.6
341,63.0
341,62.8
341,62.7
342,62.7
342,62.2
342,62.6
342,62.6
342,62.7
342,62.3
342,62.8
342,62.8
342,62.6
342,62.8
343,62.8
343,62.7
343,62.7
343,62.9
343,62.9
343,63.3
343,62.6
343,62.6
343,62.5
344,62.8
344,62.4
344,62.4
344,62.9
344,62.6
344,62.6
344,62.9
344,62.9
344,62.8
344,62.8
345,62.6
345,62.7
345,62.7
345,62.9
345,62.8
345,62.3
345,62.3
345,62.5
345,62.9
345,62.9
346,62.9
346,62.7
346,62.6
346,62.6
346,62.5
346,62.8
346,62.8
346,62.8
346,62.6
346,62.9
346,62.9
347,62.8
347,62.9
347,62.9
347,62.6
347,62.4
347,62.5
347,62.5
347,62.9
347,63.0
347,63.0
348,62.9
348,62.4
348,62.2
348,62.2
348,62.4
348,62.8
348,62.8
348,62.4
348,62.8
348,62.9
349,62.9
349,62.6
349,62.4
349,62.4
349,62.4
349,62.5
349,62.8
349,62.8
349,62.5
349,62.8
350,62.8
350,62.9
350,62.4
350,62.5
350,62.5
350,62.7
350,62.9
350,62.9
350,62.9
351,62.9
351,62.4
351,62.4
351,62.4
351,62.6
351,62.6
351,62.7
351,62.9
351,62.5
351,62.5
352,62.6
352,62.7
352,62.7
352,62.2
352,62.8
352,62.5
352,62.5
352,62.7
352,62.6
352,62.6
353,62.7
353,62.5
353,62.6
353,62.6
353,62.7
353,62.9
353,62.9
353,62.6
353,62.7
353,62.8
353,62.8
354,62.9
354,62.6
354,62.6
354,62.7
354,62.7
354,62.6
354,62.6
354,62.7
354,62.5
354,62.5
355,62.9
355,62.9
355,62.8
355,62.8
355,62.8
355,62.3
355,62.3
355,63.1
355,62.9
355,62.9
356,62.9
356,62.4
356,62.5
356,62.5
356,62.9
356,62.5
356,62.6
356,62.6
356,62.6
356,62.9
357,62.9
357,62.7
357,62.3
357,62.9
357,62.9
357,62.9
357,62.7
357,62.7
357,62.4
358,62.4
358,62.9
358,62.9
358,62.9
358,62.5
358,62.5
358,62.4
358,62.6
358,62.4
358,62.4
359,62.7
359,62.9
359,62.9
359,62.6
359,62.7
359,62.7
359,62.7
359,62.8
359,62.9
359,62.9
360,62.8
360,62.9
360,62.5
360,62.5
360,62.7
360,62.9
360,62.9
360,62.5
360,62.6
360,62.7
361,62.7
361,62.5
361,62.9
361,62.9
361,63.0
361,62.9
361,62.8
361,62.8
361,62.9
361,62.9
361,62.9
362,62.9
362,62.9
362,62.6
362,62.6
362,62.9
362,62.9
362,62.9
362,62.7
362,62.6
362,62.9
363,62.9
363,62.8
363,62.8
363,62.9
363,62.9
363,62.9
363,62.7
363,62.7
363,62.9
364,62.5
364,62.9
364,62.9
364,62.3
364,62.9
364,62.9
364,62.8
364,62.7
364,62.7
364,62.7
365,62.7
365,62.5
365,62.5
365,63.0
365,62.9
365,62.9
365,62.9
365,62.8
365,62.8
365,62.8
366,62.8
366,63.0
366,62.3
366,62.3
366,62.5
366,62.9
366,62.9
366,62.4
366,62.9
366,62.5
367,62.5
367,62.9
367,62.9
367,62.9
367,62.9
367,62.8
367,63.0
367,63.0
367,62.4
367,62.9
368,62.9
368,62.9
368,62.5
368,62.6
368,62.6
368,62.9
368,62.9
368,62.9
368,62.8
368,62.6
368,62.9
369,62.9
369,62.4
369,62.8
369,62.8
369,62.4
369,62.6
369,62.9
369,62.9
369,62.5
369,62.6
370,62.6
370,62.5
370,62.7
370,62.9
370,62.9
370,62.4
370,62.6
370,62.6
370,62.5
371,62.6
371,62.9
371,62.9
371,62.9
371,62.4
371,62.4
371,62.7
371,62.3
371,63.0
371,63.0
372,62.7
372,62.7
372,62.7
372,63.1
372,63.0
372,62.8
372,62.8
372,62.9
372,63.0
372,63.0
373,62.7
373,62.9
373,62.9
373,62.5
373,62.7
373,62.7
373,62.7
373,62.9
373,62.6
373,62.6
374,62.5
374,63.1
374,62.9
374,62.9
374,62.9
374,62.9
374,62.9
374,62.9
374,62.7
374,62.9
375,62.9
375,62.8
375,62.9
375,62.7
375,62.7
375,62.8
375,62.9
375,62.9
375,62.8
375,63.0
376,62.9
376,62.9
376,62.8
376,62.5
376,62.5
376,62.8
376,62.9
376,62.9
376,62.8
376,62.7
376,63.0
377,63.0
377,62.8
377,62.8
377,62.8
377,62.4
377,62.9
377,62.9
377,62.9
377,62.3
377,62.9
378,62.9
378,62.9
378,62.8
378,62.9
378,62.9
378,62.6
378,62.6
378,62.6
378,62.8
379,62.7
379,62.8
379,62.8
379,62.6
379,62.8
379,62.8
379,62.5
379,62.3
379,62.9
379,62.9
380,62.3
380,62.8
380,62.8
380,62.8
380,62.6
380,62.9
380,62.9
380,62.7
380,62.9
380,62.9
381,62.8
381,62.8
381,62.9
381,62.9
381,62.4
381,62.9
381,62.9
381,63.0
381,62.8
381,62.5
382,62.5
382,62.6
382,62.7
382,62.4
382,62.4
382,62.6
382,62.7
382,62.7
382,62.7
382,62.8
383,62.6
383,62.6
383,62.7
383,63.4
383,63.4
383,62.6
383,62.9
383,63.1
383,63.1
383,62.7
383,62.8
384,62.8
384,62.8
384,62.4
384,62.7
384,62.7
384,62.8
384,62.8
384,62.8
384,62.9
384,62.9
385,62.8
385,62.8
385,62.5
385,62.8
385,62.8
385,62.7
385,62.7
385,62.9
385,62.9
386,63.0
386,62.9
386,62.9
386,63.0
386,62.5
386,62.9
386,62.9
386,62.5
386,62.6
386,62.6
387,62.8
387,62.7
387,62.4
387,62.4
387,62.8
387,62.5
387,62.5
387,62.9
387,62.8
387,62.4
388,62.4
388,62.7
388,62.9
388,62.9
388,62.5
388,62.7
388,62.8
388,62.8
388,62.9
388,62.8
389,62.8
389,62.7
389,63.0
389,62.8
389,62.8
389,62.7
389,62.9
389,62.9
389,62.8
390,62.9
390,62.9
390,62.9
390,62.7
390,62.9
390,62.9
390,63.0
390,62.6
390,62.6
390,62.6
391,62.7
391,63.0
391,63.0
391,62.5
391,63.0
391,62.9
391,62.9
391,62.5
391,62.7
391,62.7
391,62.8
392,62.7
392,62.7
392,62.7
392,62.6
392,62.8
392,62.8
392,62.9
392,62.6
392,62.8
392,62.8
393,62.6
393,62.9
393,62.9
393,62.8
393,62.9
393,62.6
393,62.6
393,62.6
393,62.5
393,62.5
394,62.8
394,62.9
394,63.1
394,63.1
394,62.9
394,62.9
394,62.9
394,62.6
394,62.9
394,62.9
395,62.9
395,62.7
395,63.1
395,63.1
395,62.6
395,62.9
395,62.7
395,62.7
395,62.7
395,62.7
396,62.7
396,62.7
396,62.8
396,62.5
396,62.5
396,62.8
396,62.6
396,62.6
396,62.5
396,62.4
397,62.4
397,62.4
397,62.5
397,62.5
397,62.5
397,62.9
397,62.9
397,62.9
397,62.7
397,62.9
398,62.8
398,62.8
398,62.7
398,62.4
398,62.4
398,62.6
398,63.2
398,62.6
398,62.6
399,62.9
399,62.8
399,62.8
399,62.8
399,62.9
399,62.9
399,62.7
399,62.9
399,62.7
399,62.7
400,62.8
400,62.9
400,62.9
400,62.9
400,62.9
400,62.8
400,62.8
400,62.9
400,62.8
400,62.8
400,62.8
401,62.7
401,62.8
401,62.8
401,62.6
401,62.8
401,63.0
401,63.0
401,63.1
401,62.9
401,62.9
402,62.0
402,62.7
402,62.9
402,62.9
402,62.9
402,62.9
402,63.1
402,63.1
402,62.9
402,62.8
403,62.8
403,62.6
403,62.9
403,62.4
403,62.4
403,62.9
403,62.9
403,62.9
403,62.9
404,62.7
404,63.2
404,63.2
404,62.6
404,62.7
404,62.7
404,62.9
404,63.0
404,62.6
404,62.6
405,63.0
405,62.9
405,62.9
405,62.9
405,62.9
405,62.7
405,62.7
405,62.3
405,62.8
405,62.8
406,62.8
406,62.6
406,62.9
406,62.9
406,62.8
406,63.1
406,62.9
406,62.9
406,62.9
406,62.9
406,62.9
407,62.9
407,62.5
407,62.9
407,62.9
407,62.9
407,62.6
407,62.6
407,63.0
407,62.7
407,62.6
408,62.6
408,62.9
408,62.7
408,62.7
408,63.0
408,63.0
408,63.2
408,63.2
408,62.9
408,62.6
409,62.6
409,62.8
409,62.4
409,62.4
409,62.5
409,62.9
409,62.8
409,62.8
409,62.9
409,62.6
410,62.6
410,62.7
410,62.8
410,62.6
410,62.6
410,62.9
410,62.6
410,62.6
410,62.7
410,62.3
411,62.7
411,62.7
411,62.9
411,62.9
411,62.9
411,62.9
411,62.7
411,62.7
411,62.7
412,63.1
412,62.9
412,62.9
412,63.0
412,62.6
412,62.7
412,62.7
412,62.7
412,62.9
412,62.9
413,62.8
413,62.9
413,63.0
413,63.0
413,62.8
413,62.5
413,62.5
413,62.9
413,62.8
413,62.7
414,62.7
414,62.3
414,62.4
414,62.4
414,62.8
414,62.8
414,63.0
414,63.0
414,62.3
414,62.5
414,62.5
415,62.8
415,62.7
415,63.0
415,63.0
415,63.0
415,62.5
415,62.5
415,63.1
415,62.6
415,63.0
416,63.0
416,62.5
416,62.6
416,62.9
416,62.9
416,62.9
416,62.7
416,62.7
416,62.7
417,62.7
417,62.5
417,62.5
417,63.0
417,62.5
417,62.5
417,62.5
417,62.9
417,62.5
417,62.5
418,62.6
418,63.0
418,63.0
418,62.9
418,62.8
418,62.9
418,62.9
418,62.9
418,62.5
418,62.5
419,62.3
419,62.7
419,62.9
419,62.9
419,63.0
419,62.3
419,62.3
419,62.8
419,62.9
419,62.9
420,62.9
420,62.6
420,62.9
420,62.9
420,62.5
420,62.6
420,62.9
420,62.9
420,62.9
420,62.7
421,62.7
421,62.9
421,62.9
421,62.8
421,62.8
421,62.5
421,62.7
421,62.7
421,62.7
422,63.0
422,62.8
422,62.8
422,62.8
422,62.8
422,62.8
422,62.7
422,63.2
422,62.9
422,62.9
422,62.8
422,62.9
423,62.9
423,63.0
423,62.7
423,63.0
423,63.0
423,62.9
423,62.3
423,62.3
423,62.4
423,63.0
424,62.7
424,62.7
424,62.8
424,62.6
424,62.6
424,62.9
424,62.5
424,62.8
424,62.8
425,62.8
425,62.6
425,62.6
425,62.4
425,62.9
425,62.8
425,62.8
425,62.9
425,62.8
425,62.8
426,62.7
426,62.9
426,62.5
426,62.5
426,62.8
426,62.6
426,62.6
426,62.6
426,63.0
426,63.0
427,62.5
427,63.0
427,62.9
427,62.9
427,62.4
427,62.9
427,62.9
427,62.5
427,62.5
427,62.8
428,62.8
428,62.6
428,62.5
428,62.5
428,62.9
428,62.6
428,63.0
428,63.0
428,63.0
428,62.6
429,62.6
429,62.6
429,62.8
429,62.6
429,62.6
429,62.8
429,62.9
429,62.9
429,62.9
430,62.9
430,63.3
430,63.3
430,62.6
430,62.7
430,62.7
430,62.4
430,63.1
430,62.6
430,62.6
430,62.7
430,62.8
431,62.8
431,62.8
431,62.8
431,62.9
431,62.9
431,62.8
431,62.8
431,62.8
431,62.9
432,62.9
432,62.7
432,62.7
432,62.8
432,62.7
432,62.7
432,62.9
432,62.8
432,62.8
432,62.8
433,62.9
433,62.8
433,62.8
433,62.3
433,62.9
433,63.2
433,63.2
433,62.8
433,62.5
433,62.5
434,63.0
434,62.9
434,63.0
434,63.0
434,62.7
434,62.7
434,62.7
434,63.0
434,63.0
434,62.5
435,62.5
435,62.6
435,62.8
435,62.8
435,62.6
435,62.8
435,62.8
435,62.8
435,62.9
435,62.7
436,62.7
436,62.7
436,62.6
436,62.6
436,63.0
436,62.6
436,63.0
436,63.0
436,62.8
436,62.5
437,62.5
437,62.9
437,62.8
437,63.1
437,63.1
437,62.9
437,62.6
437,62.6
437,62.9
437,63.0
438,62.7
438,62.7
438,63.3
438,63.0
438,63.0
438,62.9
438,62.8
438,63.0
438,63.0
439,62.4
439,63.0
439,63.0
439,62.9
439,62.9
439,62.9
439,62.2
439,62.9
439,62.9
439,62.9
439,62.7
439,62.8
440,62.5
440,62.5
440,62.5
440,62.5
440,62.5
440,62.9
440,63.0
440,63.0
440,63.0
441,62.6
441,62.8
441,62.8
441,62.9
441,62.6
441,63.0
441,63.0
441,62.9
441,62.9
441,62.9
442,62.8
442,62.9
442,62.9
442,62.6
442,62.4
442,62.6
442,62.6
442,62.9
442,62.9
442,62.9
443,62.7
443,62.5
443,62.7
443,62.7
443,62.9
443,63.0
443,63.0
443,62.9
443,62.8
443,62.6
444,62.6
444,62.7
444,62.5
444,62.5
444,62.9
444,62.7
444,62.7
444,62.7
444,62.9
444,62.9
445,62.9
445,62.9
445,62.8
445,62.8
445,62.8
445,62.1
445,62.9
445,62.9
445,62.7
445,63.1
446,63.1
446,62.4
446,62.9
446,62.7
446,62.7
446,62.7
446,62.3
446,62.3
446,62.5
446,63.2
447,62.9
447,62.9
447,62.8
447,62.8
447,62.8
447,62.7
447,62.8
447,62.8
447,62.8
447,62.9
448,62.9
448,62.7
448,62.7
448,62.9
448,62.7
448,62.7
448,62.7
448,62.7
448,62.6
448,62.9
449,62.9
449,62.9
449,62.9
449,62.9
449,63.0
449,62.7
449,62.8
449,62.8
449,62.5
450,62.5
450,62.9
450,62.9
450,62.9
450,62.9
450,62.9
450,62.7
450,62.8
450,62.8
450,62.9
451,62.8
451,63.0
451,63.0
451,62.7
451,62.8
451,62.8
451,62.9
451,62.6
451,63.0
451,63.0
452,62.5
452,62.4
452,62.4
452,62.9
452,62.7
452,62.9
452,62.9
452,62.5
452,62.8
452,62.8
453,62.6
453,62.7
453,62.6
453,62.6
453,62.5
453,62.7
453,62.7
453,62.9
453,62.7
453,62.7
453,62.6
454,62.9
454,62.9
454,62.9
454,62.5
454,62.5
454,62.5
454,62.6
454,62.8
454,62.4
454,62.4
455,62.9
455,62.9
455,62.9
455,63.1
455,62.6
455,62.8
455,62.8
455,62.9
455,62.7
455,62.7
456,63.2
456,62.9
456,62.9
456,62.9
456,62.6
456,62.7
456,62.7
456,62.8
456,62.8
456,62.6
457,62.6
457,62.9
457,62.8
457,62.8
457,62.7
457,62.8
457,62.8
457,62.8
457,62.4
457,63.2
458,63.2
458,62.6
458,62.9
458,62.9
458,62.9
458,62.9
458,62.4
458,62.4
458,62.9
459,62.9
459,62.9
459,62.9
459,62.8
459,62.6
459,62.6
459,62.6
459,62.5
459,62.6
459,62.6
460,62.8
460,62.9
460,62.9
460,62.8
460,62.8
460,62.9
460,62.9
460,63.2
460,62.6
460,62.6
461,62.8
461,62.9
461,62.8
461,62.8
461,62.6
461,62.7
461,63.0
461,63.0
461,62.8
461,62.9
461,62.9
462,62.3
462,62.9
462,62.5
462,62.5
462,62.8
462,62.8
462,62.8
462,62.6
462,62.5
462,63.0
463,63.0
463,62.8
463,62.5
463,62.5
463,62.6
463,62.6
463,62.9
463,62.9
463,62.8
463,62.9
464,62.9
464,62.7
464,62.9
464,62.8
464,62.8
464,62.8
464,62.9
464,62.9
464,62.6
465,62.7
465,62.7
465,62.7
465,62.7
465,62.9
465,62.9
465,63.1
465,62.8
465,63.0
465,63.0
466,62.8
466,62.9
466,62.9
466,62.6
466,62.9
466,62.8
466,62.8
466,62.7
466,62.9
466,62.9
467,62.7
467,63.0
467,62.9
467,62.9
467,63.0
467,62.5
467,62.5
467,63.1
467,62.7
467,62.6
467,62.6
468,62.9
468,62.8
468,62.8
468,62.9
468,62.6
468,62.5
468,62.5
468,62.5
468,62.9
468,62.9
469,63.1
469,62.8
469,62.7
469,62.7
469,63.0
469,62.8
469,62.8
469,63.1
469,62.6
469,62.6
470,62.9
470,62.7
470,63.0
470,63.0
470,62.7
470,62.4
470,62.4
470,63.0
470,62.8
470,62.7
471,62.7
471,62.9
471,62.9
471,62.9
471,62.9
471,63.0
471,62.9
471,62.9
471,62.7
471,62.9
472,62.9
472,62.9
472,62.8
472,62.9
472,62.9
472,62.7
472,62.6
472,62.6
472,63.0
472,62.8
473,63.1
473,63.1
473,62.9
473,62.6
473,62.6
473,62.9
473,62.7
473,62.9
473,62.9
473,63.0
474,62.8
474,62.9
474,62.9
474,62.6
474,63.0
474,62.9
474,62.9
474,62.9
474,62.6
474,62.6
475,63.0
475,63.2
475,62.9
475,62.9
475,63.0
475,63.1
475,63.1
475,62.7
475,62.9
475,62.7
476,62.7
476,62.9
476,62.9
476,62.9
476,62.9
476,62.6
476,62.7
476,62.7
476,62.4
476,62.9
477,62.9
477,62.7
477,62.7
477,62.7
477,62.9
477,63.0
477,62.9
477,62.9
477,62.7
477,62.4
478,62.4
478,62.6
478,62.8
478,62.7
478,62.7
478,62.6
478,62.7
478,62.9
478,62.9
479,62.9
479,63.0
479,63.0
479,62.9
479,62.8
479,63.1
479,63.1
479,63.1
479,62.7
479,62.7
480,63.1
480,62.7
480,62.6
480,62.6
480,62.9
480,62.9
480,62.9
480,62.9
480,62.8
480,62.8
481,62.8
481,63.0
481,62.9
481,62.9
481,62.9
481,62.8
481,62.9
481,62.9
481,62.8
481,62.3
481,62.3
482,62.5
482,63.1
482,62.9
482,62.9
482,62.8
482,62.6
482,62.6
482,62.7
482,62.9
482,62.9
483,62.8
483,62.8
483,62.9
483,62.9
483,62.6
483,63.0
483,63.0
483,62.5
483,62.8
483,62.9
484,62.9
484,62.7
484,62.7
484,62.7
484,62.6
484,62.5
484,62.5
484,62.9
484,62.5
484,62.7
485,62.7
485,62.9
485,62.9
485,62.9
485,62.7
485,62.7
485,63.0
485,63.0
485,63.1
485,62.6
486,62.6
486,62.7
486,62.9
486,62.8
486,62.8
486,63.0
486,62.9
486,62.9
486,62.5
486,62.7
487,62.7
487,63.0
487,63.0
487,63.3
487,63.3
487,62.7
487,63.0
487,63.0
487,62.9
