0,0
0,0
0,78.6
0,78.6
0,78.4
0,78.7
0,78.1
0,78.1
0,76.9
0,77.9
0,77.8
1,77.8
1,77.8
1,78.1
1,78.1
1,77.4
1,78.1
1,78.1
1,78.1
1,79.1
1,77.9
2,77.9
2,78.4
2,77.8
2,78.1
2,78.1
2,77.6
2,78.4
2,78.4
2,78.4
2,78.1
2,77.8
3,77.8
3,78.2
3,78.2
3,77.6
3,77.6
3,78.7
3,77.9
3,77.9
3,78.2
3,77.9
4,78.2
4,78.2
4,78.4
4,78.2
4,78.2
4,77.9
4,78.4
4,78.4
4,78.4
5,77.9
5,77.8
5,77.8
5,78.2
5,78.2
5,78.2
5,78.2
5,78.1
5,78.6
5,78.6
6,77.9
6,78.7
6,77.8
6,77.8
6,78.4
6,78.1
6,78.1
6,78.4
6,78.6
6,77.8
7,77.8
7,78.1
7,78.6
7,78.6
7,77.6
7,78.1
7,78.2
7,78.2
7,78.1
7,78.1
8,78.1
8,78.1
8,77.8
8,78.7
8,78.7
8,77.6
8,77.8
8,77.8
8,78.1
9,78.2
9,78.4
9,78.4
9,78.4
9,78.6
9,78.6
9,78.1
9,78.1
9,77.4
9,77.4
9,77.9
9,78.2
10,78.2
10,77.6
10,78.6
10,78.4
10,78.4
10,78.2
10,78.2
10,78.2
10,78.4
10,78.2
11,78.2
11,77.8
11,77.8
11,78.2
11,78.2
11,78.6
11,78.1
11,78.1
11,78.1
12,77.9
12,78.2
12,78.2
12,78.4
12,78.9
12,77.9
12,77.9
12,77.8
12,77.9
12,77.9
13,78.7
13,78.2
13,78.7
13,78.7
13,78.2
13,78.6
13,78.6
13,78.6
13,77.9
13,78.9
14,78.9
14,78.2
14,78.6
14,78.6
14,78.6
14,78.1
14,77.9
14,77.9
14,79.4
14,78.1
15,78.1
15,78.1
15,78.6
15,78.6
15,78.6
15,79.2
15,79.1
15,79.1
15,78.7
16,78.7
16,78.7
16,78.7
16,78.7
16,78.4
16,78.4
16,77.8
16,78.4
16,78.1
16,78.1
17,78.4
17,77.8
17,77.8
17,78.1
17,78.4
17,78.6
17,78.6
17,78.2
17,78.9
17,78.9
17,78.7
18,78.6
18,78.9
18,78.9
18,78.2
18,78.6
18,78.6
18,77.9
18,78.7
18,78.6
18,78.6
19,77.9
19,78.2
19,78.2
19,78.2
19,78.4
19,78.4
19,78.4
19,78.2
19,79.1
19,79.1
20,78.4
20,78.1
20,78.6
20,78.6
20,78.1
20,78.9
20,78.9
20,79.1
20,79.1
20,79.1
21,79.1
21,78.1
21,78.6
21,78.6
21,78.2
21,78.2
21,78.1
21,78.1
21,78.9
21,78.1
22,78.9
22,78.9
22,78.7
22,77.9
22,77.9
22,78.7
22,78.9
22,79.1
22,79.1
23,78.2
23,78.6
23,78.6
23,78.4
23,78.9
23,78.9
23,78.9
23,78.4
23,78.1
23,78.1
24,78.2
24,77.8
24,78.4
24,78.4
24,78.2
24,78.9
24,78.2
24,78.2
24,78.4
24,78.6
24,78.7
25,78.7
25,78.7
25,78.2
25,78.2
25,78.1
25,78.2
25,78.6
25,78.6
25,78.4
25,78.9
26,78.9
26,78.2
26,78.4
26,78.2
26,78.2
26,78.4
26,78.2
26,78.2
26,79.1
27,78.4
27,78.1
27,78.1
27,78.4
27,79.2
27,79.2
27,78.6
27,78.1
27,78.6
27,78.6
28,78.2
28,78.1
28,78.1
28,78.7
28,78.4
28,78.9
28,78.9
28,78.6
28,77.9
28,77.9
29,78.9
29,78.4
29,78.4
29,78.4
29,78.6
29,78.4
29,78.4
29,79.2
29,78.4
29,77.9
30,77.9
30,78.7
30,78.6
30,78.6
30,78.6
30,78.4
30,78.4
30,78.4
30,78.2
30,78.4
30,78.4
31,78.6
31,78.2
31,78.6
31,78.6
31,78.9
31,78.9
31,78.9
31,78.2
31,78.4
31,78.6
32,78.6
32,78.2
32,78.6
32,78.6
32,78.4
32,78.2
32,78.6
32,78.6
32,78.2
32,78.2
33,78.2
33,79.1
33,78.4
33,78.6
33,78.6
33,79.2
33,78.2
33,78.2
33,78.2
34,78.2
34,78.7
34,78.7
34,78.2
34,78.9
34,78.9
34,78.7
34,78.9
34,78.1
34,78.1
35,78.6
35,78.1
35,78.6
35,78.6
35,78.1
35,79.4
35,78.4
35,78.4
35,78.9
35,78.4
35,78.4
36,78.2
36,77.4
36,78.6
36,78.6
36,79.1
36,78.9
36,79.4
36,79.4
36,78.6
37,79.2
37,79.1
37,79.1
37,77.8
37,78.6
37,78.6
37,79.1
37,79.1
37,78.2
37,78.2
38,78.9
38,79.1
38,79.1
38,78.7
38,78.9
38,79.2
38,79.2
38,79.4
38,78.7
38,78.4
39,78.4
39,79.2
39,79.4
39,79.4
39,78.7
39,78.2
39,78.6
39,78.6
39,78.6
39,78.7
40,78.7
40,78.2
40,78.6
40,78.1
40,78.1
40,78.6
40,78.4
40,78.4
40,78.4
40,79.4
40,78.6
41,78.6
41,78.2
41,78.6
41,78.6
41,78.9
41,78.9
41,78.7
41,78.7
41,78.2
41,79.1
42,79.1
42,78.7
42,78.7
42,78.7
42,78.9
42,79.4
42,78.4
42,78.4
42,78.6
42,78.1
43,78.1
43,78.6
43,79.2
43,78.4
43,78.4
43,78.6
43,79.2
43,79.2
43,78.4
44,78.7
44,78.7
44,78.7
44,78.1
44,78.2
44,78.2
44,78.7
44,78.4
44,78.9
44,78.9
45,78.9
45,78.6
45,79.2
45,79.2
45,78.9
45,78.7
45,78.7
45,79.4
45,78.9
45,78.4
46,78.4
46,79.1
46,78.9
46,78.9
46,78.2
46,79.2
46,78.7
46,78.7
46,78.4
46,78.9
47,78.9
47,78.9
47,79.4
47,78.9
47,78.9
47,79.2
47,78.7
47,78.7
47,79.1
47,78.6
48,78.6
48,78.4
48,79.2
48,78.9
48,78.9
48,79.1
48,78.7
48,78.7
48,78.9
48,78.4
48,77.9
49,77.9
49,78.6
49,78.6
49,78.6
49,78.7
49,78.7
49,78.6
49,78.6
49,78.2
49,78.1
50,78.1
50,78.1
50,78.7
50,78.2
50,78.2
50,79.4
50,78.9
50,78.9
50,78.4
50,79.1
51,78.4
51,78.4
51,78.4
51,79.1
51,79.1
51,79.2
51,78.6
51,78.7
51,78.7
52,78.7
52,78.2
52,78.2
52,78.4
52,78.7
52,78.7
52,78.6
52,78.4
52,78.2
52,78.2
53,78.6
53,79.4
53,79.4
53,78.9
53,78.7
53,78.2
53,78.2
53,78.7
53,78.7
53,78.7
54,78.7
54,78.2
54,78.7
54,78.7
54,78.7
54,79.1
54,79.1
54,78.1
54,78.9
54,78.1
55,78.1
55,78.4
55,79.1
55,79.1
55,78.9
55,79.4
55,79.1
55,79.1
55,78.6
55,79.4
56,79.4
56,78.2
56,78.6
56,79.4
56,79.4
56,79.1
56,78.2
56,78.2
56,78.7
56,78.9
56,77.8
57,77.8
57,79.1
57,77.9
57,77.9
57,78.7
57,79.1
57,78.6
57,78.6
57,78.6
57,78.9
58,78.7
58,78.7
58,79.1
58,79.1
58,79.1
58,79.1
58,78.1
58,78.6
58,78.6
59,78.7
59,78.6
59,78.6
59,78.6
59,78.1
59,79.4
59,79.4
59,78.6
59,78.4
59,78.4
60,78.7
60,79.1
60,79.1
60,79.1
60,78.6
60,77.9
60,77.9
60,79.2
60,79.7
60,79.7
61,78.6
61,78.6
61,79.1
61,79.1
61,78.2
61,78.4
61,78.4
61,78.9
61,78.6
61,78.6
62,78.6
62,79.4
62,78.4
62,78.4
62,78.7
62,78.6
62,78.6
62,78.6
62,79.2
62,78.9
63,78.9
63,78.4
63,78.2
63,78.6
63,78.6
63,79.6
63,78.2
63,78.2
63,79.4
63,78.9
63,78.9
64,78.9
64,78.9
64,78.9
64,78.9
64,78.6
64,79.1
64,79.1
64,79.1
64,79.4
64,79.1
65,79.1
65,78.6
65,78.6
65,79.1
65,79.1
65,78.4
65,78.6
65,78.6
65,79.1
66,78.4
66,79.1
66,79.1
66,78.7
66,79.1
66,79.1
66,78.6
66,79.1
66,78.4
66,78.4
67,78.2
67,79.2
67,79.2
67,79.1
67,79.1
67,79.1
67,79.1
67,79.1
67,79.2
67,79.2
68,78.2
68,78.4
68,78.7
68,78.7
68,78.9
68,78.7
68,78.9
68,78.9
68,78.2
68,79.2
69,79.2
69,78.9
69,78.7
69,78.7
69,78.4
69,78.6
69,78.7
69,78.7
69,79.1
69,78.1
70,78.1
70,79.2
70,78.6
70,78.6
70,78.6
70,78.7
70,79.2
70,79.2
70,79.2
71,79.2
71,79.7
71,79.7
71,78.6
71,78.7
71,78.7
71,78.7
71,78.9
71,79.1
71,79.1
71,78.7
71,78.9
72,78.9
72,78.9
72,78.4
72,79.4
72,79.4
72,78.7
72,78.7
72,78.7
72,78.9
73,78.7
73,79.4
73,79.4
73,77.9
73,79.1
73,79.1
73,78.6
73,78.9
73,79.2
73,79.2
74,78.6
74,78.6
74,78.6
74,78.6
74,78.4
74,79.7
74,79.7
74,79.1
74,78.9
74,78.9
75,79.1
75,78.6
75,78.6
75,78.9
75,78.9
75,77.9
75,77.9
75,78.6
75,78.9
75,78.9
76,78.9
76,78.7
76,78.9
76,78.9
76,79.2
76,78.9
76,78.9
76,79.4
76,78.7
76,79.1
77,79.1
77,79.1
77,78.4
77,78.4
77,78.9
77,79.2
77,78.7
77,78.7
77,79.7
77,79.1
78,79.1
78,79.2
78,79.1
78,78.7
78,78.7
78,77.9
78,79.4
78,79.4
78,80.2
78,79.1
79,79.6
79,79.6
79,78.9
79,78.6
79,78.6
79,79.6
79,79.1
79,79.2
79,79.2
80,78.7
80,78.6
80,78.6
80,78.9
80,79.4
80,79.1
80,79.1
80,78.4
80,79.1
80,79.1
80,78.7
80,78.7
81,78.6
81,78.6
81,78.9
81,79.1
81,79.1
81,78.6
81,78.6
81,79.7
81,79.7
82,78.7
82,79.1
82,79.1
82,79.6
82,78.7
82,79.2
82,79.2
82,78.7
82,78.4
82,78.4
83,78.4
83,78.6
83,78.9
83,78.9
83,79.2
83,79.1
83,79.1
83,78.9
83,79.1
83,79.6
84,79.6
84,78.6
84,79.2
84,79.2
84,78.6
84,78.7
84,79.1
84,79.1
84,78.7
84,78.6
85,78.6
85,79.1
85,79.2
85,79.2
85,79.2
85,78.6
85,78.6
85,78.6
85,79.4
85,78.9
86,78.9
86,78.9
86,78.6
86,79.2
86,79.2
86,79.1
86,79.2
86,78.2
86,78.2
87,78.2
87,78.7
87,78.7
87,78.1
87,78.9
87,78.6
87,78.6
87,79.1
87,79.1
87,79.1
87,79.2
87,78.6
88,78.7
88,78.7
88,78.1
88,78.2
88,78.2
88,78.7
88,79.1
88,79.1
88,78.7
89,79.2
89,78.6
89,78.6
89,78.6
89,78.6
89,78.6
89,79.2
89,78.7
89,79.1
89,79.1
90,79.1
90,79.2
90,79.2
90,78.4
90,78.9
90,78.7
90,78.7
90,78.7
90,78.7
90,78.7
91,78.4
91,78.7
91,78.7
91,78.7
91,78.6
91,79.4
91,79.4
91,79.6
91,78.4
91,79.2
92,79.2
92,78.7
92,78.9
92,78.9
92,78.9
92,78.7
92,79.6
92,79.6
92,79.6
92,78.9
93,78.9
93,79.1
93,78.7
93,78.9
93,78.9
93,78.9
93,78.7
93,78.7
93,78.9
94,78.6
94,78.7
94,78.7
94,78.4
94,79.1
94,79.1
94,78.7
94,79.2
94,78.9
94,78.9
95,79.1
95,79.2
95,79.2
95,78.6
95,78.7
95,78.7
95,79.1
95,79.1
95,79.1
95,79.1
96,79.4
96,78.6
96,78.6
96,78.4
96,79.6
96,78.7
96,78.7
96,78.9
96,78.9
96,78.9
96,78.9
97,79.1
97,79.1
97,79.1
97,78.1
97,78.9
97,78.9
97,78.7
97,78.7
97,79.4
97,79.4
98,79.1
98,79.1
98,79.1
98,79.6
98,78.9
98,79.4
98,79.4
98,78.7
98,79.2
98,79.2
99,79.1
99,78.9
99,78.9
99,78.7
99,78.4
99,79.2
99,79.2
99,79.4
99,78.7
99,79.1
100,79.1
100,78.9
100,78.9
100,78.9
100,79.4
100,78.6
100,78.6
100,78.6
100,78.4
100,78.6
101,78.6
101,78.9
101,79.1
101,79.1
101,79.2
101,78.7
101,78.9
101,78.9
101,78.9
101,78.7
102,78.7
102,78.6
102,79.6
102,78.4
102,78.4
102,79.2
102,78.7
102,78.7
102,78.7
103,77.9
103,78.1
103,78.1
103,78.7
103,78.7
103,78.7
103,79.9
103,78.6
103,78.9
103,78.9
104,79.4
104,78.9
104,78.9
104,78.1
104,79.1
104,79.2
104,79.2
104,78.9
104,79.4
104,79.4
105,78.7
105,78.6
105,79.1
105,79.1
105,79.2
105,78.7
105,78.7
105,79.4
105,78.9
105,79.1
105,79.1
106,78.6
106,79.4
106,79.4
106,78.4
106,78.2
106,79.4
106,79.4
106,78.6
106,78.6
106,78.6
107,78.9
107,78.9
107,78.7
107,78.7
107,79.2
107,79.2
107,79.2
107,78.7
107,78.6
107,78.4
108,78.4
108,78.2
108,79.1
108,79.1
108,79.7
108,79.2
108,78.4
108,78.4
108,79.2
108,79.4
109,78.7
109,78.7
109,78.7
109,78.7
109,78.7
109,78.6
109,78.9
109,78.6
109,78.6
110,79.2
110,78.7
110,78.7
110,79.1
110,78.4
110,78.9
110,78.9
110,79.9
110,78.4
110,78.4
111,79.4
111,78.9
111,78.9
111,78.9
111,78.4
111,78.9
111,78.9
111,78.7
111,78.7
111,79.2
111,79.2
112,78.6
112,78.7
112,79.1
112,79.1
112,78.1
112,79.1
112,78.9
112,78.9
112,79.1
112,78.7
113,78.7
113,78.7
113,78.2
113,78.7
113,78.7
113,78.6
113,78.2
113,78.6
113,78.6
114,79.4
114,78.4
114,78.7
114,78.7
114,79.1
114,79.6
114,79.6
114,79.2
114,80.1
114,78.4
115,78.4
115,78.9
115,79.9
115,79.9
115,79.1
115,79.9
115,79.1
115,79.1
115,79.2
115,78.9
115,78.9
116,78.7
116,78.9
116,79.1
116,79.1
116,78.4
116,79.1
116,79.1
116,79.7
116,79.2
116,78.7
117,78.7
117,78.6
117,78.6
117,78.6
117,78.7
117,78.9
117,79.4
117,79.4
117,78.9
117,79.4
118,79.4
118,79.1
118,78.2
118,78.2
118,78.2
118,78.6
118,78.7
118,78.7
118,78.9
119,78.9
119,78.4
119,78.4
119,78.9
119,79.4
119,79.4
119,78.6
119,78.7
119,78.4
119,78.4
120,78.7
120,78.9
120,78.9
120,79.2
120,78.2
120,79.1
120,79.1
120,79.4
120,79.6
120,79.1
121,79.1
121,78.4
121,78.6
121,78.6
121,78.9
121,78.7
121,79.2
121,79.2
121,78.4
121,78.9
121,78.9
122,79.2
122,78.6
122,78.7
122,78.7
122,78.6
122,78.7
122,78.7
122,79.4
122,79.4
122,79.1
123,79.1
123,78.6
123,79.4
123,79.4
123,79.6
123,79.4
123,79.1
123,79.1
123,79.1
123,79.4
124,79.4
124,78.6
124,78.6
124,79.2
124,79.2
124,78.6
124,78.4
124,78.4
124,78.7
124,78.6
125,78.7
125,78.7
125,78.7
125,78.4
125,78.4
125,78.4
125,79.1
125,79.1
125,79.2
126,78.7
126,79.4
126,79.4
126,79.2
126,78.2
126,78.2
126,78.4
126,79.4
126,79.7
126,79.7
127,79.2
127,78.6
127,78.6
127,79.2
127,79.6
127,78.6
127,78.6
127,78.6
127,79.2
127,79.2
128,77.8
128,78.9
128,78.9
128,78.9
128,79.1
128,79.1
128,79.1
128,78.9
128,78.6
128,78.6
129,79.2
129,79.4
129,79.2
129,79.2
129,78.6
129,78.4
129,78.4
129,79.9
129,79.1
129,79.1
130,79.1
130,78.4
130,79.4
130,79.4
130,78.6
130,79.1
130,78.9
130,78.9
130,79.4
130,78.4
131,78.4
131,78.4
131,79.1
131,78.9
131,78.9
131,78.4
131,79.4
131,79.4
131,78.7
131,78.7
131,78.4
132,78.4
132,78.9
132,79.2
132,79.2
132,78.7
132,78.7
132,78.7
132,78.9
132,78.9
132,78.6
133,78.6
133,78.4
133,78.4
133,78.4
133,78.7
133,78.7
133,79.2
133,79.2
133,78.4
133,79.2
134,78.6
134,78.6
134,78.2
134,78.9
134,78.9
134,78.9
134,78.6
134,78.6
134,79.7
135,78.7
135,78.6
135,78.6
135,79.2
135,79.1
135,79.2
135,79.2
135,78.4
135,78.9
135,78.9
136,78.9
136,78.4
136,78.4
136,79.2
136,78.6
136,79.4
136,79.4
136,79.1
136,79.9
136,79.9
137,79.2
137,79.4
137,79.4
137,79.1
137,78.7
137,78.9
137,78.9
137,78.7
137,79.4
137,79.4
138,79.1
138,78.7
138,79.2
138,79.2
138,78.6
138,78.1
138,78.1
138,79.1
138,78.9
138,79.1
139,79.1
139,78.6
139,79.2
139,79.4
139,79.4
139,77.9
139,78.7
139,79.1
139,79.1
139,78.7
139,78.7
140,78.7
140,78.9
140,78.9
140,79.6
140,79.6
140,78.4
140,79.4
140,79.4
140,78.7
141,79.4
141,79.2
141,79.2
141,78.9
141,79.1
141,79.1
141,78.9
141,79.6
141,78.7
141,78.7
142,78.4
142,78.6
142,78.6
142,78.9
142,79.2
142,78.7
142,78.7
142,79.1
142,78.9
142,78.9
143,78.6
143,78.9
143,78.9
143,78.9
143,78.9
143,79.6
143,79.6
143,78.7
143,79.7
143,78.7
144,78.7
144,79.4
144,78.4
144,78.4
144,79.4
144,79.1
144,79.1
144,78.9
144,79.2
144,78.4
145,78.4
145,78.7
145,78.7
145,78.7
145,78.6
145,78.7
145,78.4
145,78.4
145,78.4
145,78.7
146,78.7
146,78.7
146,79.1
146,78.6
146,78.6
146,78.4
146,79.4
146,79.4
146,79.4
146,78.4
147,78.6
147,78.6
147,79.6
147,78.9
147,78.9
147,78.4
147,79.2
147,79.2
147,79.6
147,78.7
147,79.1
148,79.1
148,78.7
148,78.7
148,78.7
148,78.7
148,79.6
148,79.6
148,79.6
148,79.1
148,78.9
149,78.9
149,79.2
149,78.7
149,78.9
149,78.9
149,78.9
149,78.7
149,78.7
149,78.9
149,78.6
150,79.6
150,79.6
150,78.6
150,78.9
150,78.9
150,78.1
150,78.1
150,78.1
150,78.7
150,79.1
151,79.2
151,79.2
151,78.7
151,78.9
151,78.9
151,78.6
151,79.7
151,79.7
151,79.7
152,78.7
152,78.9
152,79.9
152,79.9
152,79.4
152,78.9
152,78.9
152,79.7
152,79.1
152,79.1
153,79.1
153,78.9
153,79.6
153,79.6
153,79.1
153,78.4
153,79.2
153,79.2
153,79.1
153,78.6
154,78.6
154,79.6
154,78.7
154,78.4
154,78.4
154,78.9
154,78.6
154,78.6
154,78.7
154,79.1
154,79.1
155,79.1
155,78.7
155,79.2
155,79.2
155,78.6
155,79.2
155,78.1
155,78.1
155,79.4
155,79.2
156,79.2
156,78.9
156,78.9
156,78.9
156,78.9
156,79.1
156,78.4
156,78.4
156,78.4
157,78.6
157,78.7
157,78.7
157,78.9
157,78.7
157,78.7
157,79.2
157,79.1
157,79.2
157,79.2
158,79.4
158,78.4
158,78.4
158,78.9
158,78.9
158,78.7
158,78.7
158,79.1
158,78.9
158,78.9
159,78.9
159,79.6
159,78.6
159,78.6
159,78.9
159,78.6
159,78.6
159,78.9
159,78.7
159,78.7
160,79.1
160,78.7
160,79.2
160,79.2
160,79.2
160,79.1
160,79.1
160,79.2
160,78.7
160,78.7
161,78.7
161,78.7
161,78.7
161,78.7
161,78.2
161,79.4
161,79.1
161,79.1
161,78.2
161,78.9
162,78.9
162,79.2
162,78.7
162,79.1
162,79.1
162,79.1
162,78.4
162,78.4
162,79.1
162,79.1
163,79.1
163,79.1
163,78.4
163,78.6
163,78.6
163,79.1
163,78.6
163,78.6
163,79.7
163,78.6
163,79.9
164,79.9
164,78.2
164,79.1
164,79.1
164,78.6
164,79.1
164,78.9
164,78.9
164,78.4
165,78.9
165,79.1
165,79.1
165,78.7
165,79.1
165,79.1
165,79.1
165,78.4
165,78.6
165,78.6
166,79.1
166,78.6
166,79.2
166,79.2
166,79.1
166,78.9
166,78.9
166,78.4
166,79.2
166,79.6
167,79.6
167,78.7
167,78.6
167,78.6
167,79.4
167,79.2
167,78.6
167,78.6
167,78.6
167,78.7
168,78.7
168,79.1
168,79.1
168,79.1
168,79.2
168,78.6
168,78.6
168,78.6
168,78.6
168,79.1
169,78.9
169,78.9
169,78.9
169,79.1
169,79.1
169,79.1
169,79.2
169,79.2
169,79.6
169,78.7
169,79.2
170,79.2
170,78.9
170,78.4
170,78.4
170,78.9
170,79.4
170,79.1
170,79.1
170,78.9
170,79.1
171,79.1
171,78.6
171,79.7
171,79.1
171,79.1
171,78.1
171,79.2
171,79.2
171,78.2
172,79.1
172,78.6
172,78.6
172,78.6
172,78.7
172,78.7
172,78.7
172,78.7
172,79.1
172,79.1
173,78.6
173,78.6
173,78.6
173,78.9
173,78.4
173,79.1
173,79.1
173,78.6
173,78.9
173,78.9
174,78.4
174,78.4
174,78.4
174,78.7
174,78.6
174,79.4
174,79.4
174,77.9
174,79.2
174,79.2
175,78.4
175,78.2
175,79.1
175,79.1
175,78.4
175,79.6
175,79.6
175,78.7
175,79.2
175,78.7
176,78.7
176,79.1
176,79.1
176,79.1
176,78.9
176,78.9
176,78.9
176,78.7
176,78.7
176,79.1
177,79.1
177,78.7
177,78.6
177,78.9
177,78.9
177,78.6
177,79.1
177,78.7
177,78.7
177,79.1
177,78.6
178,78.6
178,79.2
178,79.4
178,78.9
178,78.9
178,78.9
178,79.1
178,79.1
178,79.1
178,78.7
179,78.7
179,78.7
179,79.2
179,79.1
179,79.1
179,78.2
179,79.4
179,79.1
179,79.1
180,78.9
180,78.6
180,78.6
180,78.9
180,79.6
180,79.6
180,78.9
180,78.9
180,78.2
180,78.2
181,78.4
181,78.6
181,78.6
181,78.9
181,79.2
181,79.2
181,79.2
181,79.6
181,78.9
181,78.9
182,78.4
182,79.6
182,78.9
182,78.9
182,78.9
182,79.7
182,79.7
182,79.1
182,78.9
182,78.7
183,78.7
183,78.7
183,78.4
183,78.4
183,78.9
183,79.2
183,78.9
183,78.9
183,79.1
183,79.7
184,79.7
184,78.9
184,78.7
184,79.2
184,79.2
184,79.4
184,78.2
184,78.2
184,79.1
184,79.9
185,78.7
185,78.7
185,79.1
185,79.4
185,79.4
185,79.1
185,78.7
185,78.4
185,78.4
185,78.7
185,79.4
186,79.4
186,78.7
186,79.4
186,79.4
186,78.9
186,79.1
186,79.2
186,79.2
186,78.9
186,78.2
187,79.1
187,79.1
187,79.1
187,79.4
187,79.4
187,79.4
187,79.2
187,79.2
187,78.2
188,79.4
188,78.1
188,78.1
188,78.4
188,78.9
188,79.2
188,79.2
188,79.1
188,78.9
188,78.9
189,79.1
189,78.2
189,78.2
189,78.6
189,79.4
189,79.2
189,79.2
189,78.2
189,78.9
189,78.9
190,78.7
190,78.7
190,78.7
190,79.1
190,79.6
190,78.4
190,78.4
190,78.7
190,78.4
190,78.4
191,79.6
191,79.2
191,78.7
191,78.7
191,78.7
191,79.4
191,79.4
191,78.2
191,78.6
191,78.9
192,78.9
192,78.6
192,79.1
192,79.1
192,78.6
192,79.1
192,78.6
192,78.6
192,78.6
192,78.9
193,78.9
193,78.9
193,79.4
193,79.2
193,79.2
193,78.7
193,78.9
193,78.9
193,79.2
194,79.1
194,78.9
194,78.9
194,79.2
194,78.4
194,78.4
194,78.2
194,79.1
194,78.9
194,78.9
195,79.2
195,78.7
195,78.7
195,79.2
195,78.6
195,79.7
195,79.7
195,78.6
195,78.7
195,78.7
195,78.9
196,79.2
196,78.6
196,78.6
196,78.7
196,79.7
196,79.7
196,78.4
196,78.9
196,78.6
196,78.6
197,78.7
197,78.9
197,78.9
197,78.7
197,78.6
197,79.1
197,79.1
197,78.7
197,78.6
197,78.6
198,79.6
198,79.1
198,79.7
198,79.7
198,78.7
198,79.2
198,79.2
198,78.7
198,78.7
198,79.2
199,79.2
199,79.4
199,78.7
199,78.7
199,78.7
199,78.4
199,78.4
199,78.7
199,78.7
199,78.7
200,78.7
200,78.6
200,78.6
200,78.6
200,79.2
200,78.2
200,78.4
200,78.4
200,78.6
200,78.9
201,78.9
201,79.1
201,78.7
201,79.6
201,79.6
201,78.9
201,79.4
201,79.4
201,78.7
202,79.6
202,78.9
202,78.9
202,78.7
202,78.4
202,78.4
202,78.7
202,79.1
202,78.7
202,78.7
203,78.6
203,78.6
203,78.6
203,78.7
203,78.9
203,79.1
203,79.1
203,78.6
203,78.6
203,78.6
204,78.7
204,79.2
204,79.1
204,79.1
204,78.7
204,78.9
204,78.9
204,79.6
204,79.1
204,79.1
204,78.9
205,78.9
205,79.2
205,79.2
205,78.6
205,78.7
205,78.7
205,79.2
205,79.1
205,79.2
205,79.2
206,78.7
206,79.1
206,79.1
206,78.6
206,78.7
206,78.6
206,78.6
206,78.9
206,79.1
206,79.1
207,79.1
207,78.7
207,78.4
207,78.4
207,78.7
207,78.6
207,78.6
207,78.7
207,78.1
207,78.9
208,78.9
208,79.1
208,79.4
208,79.4
208,78.9
208,79.4
208,78.4
208,78.4
208,78.6
208,79.2
209,79.2
209,79.1
209,78.6
209,79.1
209,79.1
209,78.4
209,79.2
209,79.2
209,78.9
209,79.1
210,79.1
210,80.1
210,78.6
210,79.1
210,79.1
210,79.1
210,79.2
210,79.2
210,79.2
211,79.2
211,78.6
211,78.6
211,78.9
211,78.6
211,78.6
211,79.1
211,79.1
211,78.2
211,78.2
212,79.2
212,79.2
212,79.2
212,78.7
212,78.6
212,78.9
212,78.9
212,78.4
212,79.7
212,79.7
213,79.1
213,78.7
213,78.9
213,78.9
213,78.7
213,78.6
213,78.6
213,79.4
213,78.9
213,78.7
213,78.7
214,79.1
214,79.2
214,79.2
214,78.7
214,78.9
214,78.9
214,79.1
214,79.2
214,78.2
214,78.2
215,78.9
215,78.9
215,78.9
215,79.4
215,78.6
215,78.6
215,78.4
215,79.4
215,79.6
215,79.6
216,78.6
216,79.1
216,79.1
216,79.1
216,79.1
216,79.2
216,79.2
216,78.6
216,79.2
216,79.2
217,79.4
217,78.9
217,78.9
217,79.1
217,79.2
217,79.2
217,79.2
217,79.1
217,79.1
217,79.1
218,78.7
218,79.1
218,78.9
218,78.9
218,78.9
218,79.2
218,79.2
218,78.7
218,79.4
218,79.1
219,79.1
219,79.1
219,78.9
219,78.9
219,78.9
219,78.6
219,78.7
219,78.7
219,78.9
219,78.7
220,78.7
220,78.6
220,78.6
220,78.6
220,78.6
220,79.2
220,79.4
220,79.4
220,78.9
221,77.9
221,78.9
221,78.9
221,79.2
221,77.9
221,77.9
221,78.2
221,78.4
221,78.9
221,78.9
222,78.7
222,79.4
222,79.4
222,78.7
222,78.7
222,79.1
222,79.1
222,78.9
222,79.1
222,79.1
223,78.6
223,78.1
223,78.6
223,78.6
223,79.1
223,79.1
223,79.1
223,78.6
223,78.7
223,79.4
223,79.4
224,79.1
224,79.1
224,79.1
224,78.6
224,79.1
224,79.2
224,79.2
224,79.6
224,78.2
224,78.2
225,78.6
225,78.9
225,79.2
225,79.2
225,79.1
225,78.9
225,78.9
225,78.7
225,79.1
225,78.7
226,78.7
226,78.7
226,79.1
226,79.1
226,78.9
226,78.4
226,78.6
226,78.6
226,78.6
226,79.1
227,78.6
227,78.6
227,79.6
227,79.1
227,79.1
227,79.2
227,78.9
227,78.4
227,78.4
228,78.7
228,79.1
228,79.1
228,78.7
228,79.4
228,79.4
228,78.9
228,78.9
228,78.9
228,78.9
229,78.7
229,79.4
229,79.4
229,79.1
229,79.4
229,79.6
229,79.6
229,79.2
229,79.2
229,79.2
230,79.4
230,78.7
230,78.6
230,78.6
230,79.1
230,80.1
230,80.1
230,78.6
230,79.2
230,79.2
230,79.2
231,79.2
231,78.6
231,78.6
231,79.1
231,78.6
231,79.2
231,79.2
231,79.2
231,79.2
231,79.2
232,77.9
232,79.9
232,79.2
232,79.2
232,79.6
232,78.9
232,78.9
232,78.7
232,78.7
232,78.2
233,78.2
233,79.6
233,79.1
233,79.1
233,78.7
233,78.7
233,79.2
233,79.2
233,79.7
233,79.1
234,79.1
234,79.1
234,79.1
234,78.2
234,78.2
234,79.7
234,79.2
234,79.2
234,79.6
235,78.4
235,79.4
235,79.4
235,79.7
235,79.4
235,79.4
235,78.7
235,78.9
235,79.7
235,79.7
236,79.1
236,78.9
236,78.9
236,78.9
236,79.6
236,78.7
236,78.7
236,79.4
236,79.2
236,79.2
237,78.9
237,78.1
237,78.9
237,78.9
237,78.4
237,79.2
237,79.2
237,80.1
237,79.2
237,79.1
238,79.1
238,78.9
238,78.1
238,78.1
238,78.6
238,78.6
238,79.4
238,79.4
238,79.1
238,79.4
238,79.4
239,79.4
239,79.7
239,79.6
239,79.6
239,78.7
239,78.9
239,78.9
239,78.9
239,78.9
239,79.2
240,79.2
240,78.7
240,78.1
240,78.1
240,78.7
240,77.9
240,77.9
240,79.1
240,78.6
240,79.1
241,79.1
241,78.9
241,78.6
241,78.6
241,79.6
241,79.7
241,78.6
241,78.6
241,79.1
241,78.6
242,78.6
242,78.2
242,79.2
242,78.4
242,78.4
242,78.7
242,78.7
242,78.7
242,78.4
243,77.6
243,79.2
243,79.2
243,79.1
243,78.9
243,78.9
243,79.4
243,78.9
243,78.4
243,78.4
244,79.9
244,78.9
244,78.9
244,79.2
244,79.4
244,79.4
244,80.1
244,78.9
244,78.9
244,78.9
245,79.1
245,79.2
245,79.2
245,79.1
245,78.7
245,78.7
245,78.7
245,78.7
245,79.2
245,79.2
246,78.4
246,79.2
246,79.1
246,79.1
246,78.6
246,78.6
246,78.6
246,79.4
246,78.2
246,78.7
247,78.7
247,79.1
247,78.9
247,78.9
247,79.2
247,78.9
247,79.1
247,79.1
247,78.7
247,78.7
247,78.7
248,78.9
248,79.1
248,79.2
248,79.2
248,78.9
248,79.1
248,79.1
248,79.6
248,79.1
248,78.7
249,78.7
249,79.6
249,79.1
249,79.1
249,78.9
249,79.1
249,79.2
249,79.2
249,78.7
249,78.6
250,79.2
250,79.2
250,79.4
250,78.7
250,78.7
250,78.7
250,78.6
250,78.4
250,78.4
251,79.6
251,79.2
251,79.2
251,78.7
251,78.7
251,78.9
251,78.9
251,79.1
251,78.2
251,78.2
252,78.9
252,79.4
252,78.4
252,78.4
252,79.1
252,78.1
252,78.6
252,78.6
252,78.2
252,79.2
252,78.9
253,78.9
253,78.9
253,78.1
253,78.1
253,78.7
253,78.4
253,79.1
253,79.1
253,78.7
253,78.4
254,78.4
254,77.9
254,78.7
254,78.7
254,78.6
254,78.2
254,78.6
254,78.6
254,78.6
254,79.1
255,79.1
255,79.2
255,78.6
255,78.1
255,78.1
255,78.7
255,78.9
255,78.9
255,78.4
256,78.6
256,78.4
256,78.4
256,78.7
256,79.2
256,79.2
256,78.9
256,78.7
256,79.2
256,79.2
257,79.2
257,78.9
257,78.9
257,78.6
257,78.2
257,79.4
257,79.4
257,78.9
257,78.9
257,78.9
258,78.9
258,78.9
258,78.9
258,78.9
258,78.9
258,78.7
258,78.6
258,78.6
258,78.9
258,79.2
259,79.2
259,79.2
259,78.9
259,78.9
259,78.7
259,78.4
259,79.2
259,79.2
259,79.7
259,79.4
260,78.6
260,78.6
260,79.6
260,78.6
260,78.6
260,78.9
260,78.9
260,79.2
260,79.2
260,79.2
260,78.6
261,78.6
261,78.6
261,78.9
261,78.9
261,78.9
261,78.7
261,78.7
261,79.4
261,79.4
262,79.1
262,78.9
262,78.9
262,79.2
262,78.6
262,78.6
262,78.6
262,78.4
262,78.9
262,78.9
263,79.4
263,78.2
263,78.6
263,78.6
263,78.7
263,78.6
263,78.6
263,78.6
263,78.6
263,79.1
264,79.1
264,79.6
264,78.7
264,78.6
264,78.6
264,78.6
264,78.9
264,78.9
264,78.9
264,78.6
265,78.4
265,78.4
265,78.6
265,78.7
265,78.7
265,78.4
265,79.1
265,78.7
265,78.7
266,78.9
266,79.6
266,78.4
266,78.4
266,78.7
266,78.7
266,78.7
266,78.6
266,78.9
266,78.9
266,78.9
267,79.1
267,78.1
267,78.1
267,78.7
267,79.2
267,78.4
267,78.4
267,78.9
267,78.6
267,78.6
268,78.6
268,79.2
268,79.1
268,79.1
268,78.9
268,79.6
268,79.6
268,78.1
268,78.9
268,79.2
269,79.2
269,78.4
269,78.9
269,78.9
269,79.1
269,78.9
269,78.7
269,78.7
269,79.1
269,78.7
270,78.7
270,78.2
270,79.6
270,78.9
270,78.9
270,79.4
270,78.6
270,78.6
270,78.6
271,79.1
271,78.6
271,78.6
271,78.9
271,78.6
271,78.6
271,78.4
271,79.1
271,79.1
271,79.1
272,79.4
272,78.7
272,78.7
272,79.1
272,78.9
272,78.6
272,78.6
272,79.1
272,79.1
272,79.1
273,78.9
273,78.6
273,78.7
273,78.7
273,78.7
273,78.4
273,78.4
273,79.1
273,78.9
273,79.2
273,79.2
274,78.6
274,78.9
274,78.9
274,78.6
274,78.7
274,78.7
274,78.7
274,78.6
274,78.9
274,78.9
275,78.7
275,79.2
275,79.2
275,78.1
275,78.4
275,78.9
275,78.9
275,79.2
275,78.7
275,78.7
276,78.2
276,78.4
276,78.6
276,78.6
276,78.9
276,78.7
276,78.7
276,78.6
276,78.7
276,78.6
277,78.6
277,78.9
277,78.4
277,78.4
277,78.6
277,78.4
277,78.6
277,78.6
277,79.1
278,79.2
278,78.7
278,78.7
278,78.7
278,79.1
278,79.1
278,79.1
278,78.6
278,78.6
278,78.6
279,79.2
279,78.6
279,78.1
279,78.1
279,78.6
279,79.4
279,79.4
279,78.2
279,79.2
279,79.2
280,79.1
280,79.1
280,78.6
280,78.6
280,78.9
280,78.7
280,78.7
280,78.7
280,78.9
280,79.1
280,79.1
281,79.1
281,78.9
281,78.9
281,79.2
281,78.4
281,78.4
281,78.4
281,78.6
281,78.7
281,78.7
282,78.2
282,78.9
282,78.2
282,78.2
282,78.2
282,78.1
282,78.1
282,79.1
282,79.4
282,78.2
283,78.2
283,78.7
283,79.1
283,79.1
283,78.9
283,78.9
283,78.9
283,79.1
283,79.2
283,79.2
284,79.2
284,78.9
284,78.6
284,78.6
284,79.1
284,78.9
284,79.1
284,79.1
284,78.9
284,79.1
285,79.1
285,79.1
285,78.6
285,78.9
285,78.9
285,79.4
285,78.9
285,78.9
285,78.6
286,78.9
286,79.2
286,79.2
286,78.7
286,78.6
286,78.6
286,79.2
286,78.7
286,78.9
286,78.9
287,79.2
287,78.7
287,78.7
287,78.6
287,79.1
287,78.9
287,78.9
287,78.7
287,78.7
287,78.7
288,79.1
288,78.4
288,79.1
288,79.1
288,78.9
288,78.6
288,78.6
288,78.6
288,78.2
288,78.7
289,78.7
289,78.7
289,78.4
289,78.4
289,78.4
289,78.4
289,79.2
289,79.2
289,78.9
289,78.7
289,78.7
290,78.6
290,78.9
290,79.6
290,79.6
290,78.2
290,78.9
290,78.9
290,78.7
290,78.4
290,79.1
291,79.1
291,78.7
291,78.9
291,78.9
291,78.9
291,79.1
291,78.9
291,78.9
291,78.6
291,78.7
292,78.7
292,78.9
292,79.2
292,79.1
292,79.1
292,78.4
292,78.7
292,78.7
292,78.7
293,79.4
293,78.6
293,78.6
293,78.6
293,78.6
293,78.6
293,78.9
293,78.7
293,78.9
293,78.9
294,78.4
294,78.6
294,78.6
294,79.2
294,79.2
294,79.2
294,78.4
294,78.6
294,78.9
294,78.9
295,78.4
295,78.9
295,78.9
295,78.7
295,78.7
295,78.9
295,78.9
295,78.2
295,79.1
295,79.1
296,79.2
296,79.2
296,78.9
296,78.9
296,78.2
296,78.4
296,78.4
296,79.1
296,78.7
296,78.7
297,78.6
297,79.2
297,78.2
297,78.2
297,78.4
297,78.9
297,78.9
297,79.1
297,78.6
297,78.9
298,78.9
298,79.1
298,79.2
298,79.2
298,78.6
298,78.7
298,78.7
298,78.7
298,79.2
298,79.1
299,79.1
299,78.9
299,79.2
299,79.7
299,79.7
299,78.9
299,79.1
299,79.1
299,78.7
299,78.7
299,78.7
300,78.4
300,79.6
300,78.7
300,78.7
300,79.1
300,78.2
300,79.6
300,79.6
300,78.9
300,78.6
301,78.6
301,78.9
301,78.9
301,79.2
301,79.2
301,78.4
301,78.7
301,78.7
301,78.6
301,78.9
302,78.9
302,79.4
302,78.4
302,79.1
302,79.1
302,79.1
302,78.6
302,78.6
302,78.9
303,79.1
303,78.9
303,78.9
303,79.4
303,79.2
303,79.2
303,78.6
303,79.1
303,79.4
303,79.4
304,78.9
304,78.7
304,78.7
304,78.9
304,78.7
304,78.4
304,78.4
304,78.2
304,78.9
304,78.9
305,78.7
305,78.7
305,78.7
305,78.7
305,78.7
305,78.6
305,78.6
305,78.9
305,79.1
305,78.6
306,78.6
306,78.7
306,78.9
306,78.9
306,79.4
306,78.2
306,78.2
306,78.9
306,78.6
306,78.6
307,78.6
307,79.2
307,78.9
307,78.9
307,79.2
307,78.6
307,78.6
307,78.6
307,78.2
307,79.4
308,79.4
308,78.4
308,78.9
308,79.1
308,79.1
308,78.7
308,79.9
308,79.9
308,78.6
308,78.7
308,78.7
309,78.6
309,79.1
309,78.9
309,78.9
309,78.7
309,79.2
309,79.1
309,79.1
309,79.4
309,78.6
310,78.6
310,78.9
310,79.2
310,79.4
310,79.4
310,79.1
310,78.9
310,78.9
310,78.9
310,78.7
311,78.9
311,78.9
311,78.9
311,78.6
311,78.6
311,78.4
311,78.9
311,78.7
311,78.7
312,78.9
312,78.4
312,78.4
312,78.9
312,78.4
312,78.4
312,78.2
312,79.2
312,78.7
312,78.7
313,79.6
313,79.4
313,79.4
313,78.6
313,78.7
313,78.4
313,78.4
313,79.2
313,78.7
313,78.7
314,78.7
314,79.2
314,79.1
314,79.1
314,78.6
314,78.9
314,78.9
314,78.9
314,78.6
314,78.6
315,78.9
315,78.6
315,78.4
315,78.4
315,78.7
315,78.6
315,78.6
315,77.9
315,78.4
315,78.7
316,78.7
316,78.6
316,78.4
316,78.4
316,79.6
316,78.6
316,79.1
316,79.1
316,78.9
316,79.1
317,79.1
317,79.1
317,78.6
317,78.6
317,78.6
317,77.9
317,78.7
317,78.7
317,78.9
317,78.6
317,78.7
318,78.7
318,78.7
318,79.4
318,79.4
318,79.1
318,78.4
318,78.9
318,78.9
318,78.9
318,78.7
319,78.7
319,78.6
319,79.4
319,79.4
319,78.9
319,79.6
319,78.9
319,78.9
319,78.4
319,79.4
320,79.4
320,78.7
320,78.4
320,79.1
320,79.1
320,78.9
320,79.4
320,79.4
320,78.7
321,78.1
321,77.9
321,77.9
321,78.7
321,78.7
321,78.7
321,78.6
321,78.2
321,78.4
321,78.4
322,78.4
322,78.9
322,78.9
322,78.2
322,78.2
322,78.2
322,78.2
322,79.1
322,79.1
322,79.1
323,78.2
323,78.6
323,79.2
323,79.2
323,78.7
323,79.1
323,79.1
323,78.4
323,78.7
323,78.9
324,78.9
324,78.7
324,78.2
324,78.2
324,78.2
324,78.9
324,78.7
324,78.7
324,78.6
324,79.1
325,79.1
325,78.6
325,78.4
325,78.6
325,78.6
325,78.9
325,77.8
325,77.8
325,78.6
325,78.6
326,78.4
326,78.4
326,79.4
326,78.2
326,78.2
326,78.7
326,79.4
326,78.2
326,78.2
326,78.9
326,79.1
327,79.1
327,78.2
327,78.9
327,78.7
327,78.7
327,79.1
327,78.4
327,78.4
327,78.7
328,78.9
328,78.7
328,78.7
328,77.8
328,78.9
328,78.9
328,78.9
328,78.9
328,78.4
328,78.4
329,78.6
329,78.7
329,78.7
329,78.6
329,78.7
329,78.2
329,78.2
329,78.7
329,79.1
329,78.9
330,78.9
330,78.1
330,78.2
330,78.2
330,78.6
330,78.7
330,78.6
330,78.6
330,78.1
330,78.7
331,78.7
331,78.4
331,78.6
331,78.2
331,78.2
331,78.9
331,78.6
331,78.6
331,78.2
331,77.9
331,78.7
332,78.7
332,78.6
332,78.2
332,78.2
332,78.9
332,78.6
332,79.1
332,79.1
332,78.6
332,78.6
333,78.9
333,78.9
333,78.7
333,78.7
333,78.7
333,77.9
333,78.2
333,78.7
333,78.7
334,78.9
334,78.6
334,78.6
334,78.2
334,78.9
334,78.9
334,78.9
334,78.4
334,78.4
334,78.4
335,78.7
335,78.4
335,78.4
335,78.4
335,79.1
335,78.4
335,78.4
335,78.4
335,78.1
335,78.4
336,78.4
336,78.9
336,78.7
336,78.7
336,78.6
336,78.4
336,78.7
336,78.7
336,78.2
336,78.2
337,78.2
337,78.4
337,78.6
337,78.9
337,78.9
337,78.7
337,78.7
337,78.7
337,78.7
337,78.4
337,78.6
338,78.6
338,79.6
338,78.7
338,78.7
338,78.2
338,78.6
338,79.1
338,79.1
338,78.7
338,79.1
339,79.1
339,78.9
339,78.2
339,78.1
339,78.1
339,78.9
339,78.1
339,78.1
339,78.1
340,78.2
340,78.6
340,78.6
340,78.6
340,78.4
340,78.4
340,78.2
340,78.7
340,78.1
340,78.1
341,78.9
341,78.6
341,78.6
341,78.4
341,78.2
341,78.4
341,78.4
341,78.7
341,78.7
341,78.7
342,78.7
342,78.7
342,78.9
342,78.9
342,78.2
342,78.1
342,78.1
342,78.7
342,79.1
342,78.9
343,78.9
343,78.6
343,77.8
343,77.8
343,78.9
343,78.4
343,78.9
343,78.9
343,79.1
344,78.4
344,78.9
344,78.9
344,78.4
344,78.9
344,78.9
344,78.4
344,78.1
344,78.4
344,78.4
344,78.6
344,78.6
345,78.6
345,79.1
345,77.9
345,78.6
345,78.6
345,78.4
345,78.1
345,78.1
345,78.6
346,78.4
346,79.1
346,79.1
346,78.4
346,78.2
346,78.2
346,79.1
346,79.1
346,78.6
346,78.6
347,78.7
347,77.8
347,77.8
347,78.6
347,78.1
347,78.4
347,78.4
347,78.7
347,78.1
347,78.1
348,78.6
348,78.6
348,78.6
348,78.6
348,78.4
348,78.6
348,78.6
348,78.9
348,78.4
348,78.4
349,78.4
349,78.6
349,78.6
349,78.6
349,78.4
349,78.7
349,78.6
349,78.6
349,78.4
349,78.4
350,78.4
350,78.9
350,78.9
350,79.6
350,79.6
350,78.4
350,78.9
350,78.9
350,78.7
350,78.4
351,78.6
351,78.6
351,78.7
351,78.6
351,78.6
351,78.4
351,78.9
351,78.6
351,78.6
351,78.2
351,78.1
352,78.1
352,77.8
352,78.2
352,78.2
352,78.4
352,78.2
352,78.9
352,78.9
352,78.4
352,78.4
353,78.4
353,78.4
353,78.6
353,78.4
353,78.4
353,77.9
353,79.1
353,79.1
353,78.7
354,78.4
354,78.7
354,78.7
354,78.4
354,78.6
354,78.6
354,78.4
354,79.2
354,78.6
354,78.6
355,78.7
355,78.9
355,77.6
355,77.6
355,78.4
355,78.2
355,78.2
355,78.2
355,78.7
355,78.7
356,78.7
356,77.9
356,78.9
356,78.9
356,78.7
356,78.4
356,78.2
356,78.2
356,77.9
356,78.9
357,78.9
357,78.4
357,78.7
357,78.6
357,78.6
357,78.2
357,78.2
357,78.9
357,78.9
358,78.9
358,78.2
358,78.2
358,78.2
358,77.8
358,77.8
358,78.7
358,78.2
358,78.9
358,78.9
358,78.6
358,78.7
359,78.7
359,78.4
359,78.2
359,78.6
359,78.6
359,78.4
359,79.2
359,79.2
359,78.4
359,78.4
360,78.6
360,78.6
360,78.4
360,77.9
360,77.9
360,78.4
360,78.7
360,78.6
360,78.6
361,77.9
361,78.9
361,78.9
361,78.2
361,77.9
361,78.7
361,78.7
361,78.9
361,77.9
361,77.9
362,78.2
362,78.6
362,79.2
362,79.2
362,78.6
362,79.1
362,79.1
362,78.2
362,77.8
362,77.3
363,77.3
363,76.1
363,74.8
363,74.8
363,74.6
363,74.0
363,74.0
363,73.2
363,73.2
363,72.3
364,72.3
364,71.5
364,72.0
364,72.0
364,71.2
364,71.5
364,71.7
364,71.7
364,71.7
364,71.5
365,71.5
365,72.0
365,71.8
365,73.2
365,73.2
365,73.8
365,74.1
365,74.1
365,74.8
366,75.8
366,75.5
366,75.5
366,75.0
366,72.7
366,72.7
366,71.4
366,69.7
366,66.9
366,66.9
366,63.1
367,60.0
367,56.4
367,56.4
367,49.8
367,43.9
367,39.0
367,39.0
367,35.1
367,30.1
367,26.9
368,26.9
368,23.9
368,21.0
368,21.0
368,18.5
368,15.4
368,12.4
368,12.4
368,10.4
368,8.8
369,7.2
369,7.2
369,5.5
369,3.6
369,1.1
369,1.1
369,0.0
369,0.0
369,0.0
369,0.0
369,0.0
370,0.0
370,0.0
370,0.0
370,0.0
370,0.0
370,0.0
370,0.0
370,0.0
370,0.0
371,0.0
371,0.0
371,0.0
371,0.0
371,0.0
371,0.0
371,0.0
371,0.0
371,0.0
371,0.0
372,0.0
372,0.0
372,0.0
372,0.0
372,0.0
372,0.0
372,0.0
372,0.0
372,0.0
372,0.0
373,0.0
373,0.0
373,0.0
373,0.0
373,0.0
373,0.0
373,0.0
373,0.0
373,0.0
373,0.0
374,0.0
374,0.0
374,0.0
374,0.0
374,0.0
374,0.0
374,0.0
374,0.0
374,0.0
374,0.0
375,0.0
375,0.0
375,0.0
375,0.0
375,0.0
375,0.0
375,0.0
375,0.0
375,0.0
376,0.0
376,0.0
376,0.0
376,0.0
376,0.0
376,0.0
376,0.0
376,0.0
376,0.0
376,0.0
377,0.0
377,0.0
377,0.0
377,0.0
377,0.0
377,0.0
377,0.0
377,0.0
377,0.0
377,0.0
377,0.0
378,0.0
378,0.0
378,0.0
378,0.0
378,0.0
378,0.0
378,0.0
378,0.0
378,0.0
378,0.0
379,0.0
379,0.0
379,0.0
379,0.0
379,0.0
379,0.0
379,0.0
379,0.0
379,0.0
379,0.0
380,0.0
380,0.0
380,0.0
380,0.0
380,0.0
380,0.0
380,0.0
380,0.0
380,0.0
380,0.0
381,0.0
381,0.0
381,0.0
381,0.0
381,0.0
381,0.0
381,0.0
381,0.0
381,0.0
381,0.0
382,0.0
382,0.0
382,0.0
382,0.0
382,0.0
382,0.0
382,0.0
382,0.0
382,0.0
383,0.0
383,0.0
383,0.0
383,0.0
383,0.0
383,0.0
383,0.0
383,0.0
383,0.0
383,0.0
384,0.0
384,0.0
384,0.0
384,0.0
384,0.0
384,0.0
384,0.0
384,0.0
384,0.0
384,0.0
384,0.0
385,0.0
385,0.0
385,0.0
385,0.0
385,0.0
385,0.0
385,0.0
385,0.0
385,0.0
385,0.0
386,0.0
386,0.0
386,0.0
386,0.0
386,0.0
386,0.0
386,0.0
386,0.0
386,0.0
386,0.0
387,0.0
387,0.0
387,0.0
387,0.0
387,0.0
387,0.0
387,0.0
387,0.0
387,0.0
387,0.0
388,0.0
388,0.0
388,0.0
388,0.0
388,0.0
388,0.0
388,0.0
388,0.0
388,0.0
388,0.0
389,0.0
389,0.0
389,0.0
389,0.0
389,0.0
389,0.0
389,0.0
389,0.0
389,0.0
389,0.0
390,0.0
390,0.0
390,0.0
390,0.0
390,0.0
390,0.0
390,0.0
390,0.0
390,0.0
391,0.0
391,0.0
391,0.0
391,0.0
391,0.0
391,0.0
391,0.0
391,0.0
391,0.0
391,0.0
392,0.0
392,0.0
392,0.0
392,0.0
392,0.0
392,0.0
392,0.0
392,0.0
392,0.0
392,0.0
393,0.0
393,0.0
393,0.0
393,0.0
393,0.0
393,0.0
393,0.0
393,0.0
393,0.0
393,0.0
393,0.0
394,0.0
394,0.0
394,0.0
394,0.0
394,0.0
394,0.0
394,0.0
394,0.0
394,0.0
394,0.0
395,0.0
395,0.0
395,0.0
395,0.0
395,0.0
395,0.0
395,0.0
395,0.0
395,0.0
395,0.0
396,0.0
396,0.0
396,0.0
396,0.0
396,0.0
396,0.0
396,0.0
396,0.0
396,0.0
396,0.0
397,0.0
397,0.0
397,0.0
397,0.0
397,0.0
397,0.0
397,0.0
397,0.0
397,0.0
398,0.0
398,0.0
398,0.0
398,0.0
398,0.0
398,0.0
398,0.0
398,0.0
398,0.0
398,0.0
399,0.0
399,0.0
399,0.0
399,0.0
399,0.0
399,0.0
399,0.0
399,0.0
399,0.0
399,0.0
399,0.0
400,0.0
400,0.0
400,0.0
400,0.0
400,0.0
400,0.0
400,0.0
400,0.0
400,0.0
400,0.0
401,0.0
401,0.0
401,0.0
401,0.0
401,0.0
401,0.0
401,0.0
401,0.0
401,0.0
401,0.0
402,0.0
402,0.0
402,0.0
402,0.0
402,0.0
402,0.0
402,0.0
402,0.0
402,0.0
402,0.0
403,0.0
403,0.0
403,0.0
403,0.0
403,0.0
403,0.0
403,0.0
403,0.0
403,0.0
404,0.0
404,0.0
404,0.0
404,0.0
404,0.0
404,0.0
404,0.0
404,0.0
404,0.0
404,0.0
405,0.0
405,0.0
405,0.0
405,0.0
405,0.0
405,0.0
405,0.0
405,0.0
405,0.0
405,0.0
406,0.0
406,0.0
406,0.0
406,0.0
406,0.0
406,0.0
406,0.0
406,0.0
406,0.0
406,0.0
407,0.0
407,0.0
407,0.0
407,0.0
407,0.0
407,0.0
407,0.0
407,0.0
407,0.0
407,0.0
408,0.0
408,0.0
408,0.0
408,0.0
408,0.0
408,0.0
408,0.0
408,0.0
408,0.0
408,0.0
408,0.0
409,0.0
409,0.0
409,0.0
409,0.0
409,0.0
409,0.0
409,0.0
409,0.0
409,0.0
409,0.0
410,0.0
410,0.0
410,0.0
410,0.0
410,0.0
410,0.0
410,0.0
410,0.0
410,0.0
410,0.0
411,0.0
411,0.0
411,0.0
411,0.0
411,0.0
411,0.0
411,0.0
411,0.0
411,0.0
411,0.0
412,0.0
412,0.0
412,0.0
412,0.0
412,0.0
412,0.0
412,0.0
412,0.0
412,0.0
413,0.0
413,0.0
413,0.0
413,0.0
413,0.0
413,0.0
413,0.0
413,0.0
413,0.0
413,0.0
414,0.0
414,0.0
414,0.0
414,0.0
414,0.0
414,0.0
414,0.0
414,0.0
414,0.0
414,0.0
415,0.0
415,0.0
415,0.0
415,0.0
415,0.0
415,0.0
415,0.0
415,0.0
415,0.0
415,0.0
416,0.0
416,0.0
416,0.0
416,0.0
416,0.0
416,0.0
416,0.0
416,0.0
416,0.0
416,0.0
416,0.0
417,0.0
417,0.0
417,0.0
417,0.0
417,0.0
417,0.0
417,0.0
417,0.0
417,0.0
417,0.0
418,0.0
418,0.0
418,0.0
418,0.0
418,0.0
418,0.0
418,0.0
418,0.0
418,0.0
418,0.0
419,0.0
419,0.0
419,0.0
419,0.0
419,0.0
419,0.0
419,0.0
419,0.0
419,0.0
420,0.0
420,0.0
420,0.0
420,0.0
420,0.0
420,0.0
420,0.0
420,0.0
420,0.0
420,0.0
421,0.0
421,0.0
421,0.0
421,0.0
421,0.0
421,0.0
421,0.0
421,0.0
421,0.0
421,0.0
422,0.0
422,0.0
422,0.0
422,0.0
422,0.0
422,0.0
422,0.0
422,0.0
422,0.0
422,0.0
422,0.0
423,0.0
423,0.0
423,0.0
423,0.0
423,0.0
423,0.0
423,0.0
423,0.0
423,0.0
423,0.0
424,0.0
424,0.0
424,0.0
424,0.0
424,0.0
424,0.0
424,0.0
424,0.0
424,0.0
424,0.0
425,0.0
425,0.0
425,0.0
425,0.0
425,0.0
425,0.0
425,0.0
425,0.0
425,0.0
426,0.0
426,0.0
426,0.0
426,0.0
426,0.0
426,0.0
426,0.0
426,0.0
426,0.0
426,0.0
427,0.0
427,0.0
427,0.0
427,0.0
427,0.0
427,0.0
427,0.0
427,0.0
427,0.0
427,0.0
428,0.0
428,0.0
428,0.0
428,0.0
428,0.0
428,0.0
428,0.0
428,0.0
428,0.0
428,0.0
428,0.0
429,0.0
429,0.0
429,0.0
429,0.0
429,0.0
429,0.0
429,0.0
429,0.0
429,0.0
429,0.0
430,0.0
430,0.0
430,0.0
430,0.0
430,0.0
430,0.0
430,0.0
430,0.0
430,0.0
430,0.0
431,0.0
431,0.0
431,0.0
431,0.0
431,0.0
431,0.0
431,0.0
431,0.0
431,0.0
432,0.0
432,0.0
432,0.0
432,0.0
432,0.0
432,0.0
432,0.0
432,0.0
432,0.0
432,0.0
433,0.0
433,0.0
433,0.0
433,0.0
433,0.0
433,0.0
433,0.0
433,0.0
433,0.0
433,0.0
434,0.3
434,0.6
434,2.1
434,2.1
434,2.6
434,4.4
434,4.4
434,5.0
434,6.3
434,7.7
435,7.7
435,9.0
435,9.6
435,9.6
435,10.8
435,11.6
435,12.7
435,12.7
435,14.2
435,14.9
435,14.9
436,16.7
436,18.2
436,19.3
436,19.3
436,20.6
436,21.9
436,21.9
436,23.1
436,24.6
436,26.4
437,26.4
437,27.2
437,28.5
437,28.5
437,29.7
437,31.5
437,33.1
437,33.1
437,35.1
437,36.7
438,36.7
438,37.7
438,39.5
438,41.1
438,41.1
438,41.8
438,44.6
438,44.6
438,46.4
439,47.2
439,49.4
439,49.4
439,51.0
439,53.3
439,53.3
439,53.8
439,56.2
439,57.4
439,57.4
440,59.2
440,61.7
440,61.7
440,63.3
440,64.8
440,66.6
440,66.6
440,68.2
440,69.5
440,69.5
441,72.8
441,73.6
441,75.5
441,75.5
441,77.4
441,77.1
441,77.1
441,75.9
441,75.6
441,74.5
442,74.5
442,73.5
442,74.1
442,74.1
442,74.1
442,73.5
442,73.8
442,73.8
442,73.3
442,73.8
443,73.8
443,73.2
443,73.3
443,73.6
443,73.6
443,73.5
443,74.5
443,74.5
443,75.6
443,75.3
443,75.6
444,75.6
444,75.9
444,76.6
444,76.6
444,77.8
444,78.4
444,77.6
444,77.6
444,76.9
444,76.4
445,76.4
445,76.9
445,76.8
445,77.1
445,77.1
445,76.3
445,76.6
445,76.6
445,76.4
445,77.1
446,77.8
446,77.8
446,77.8
446,76.9
446,76.9
446,77.4
446,78.4
446,78.4
446,77.8
447,78.2
447,77.1
447,77.1
447,78.4
447,78.2
447,78.2
447,77.6
447,77.4
447,78.2
447,78.2
448,77.3
448,77.8
448,77.8
448,77.9
448,77.9
448,78.2
448,78.2
448,78.2
448,78.1
448,78.1
449,77.8
449,77.8
449,77.8
449,77.8
449,77.8
449,77.4
449,77.4
449,77.9
449,77.6
449,78.1
450,78.1
450,77.1
450,77.9
450,77.9
450,77.3
450,77.4
450,77.4
450,77.4
450,77.6
450,77.8
451,77.8
451,77.9
451,78.2
451,78.1
451,78.1
451,77.8
451,77.3
451,77.3
451,78.4
451,77.3
451,77.1
452,77.1
452,77.8
452,78.1
452,78.1
452,77.6
452,78.1
452,77.3
452,77.3
452,77.3
452,77.4
453,77.4
453,77.9
453,77.9
453,77.6
453,77.6
453,77.8
453,76.9
453,76.9
453,77.6
454,77.6
454,78.1
454,78.1
454,77.8
454,77.6
454,77.6
454,77.6
454,77.6
454,77.4
454,77.4
455,77.8
455,77.3
455,76.9
455,76.9
455,77.4
455,78.1
455,78.1
455,77.6
455,77.9
455,78.2
456,78.2
456,77.8
456,76.9
456,76.9
456,77.9
456,77.4
456,77.8
456,77.8
456,77.8
456,78.1
457,78.1
457,77.9
457,78.1
457,78.2
457,78.2
457,77.8
457,77.8
457,77.8
457,77.8
458,76.9
458,78.4
458,78.4
458,77.8
458,77.6
458,77.6
458,78.6
458,77.8
458,76.8
458,76.8
458,77.6
458,77.6
459,77.6
459,78.2
459,77.9
459,77.6
459,77.6
459,77.9
459,77.8
459,77.8
459,78.1
460,77.4
460,78.2
460,78.2
460,78.2
460,77.8
460,77.8
460,77.8
460,78.1
460,77.8
460,77.8
461,77.9
461,77.4
461,77.4
461,77.8
461,77.4
461,78.6
461,78.6
461,77.6
461,77.8
461,77.8
462,78.2
462,78.1
462,77.8
462,77.8
462,77.6
462,77.6
462,77.6
462,77.9
462,77.9
462,77.4
463,77.4
463,77.6
463,78.2
463,78.2
463,77.9
463,78.4
463,77.6
463,77.6
463,78.2
463,77.9
464,77.9
464,77.3
464,77.1
464,77.9
464,77.9
464,77.3
464,77.6
464,77.6
464,77.9
464,77.8
465,77.4
465,77.4
465,77.6
465,77.8
465,77.8
465,78.1
465,77.4
465,77.8
465,77.8
466,77.9
466,77.6
466,77.6
466,77.3
466,77.9
466,78.6
466,78.6
466,77.8
466,78.1
466,78.1
466,77.8
466,78.1
467,77.9
467,77.9
467,77.6
467,78.2
467,78.2
467,78.1
467,77.8
467,77.8
467,77.3
468,77.4
468,77.3
468,77.3
468,78.1
468,77.6
468,77.6
468,77.6
468,77.6
468,77.8
468,77.8
469,78.1
469,77.8
469,77.8
469,77.8
469,78.2
469,77.4
469,77.4
469,77.6
469,77.9
469,77.9
470,78.1
470,77.8
470,78.1
470,78.1
470,77.8
470,77.6
470,78.1
470,78.1
470,77.9
470,77.9
471,77.9
471,77.9
471,77.9
471,78.1
471,78.1
471,77.6
471,77.9
471,77.3
471,77.3
472,77.9
472,77.4
472,77.4
472,78.1
472,77.6
472,77.4
472,77.4
472,77.9
472,77.8
472,77.8
472,77.1
473,77.4
473,78.2
473,78.2
473,77.8
473,78.1
473,78.1
473,77.6
473,77.6
473,77.6
473,77.6
474,78.2
474,78.4
474,78.4
474,77.9
474,77.8
474,77.8
474,77.8
474,78.1
474,77.9
474,77.9
475,77.6
475,77.8
475,77.9
475,77.9
475,77.8
475,77.9
475,77.9
475,77.9
475,77.4
475,78.4
476,78.4
476,77.6
476,77.1
476,77.1
476,77.6
476,78.1
476,77.8
476,77.8
476,78.2
476,77.6
477,77.6
477,77.8
477,77.4
477,77.8
477,77.8
477,77.9
477,77.6
477,77.6
477,77.1
477,77.9
478,77.9
478,77.8
478,78.1
478,77.6
478,77.6
478,78.2
478,77.9
478,77.9
478,77.9
479,77.1
479,77.6
479,77.6
479,78.1
479,77.8
479,77.8
479,78.4
479,77.4
479,77.4
479,77.4
480,77.4
480,78.1
480,78.1
480,78.4
480,77.3
480,77.8
480,77.8
480,77.6
480,77.6
480,77.6
480,78.1
481,77.4
481,77.4
481,77.4
481,78.1
481,77.8
481,77.8
481,78.1
481,77.9
481,77.8
481,77.8
482,77.1
482,77.8
482,77.8
482,77.9
482,78.1
482,77.8
482,77.8
482,78.6
482,77.8
482,77.8
483,77.1
483,77.9
483,77.9
483,77.6
483,78.1
483,78.2
483,78.2
483,77.8
483,77.9
483,77.9
484,77.3
484,77.6
484,77.9
484,77.9
484,77.8
484,78.2
484,78.2
484,77.4
484,77.9
484,78.6
485,78.6
485,77.4
485,77.8
485,77.8
485,77.6
485,77.6
485,77.6
485,78.2
485,77.3
485,77.8
486,77.8
486,77.6
486,77.9
486,77.8
486,77.8
486,77.9
486,77.6
486,77.6
486,77.4
486,77.1
487,77.1
487,77.1
487,78.2
487,77.8
487,77.8
487,77.8
487,77.9
487,77.9
487,77.3
488,77.9
488,78.1
488,78.1
488,78.1
488,77.8
488,77.8
488,77.1
488,78.1
488,77.9
488,77.9
489,77.4
489,78.2
489,78.2
489,78.4
489,77.1
489,77.8
489,77.8
489,78.1
489,77.4
489,77.4
489,77.3
490,77.6
490,77.6
490,77.6
490,77.6
490,77.6
490,77.6
490,78.2
490,77.1
490,77.9
490,77.9
491,77.1
491,77.8
491,77.8
491,78.4
491,78.1
491,77.9
491,77.9
491,77.8
491,77.6
491,77.6
492,77.6
492,77.9
492,77.6
492,77.6
492,77.8
492,77.1
492,77.1
492,77.4
492,77.6
492,78.1
493,78.1
493,77.8
493,77.3
493,77.3
493,77.4
493,77.8
493,77.1
493,77.1
493,78.1
493,76.9
494,76.9
494,77.4
494,77.1
494,77.9
494,77.9
494,77.8
494,77.8
494,77.8
494,77.9
494,77.8
495,77.8
495,77.8
495,77.9
495,76.9
495,76.9
495,77.4
495,77.3
495,77.3
495,77.8
496,78.1
496,77.6
496,77.6
496,77.9
496,78.1
496,78.1
496,78.1
496,77.4
496,77.9
496,77.9
497,77.8
497,77.3
497,77.3
497,78.2
497,77.6
497,78.2
497,78.2
497,77.6
497,77.4
497,77.4
498,77.3
498,78.2
498,77.3
498,77.3
498,77.4
498,78.1
498,78.1
498,77.4
498,77.6
498,78.2
498,78.2
499,77.6
499,78.1
499,78.1
499,77.9
499,77.9
499,78.2
499,78.2
499,77.4
499,77.1
499,77.1
500,77.8
500,77.6
500,77.6
500,77.6
500,77.8
500,78.6
500,77.8
500,77.8
500,77.4
500,77.8
501,77.8
501,77.8
501,77.6
501,77.9
501,77.9
501,77.3
501,78.2
501,78.2
501,77.8
501,77.6
502,77.6
502,78.4
502,77.8
502,77.8
502,77.8
502,76.9
502,77.4
502,77.4
502,77.3
503,77.8
503,78.1
503,78.1
503,77.6
503,77.4
503,77.8
503,77.8
503,77.9
503,78.4
503,78.4
504,77.8
504,77.9
504,78.2
504,78.2
504,77.6
504,77.6
504,77.6
504,78.2
504,77.3
504,77.6
505,77.6
505,77.9
505,77.8
505,77.8
505,77.8
505,77.9
505,77.6
505,77.6
505,77.9
505,77.6
505,77.6
506,77.6
506,77.1
506,77.3
506,77.3
506,76.9
506,77.1
506,77.1
506,77.4
506,77.4
506,77.3
507,77.3
507,78.1
507,76.9
507,77.1
507,77.1
507,78.4
507,77.9
507,77.4
507,77.4
508,77.6
508,77.6
508,77.8
