0,0
0,0
0,69.8
0,69.8
0,69.1
0,69.7
0,69.5
0,69.5
0,69.0
0,68.9
0,68.6
1,68.6
1,69.5
1,69.3
1,69.3
1,69.3
1,69.4
1,69.8
1,69.8
1,70.0
1,69.3
2,69.3
2,69.1
2,69.5
2,69.5
2,69.5
2,69.3
2,69.4
2,69.4
2,69.7
2,69.7
3,69.3
3,69.3
3,69.1
3,69.8
3,69.8
3,69.0
3,69.7
3,69.7
3,69.7
3,69.3
3,69.1
4,69.1
4,69.7
4,69.8
4,69.3
4,69.3
4,69.3
4,69.3
4,69.3
4,68.7
4,70.0
5,70.0
5,70.0
5,69.7
5,69.3
5,69.3
5,69.4
5,69.4
5,69.4
5,69.5
5,69.4
6,69.5
6,69.5
6,69.4
6,69.1
6,69.1
6,69.7
6,69.3
6,69.1
6,69.1
7,69.5
7,69.8
7,69.8
7,69.5
7,69.8
7,69.8
7,69.8
7,69.5
7,69.7
7,69.7
8,69.3
8,68.9
8,70.0
8,70.0
8,70.1
8,69.1
8,69.1
8,69.5
8,69.1
8,69.4
9,69.4
9,69.4
9,69.5
9,69.5
9,69.7
9,69.8
9,69.7
9,69.7
9,69.4
9,70.1
10,70.1
10,69.8
10,70.1
10,70.1
10,69.8
10,70.4
10,69.7
10,69.7
10,69.5
10,69.3
11,69.7
11,69.7
11,69.7
11,69.5
11,69.5
11,68.9
11,69.1
11,70.0
11,70.0
11,69.4
11,69.7
12,69.7
12,69.0
12,69.5
12,69.5
12,69.5
12,69.5
12,69.8
12,69.8
12,69.5
12,69.3
13,69.7
13,69.7
13,69.5
13,69.3
13,69.3
13,69.4
13,69.7
13,69.3
13,69.3
14,69.8
14,69.4
14,69.4
14,69.8
14,69.5
14,69.5
14,69.5
14,70.0
14,70.0
14,70.0
15,69.5
15,69.7
15,70.0
15,70.0
15,69.5
15,70.4
15,70.4
15,69.4
15,69.3
15,69.5
16,69.5
16,69.5
16,69.5
16,69.5
16,69.1
16,69.5
16,69.8
16,69.8
16,70.2
16,69.7
17,69.7
17,69.4
17,70.1
17,70.1
17,69.7
17,69.7
17,69.8
17,69.8
17,69.1
17,69.7
18,69.7
18,69.7
18,69.4
18,70.1
18,70.1
18,70.0
18,69.7
18,69.8
18,69.8
18,70.0
18,69.7
19,69.7
19,69.4
19,69.4
19,69.4
19,69.4
19,70.0
19,69.4
19,69.4
19,70.1
19,69.8
20,69.8
20,70.0
20,69.4
20,69.0
20,69.0
20,70.0
20,69.8
20,69.8
20,69.8
20,69.4
21,70.2
21,70.2
21,69.1
21,70.4
21,70.4
21,70.0
21,69.3
21,69.3
21,69.7
22,69.7
22,70.2
22,70.2
22,70.1
22,69.8
22,69.8
22,69.4
22,69.0
22,69.1
22,69.1
23,69.7
23,69.5
23,69.5
23,69.5
23,69.7
23,69.7
23,69.7
23,70.0
23,69.5
23,69.5
24,69.8
24,70.2
24,69.5
24,69.5
24,69.5
24,69.5
24,69.5
24,70.2
24,69.8
24,69.8
25,69.8
25,70.0
25,70.1
25,70.1
25,68.7
25,69.8
25,70.1
25,70.1
25,69.8
25,69.3
26,69.3
26,70.1
26,69.8
26,70.4
26,70.4
26,70.5
26,69.7
26,69.7
26,69.8
27,69.3
27,70.1
27,70.1
27,69.7
27,69.8
27,69.8
27,69.7
27,70.1
27,69.7
27,69.7
27,69.5
27,70.1
28,70.1
28,70.1
28,70.1
28,70.2
28,70.2
28,70.0
28,69.8
28,69.8
28,70.2
29,69.8
29,69.8
29,69.8
29,69.5
29,70.0
29,70.0
29,69.4
29,69.7
29,70.0
29,70.0
30,69.5
30,70.1
30,70.1
30,69.8
30,70.1
30,70.0
30,70.0
30,69.4
30,70.1
30,70.1
31,70.1
31,69.5
31,69.4
31,69.4
31,69.7
31,70.5
31,70.5
31,69.4
31,69.8
31,70.0
32,70.0
32,70.0
32,70.0
32,70.0
32,70.1
32,69.8
32,70.4
32,70.4
32,70.1
32,70.0
33,70.0
33,69.7
33,69.8
33,69.8
33,69.8
33,69.7
33,70.1
33,70.1
33,69.7
34,69.7
34,69.8
34,69.8
34,70.4
34,69.5
34,69.5
34,70.0
34,69.8
34,70.1
34,70.1
35,69.7
35,69.8
35,69.8
35,70.2
35,69.5
35,70.0
35,70.0
35,69.7
35,70.2
35,70.2
35,69.8
36,70.0
36,70.0
36,70.0
36,69.8
36,69.8
36,69.8
36,70.4
36,70.1
36,69.7
36,69.7
37,69.7
37,70.0
37,70.0
37,70.0
37,69.3
37,70.1
37,70.1
37,70.2
37,70.1
37,70.1
38,70.0
38,70.2
38,69.5
38,69.5
38,70.1
38,70.0
38,70.0
38,70.2
38,70.2
38,70.1
39,70.1
39,70.1
39,69.8
39,69.8
39,70.0
39,69.8
39,70.8
39,70.8
39,70.2
39,69.8
40,69.8
40,70.0
40,70.1
40,70.9
40,70.9
40,70.2
40,70.2
40,70.2
40,70.0
41,70.4
41,69.7
41,69.7
41,70.1
41,69.4
41,70.1
41,70.1
41,70.0
41,70.1
41,70.1
42,69.5
42,70.2
42,70.2
42,70.2
42,70.0
42,69.7
42,69.7
42,69.7
42,70.0
42,70.2
42,70.2
43,70.9
43,69.4
43,69.4
43,70.8
43,70.2
43,70.0
43,70.0
43,70.1
43,69.8
43,69.8
44,70.9
44,70.5
44,70.0
44,70.0
44,69.5
44,70.5
44,70.5
44,70.4
44,70.2
44,69.8
45,69.8
45,69.8
45,70.1
45,70.1
45,70.4
45,70.5
45,70.4
45,70.4
45,69.8
45,69.8
46,69.8
46,70.4
46,70.6
46,69.5
46,69.5
46,70.5
46,70.1
46,70.1
46,70.2
47,70.2
47,70.4
47,70.4
47,70.2
47,70.2
47,70.0
47,70.0
47,69.8
47,70.1
47,70.1
48,70.2
48,70.0
48,70.0
48,70.2
48,70.0
48,70.8
48,70.8
48,69.8
48,69.7
48,69.7
49,70.0
49,70.1
49,70.5
49,70.5
49,69.8
49,70.6
49,69.7
49,69.7
49,70.4
49,70.1
49,70.1
50,70.5
50,70.0
50,70.0
50,70.2
50,70.2
50,70.4
50,70.4
50,70.4
50,70.2
50,70.0
51,70.0
51,70.4
51,70.9
51,70.9
51,70.1
51,70.4
51,70.1
51,70.1
51,70.4
51,69.8
52,69.8
52,70.4
52,70.2
52,70.4
52,70.4
52,70.0
52,70.4
52,70.4
52,70.0
53,70.1
53,70.1
53,70.1
53,70.0
53,70.0
53,70.0
53,70.4
53,70.4
53,69.5
53,69.5
54,70.0
54,70.4
54,70.4
54,70.4
54,70.2
54,70.2
54,70.6
54,69.7
54,69.7
54,69.7
55,70.2
55,70.8
55,70.8
55,70.2
55,70.2
55,70.2
55,70.0
55,70.1
55,70.2
55,70.2
56,70.6
56,70.1
56,70.1
56,70.4
56,70.1
56,70.8
56,70.8
56,70.5
56,70.2
56,70.2
57,70.0
57,70.4
57,70.4
57,70.4
57,69.5
57,70.4
57,70.4
57,70.6
57,71.0
57,70.4
57,70.4
58,70.2
58,70.5
58,69.4
58,69.4
58,70.2
58,70.1
58,70.1
58,70.1
58,70.5
58,70.0
59,70.0
59,70.2
59,70.4
59,70.4
59,70.4
59,70.2
59,70.1
59,70.1
59,70.1
59,70.4
60,70.4
60,70.6
60,70.5
60,70.5
60,70.5
60,70.1
60,69.8
60,69.8
60,70.6
60,69.8
61,69.8
61,70.1
61,69.8
61,70.8
61,70.8
61,70.5
61,70.5
61,70.5
61,70.4
62,71.0
62,70.6
62,70.6
62,70.2
62,70.4
62,70.4
62,70.2
62,70.4
62,70.4
62,70.1
63,70.6
63,70.4
63,70.4
63,70.6
63,70.0
63,70.0
63,70.6
63,70.8
63,69.8
63,69.8
64,70.4
64,69.8
64,69.8
64,70.6
64,70.6
64,70.8
64,70.8
64,70.6
64,70.6
64,70.6
65,70.4
65,70.2
65,70.1
65,70.1
65,70.4
65,70.1
65,70.1
65,70.8
65,70.2
65,70.2
66,70.1
66,70.2
66,70.8
66,70.8
66,70.5
66,70.6
66,70.6
66,70.2
66,69.8
66,70.4
67,70.4
67,70.1
67,70.2
67,70.2
67,70.6
67,70.5
67,71.0
67,71.0
67,70.5
67,70.5
67,70.5
68,70.2
68,70.9
68,70.4
68,70.4
68,70.1
68,70.4
68,70.4
68,70.2
68,70.6
68,69.8
69,69.8
69,70.6
69,70.4
69,70.4
69,70.8
69,70.1
69,70.8
69,70.8
69,69.8
69,70.1
70,70.1
70,70.9
70,70.2
70,70.5
70,70.5
70,70.8
70,70.4
70,70.4
70,70.9
70,70.1
71,70.4
71,70.4
71,70.5
71,70.5
71,70.5
71,70.4
71,70.4
71,69.7
71,69.7
72,70.2
72,71.2
72,71.2
72,70.0
72,69.8
72,69.8
72,70.1
72,70.5
72,70.1
72,70.1
73,70.0
73,70.4
73,70.9
73,70.9
73,70.5
73,70.1
73,70.1
73,70.8
73,70.0
73,70.4
74,70.4
74,70.9
74,70.4
74,70.4
74,70.5
74,70.1
74,70.2
74,70.2
74,70.1
74,70.6
75,70.6
75,70.8
75,69.8
75,70.5
75,70.5
75,71.0
75,71.0
75,71.0
75,71.2
75,70.4
75,70.5
76,70.5
76,70.8
76,70.1
76,70.1
76,69.7
76,70.4
76,70.6
76,70.6
76,71.0
76,70.5
77,70.5
77,70.6
77,70.2
77,70.1
77,70.1
77,70.8
77,70.8
77,70.8
77,70.4
78,70.2
78,70.4
78,70.4
78,70.6
78,70.5
78,70.5
78,71.0
78,70.8
78,70.1
78,70.1
79,70.6
79,70.2
79,70.2
79,70.2
79,70.9
79,70.0
79,70.0
79,70.9
79,70.5
79,70.5
80,70.1
80,71.2
80,70.6
80,70.6
80,70.5
80,70.2
80,70.2
80,70.6
80,70.5
80,70.5
81,70.5
81,70.9
81,71.3
81,71.3
81,70.1
81,70.2
81,70.2
81,70.8
81,70.2
81,70.9
82,70.9
82,70.1
82,70.0
82,70.0
82,70.4
82,70.8
82,70.4
82,70.4
82,70.5
82,70.8
83,70.8
83,71.0
83,70.6
83,70.8
83,70.8
83,70.8
83,70.9
83,70.9
83,71.0
83,70.1
83,70.8
84,70.8
84,70.5
84,70.2
84,70.2
84,70.2
84,70.6
84,70.5
84,70.5
84,71.0
84,70.5
85,70.9
85,70.9
85,70.5
85,70.4
85,70.4
85,70.9
85,70.2
85,70.2
85,70.2
86,70.8
86,71.0
86,71.0
86,70.4
86,70.8
86,71.0
86,71.0
86,70.6
86,70.4
86,70.4
87,70.8
87,70.1
87,70.0
87,70.0
87,70.4
87,71.2
87,71.2
87,71.3
87,70.9
87,71.0
88,71.0
88,70.9
88,70.5
88,70.5
88,70.2
88,70.5
88,70.5
88,70.5
88,70.5
88,70.6
89,70.6
89,70.6
89,70.6
89,70.2
89,70.2
89,70.6
89,70.4
89,70.4
89,70.4
90,70.9
90,70.2
90,70.2
90,70.6
90,70.1
90,70.2
90,70.2
90,70.4
90,70.9
90,70.9
90,70.5
90,70.8
91,70.2
91,70.2
91,70.4
91,70.8
91,70.8
91,71.2
91,70.5
91,70.9
91,70.9
92,70.4
92,70.8
92,70.8
92,70.5
92,70.5
92,70.6
92,70.6
92,70.8
92,71.0
92,71.0
93,70.8
93,70.2
93,70.6
93,70.6
93,70.6
93,71.0
93,71.0
93,70.5
93,70.6
93,70.9
94,70.9
94,70.9
94,70.5
94,70.5
94,70.4
94,70.6
94,70.1
94,70.1
94,70.5
94,70.8
95,70.8
95,71.0
95,70.9
95,70.1
95,70.1
95,71.0
95,70.2
95,70.2
95,70.5
95,71.2
96,70.8
96,70.8
96,70.9
96,71.3
96,71.3
96,70.5
96,70.9
96,70.5
96,70.5
97,70.5
97,70.1
97,70.1
97,70.5
97,70.5
97,70.6
97,70.4
97,70.4
97,70.4
97,70.6
97,70.6
98,70.1
98,70.2
98,70.2
98,70.8
98,70.8
98,70.4
98,70.4
98,71.0
98,70.6
98,70.6
99,70.5
99,70.4
99,70.4
99,70.4
99,70.6
99,70.8
99,70.8
99,70.5
99,70.9
99,70.6
100,70.6
100,70.2
100,70.6
100,70.6
100,70.8
100,71.0
100,70.6
100,70.6
100,70.8
100,70.2
101,70.2
101,70.9
101,70.9
101,70.6
101,70.6
101,70.8
101,70.5
101,70.5
101,70.8
102,70.9
102,71.0
102,71.0
102,70.6
102,70.5
102,70.5
102,70.5
102,70.5
102,70.5
102,70.5
103,71.3
103,70.9
103,70.9
103,70.4
103,70.9
103,70.8
103,70.8
103,70.5
103,70.8
103,70.8
104,70.6
104,70.2
104,70.8
104,70.8
104,71.0
104,70.5
104,70.5
104,70.9
104,70.5
104,70.5
104,70.6
105,70.8
105,71.2
105,71.2
105,70.5
105,70.8
105,70.8
105,70.4
105,70.6
105,70.0
105,70.0
106,70.5
106,70.5
106,70.5
106,70.8
106,70.8
106,70.8
106,70.8
106,71.0
106,70.9
106,70.9
107,71.2
107,70.1
107,70.5
107,70.5
107,70.4
107,71.2
107,71.2
107,70.9
107,71.0
107,70.4
108,70.4
108,70.6
108,70.5
108,70.9
108,70.9
108,70.6
108,70.8
108,70.8
108,71.2
109,70.4
109,71.2
109,71.2
109,70.6
109,70.9
109,71.0
109,71.0
109,70.8
109,71.3
109,70.8
109,70.8
110,70.1
110,70.8
110,70.9
110,70.9
110,70.4
110,70.8
110,70.8
110,70.4
110,70.9
110,70.8
111,70.8
111,70.8
111,70.4
111,70.4
111,70.9
111,70.9
111,70.6
111,70.6
111,70.6
111,70.6
112,70.6
112,70.5
112,70.2
112,70.8
112,70.8
112,70.8
112,71.5
112,71.5
112,70.9
112,71.0
113,70.6
113,70.6
113,71.0
113,70.8
113,70.8
113,71.2
113,71.3
113,71.3
113,70.8
114,71.0
114,70.8
114,70.8
114,70.9
114,70.8
114,70.8
114,70.9
114,70.5
114,70.2
114,70.2
115,70.2
115,70.6
115,70.6
115,70.5
115,70.6
115,70.8
115,70.8
115,70.9
115,70.9
115,70.9
116,70.8
116,70.4
116,70.8
116,70.8
116,70.5
116,70.8
116,70.8
116,70.6
116,70.9
116,70.9
116,70.9
117,70.5
117,71.2
117,71.2
117,70.5
117,70.5
117,70.5
117,70.9
117,71.2
117,71.0
117,71.0
118,70.4
118,70.9
118,70.9
118,71.2
118,71.2
118,70.9
118,70.9
118,70.4
118,70.8
118,70.8
119,71.0
119,71.0
119,71.0
119,71.0
119,70.9
119,70.8
119,70.8
119,71.0
119,71.5
119,71.5
120,70.8
120,70.6
120,70.4
120,70.4
120,71.7
120,71.3
120,71.3
120,70.6
120,70.4
120,71.0
121,71.0
121,71.3
121,70.9
121,70.9
121,70.9
121,70.9
121,70.2
121,70.2
121,70.8
121,71.0
122,71.0
122,71.0
122,71.5
122,70.8
122,70.8
122,70.8
122,70.5
122,70.5
122,70.5
123,71.3
123,71.3
123,71.3
123,71.5
123,70.9
123,70.9
123,70.6
123,70.8
123,71.0
123,71.0
124,71.3
124,71.3
124,71.3
124,70.6
124,70.9
124,71.0
124,71.0
124,70.5
124,70.9
124,70.9
125,71.2
125,70.4
125,70.6
125,70.6
125,71.0
125,71.9
125,71.9
125,71.0
125,71.0
125,70.8
125,70.8
126,70.9
126,70.8
126,70.8
126,70.8
126,71.6
126,70.9
126,70.9
126,70.6
126,70.9
126,70.9
127,70.6
127,71.2
127,71.3
127,71.3
127,71.3
127,70.5
127,70.5
127,70.9
127,70.9
127,71.0
128,71.0
128,71.2
128,71.0
128,71.0
128,71.5
128,70.5
128,70.8
128,70.8
128,70.9
128,71.7
129,71.7
129,71.0
129,71.2
129,70.6
129,70.6
129,70.4
129,70.9
129,70.8
129,70.8
130,71.3
130,70.9
130,70.9
130,71.2
130,70.9
130,71.5
130,71.5
130,70.9
130,70.5
130,70.9
130,70.9
131,70.9
131,70.6
131,71.2
131,71.2
131,71.0
131,71.0
131,71.0
131,71.0
131,71.2
131,71.0
132,71.0
132,71.0
132,70.6
132,71.2
132,71.2
132,71.9
132,71.3
132,71.3
132,70.9
132,71.3
133,71.3
133,71.0
133,71.0
133,71.0
133,71.0
133,70.5
133,70.8
133,70.8
133,71.2
134,71.0
134,70.9
134,70.9
134,71.0
134,70.6
134,70.6
134,71.0
134,70.9
134,70.8
134,70.8
135,71.5
135,70.8
135,70.8
135,70.9
135,71.2
135,71.2
135,71.2
135,70.8
135,71.3
135,71.3
136,70.9
136,70.8
136,71.6
136,71.6
136,71.0
136,71.5
136,71.5
136,71.0
136,70.6
136,71.3
137,71.3
137,70.8
137,71.2
137,71.2
137,71.0
137,71.0
137,70.5
137,70.5
137,71.0
137,70.9
137,70.9
138,70.5
138,71.3
138,71.0
138,71.0
138,71.3
138,71.7
138,71.7
138,70.6
138,70.5
138,71.2
139,71.2
139,70.8
139,71.0
139,71.0
139,70.8
139,70.4
139,71.3
139,71.3
139,70.9
139,70.8
140,70.8
140,71.0
140,70.0
140,71.0
140,71.0
140,70.9
140,70.9
140,70.9
140,70.9
140,70.8
141,71.5
141,71.5
141,70.9
141,70.9
141,70.9
141,71.0
141,70.8
141,70.8
141,70.8
142,70.6
142,71.2
142,71.2
142,70.9
142,71.0
142,70.9
142,70.9
142,70.9
142,71.2
142,71.2
143,70.8
143,70.9
143,71.2
143,71.2
143,70.4
143,70.5
143,70.5
143,71.0
143,70.8
143,70.8
144,71.0
144,70.9
144,70.5
144,70.5
144,70.8
144,70.6
144,70.6
144,70.8
144,70.8
144,71.0
145,71.0
145,70.2
145,70.9
145,70.9
145,71.2
145,70.8
145,70.9
145,70.9
145,70.9
145,70.6
145,70.6
146,71.3
146,71.2
146,71.5
146,71.5
146,70.9
146,70.9
146,70.9
146,70.9
146,70.8
146,71.6
147,71.6
147,71.0
147,71.2
147,71.2
147,71.2
147,71.2
147,70.6
147,70.6
147,70.9
147,70.6
148,70.6
148,70.9
148,70.9
148,70.9
148,71.2
148,70.8
148,70.8
148,70.8
148,70.6
148,71.9
149,71.9
149,71.2
149,71.3
149,71.6
149,71.6
149,71.6
149,71.5
149,71.5
149,71.2
150,71.0
150,71.0
150,71.0
150,70.9
150,71.2
150,71.2
150,70.6
150,70.8
150,70.9
150,70.9
151,70.9
151,71.2
151,71.2
151,70.8
151,70.5
151,70.5
151,70.5
151,70.6
151,70.5
151,70.5
152,70.9
152,71.5
152,70.9
152,70.9
152,71.2
152,71.5
152,71.5
152,71.5
152,71.3
152,71.2
153,71.2
153,71.0
153,70.8
153,70.8
153,71.6
153,72.0
153,71.3
153,71.3
153,70.9
153,71.5
153,71.5
154,70.6
154,71.3
154,70.9
154,70.9
154,70.9
154,71.0
154,71.6
154,71.6
154,71.0
154,71.0
155,71.0
155,70.9
155,70.8
155,70.9
155,70.9
155,71.2
155,70.9
155,70.9
155,71.2
155,71.5
156,71.5
156,71.6
156,70.9
156,71.0
156,71.0
156,71.5
156,71.2
156,71.2
156,70.4
157,71.2
157,71.0
157,71.0
157,71.3
157,70.9
157,70.9
157,71.2
157,71.2
157,71.0
157,71.0
158,71.5
158,71.0
158,71.0
158,71.5
158,71.2
158,70.6
158,70.6
158,71.2
158,71.2
158,71.2
159,70.9
159,71.7
159,71.2
159,71.2
159,70.8
159,71.2
159,71.2
159,71.0
159,70.4
159,71.2
160,71.2
160,70.8
160,71.0
160,71.0
160,71.3
160,71.0
160,71.3
160,71.3
160,71.3
160,70.6
161,70.6
161,70.9
161,70.4
161,71.0
161,71.0
161,71.2
161,70.9
161,70.9
161,71.2
161,71.6
162,71.6
162,71.2
162,71.0
162,71.3
162,71.3
162,71.3
162,71.0
162,71.0
162,71.0
162,71.0
162,71.0
163,71.0
163,71.3
163,71.2
163,71.2
163,71.3
163,71.6
163,71.0
163,71.0
163,71.9
163,71.2
164,71.2
164,71.6
164,71.2
164,71.7
164,71.7
164,71.6
164,71.6
164,71.6
164,71.5
164,71.5
165,71.5
165,71.9
165,71.0
165,71.3
165,71.3
165,71.3
165,71.3
165,71.3
165,71.0
166,70.9
166,71.3
166,71.3
166,70.9
166,71.3
166,71.3
166,71.0
166,71.2
166,70.9
166,70.9
167,71.2
167,71.0
167,71.0
167,71.7
167,71.0
167,71.7
167,71.7
167,70.9
167,71.0
167,71.0
168,70.9
168,70.9
168,70.9
168,71.0
168,70.9
168,71.0
168,71.0
168,70.9
168,71.0
168,70.2
169,70.2
169,70.8
169,71.2
169,71.2
169,71.0
169,70.9
169,70.9
169,70.8
169,71.5
169,71.3
170,71.3
170,70.8
170,71.0
170,71.0
170,70.9
170,71.0
170,71.0
170,71.0
170,71.6
170,70.8
171,70.8
171,71.2
171,71.2
171,70.5
171,70.5
171,71.0
171,70.6
171,70.6
171,70.9
171,70.2
171,71.0
172,71.0
172,71.3
172,70.4
172,70.4
172,71.0
172,71.2
172,70.8
172,70.8
172,71.0
172,71.6
173,71.6
173,71.3
173,71.0
173,71.3
173,71.3
173,71.0
173,71.5
173,71.5
173,71.6
173,70.8
174,69.8
174,69.8
174,71.2
174,71.3
174,71.3
174,70.8
174,70.9
174,70.9
174,71.2
175,71.2
175,70.9
175,70.9
175,70.6
175,71.6
175,71.6
175,71.3
175,71.6
175,70.8
175,70.8
176,70.6
176,71.0
176,71.0
176,70.9
176,71.0
176,70.9
176,70.9
176,71.0
176,70.8
176,71.0
177,71.0
177,71.2
177,71.5
177,71.5
177,71.2
177,71.2
177,70.9
177,70.9
177,70.6
177,71.3
178,71.3
178,71.3
178,70.9
178,70.6
178,70.6
178,70.9
178,71.0
178,71.0
178,71.3
178,71.6
179,71.2
179,71.2
179,71.3
179,71.0
179,71.0
179,70.9
179,70.6
179,70.6
179,70.6
179,71.6
179,70.8
180,70.8
180,71.2
180,71.2
180,71.2
180,71.0
180,71.0
180,71.0
180,71.0
180,71.6
180,71.0
181,71.0
181,70.9
181,70.2
181,70.8
181,70.8
181,71.5
181,71.3
181,71.3
181,71.5
181,71.2
182,70.5
182,70.5
182,70.9
182,71.2
182,71.2
182,70.9
182,70.6
182,70.6
182,71.0
183,71.2
183,71.2
183,71.2
183,71.5
183,70.8
183,70.8
183,70.6
183,71.3
183,71.5
183,71.5
184,71.2
184,71.2
184,71.2
184,71.3
184,71.3
184,71.2
184,71.2
184,70.9
184,71.5
184,71.5
185,71.0
185,71.2
185,71.2
185,70.6
185,71.5
185,70.9
185,70.9
185,70.8
185,70.5
185,70.5
186,70.9
186,71.2
186,71.3
186,71.3
186,71.3
186,70.9
186,70.9
186,71.0
186,70.6
186,71.7
187,71.7
187,70.8
187,71.2
187,71.2
187,71.9
187,71.3
187,71.0
187,71.0
187,71.2
187,71.0
188,71.0
188,71.0
188,71.3
188,71.3
188,71.5
188,70.9
188,71.2
188,71.2
188,70.9
188,71.2
189,71.0
189,71.0
189,70.6
189,71.3
189,71.3
189,71.0
189,71.5
189,71.0
189,71.0
190,70.9
190,71.2
190,71.2
190,71.5
190,71.7
190,70.9
190,70.9
190,71.2
190,71.5
190,71.5
190,71.2
190,70.4
191,71.5
191,71.5
191,70.9
191,70.9
191,70.9
191,71.2
191,70.9
191,71.3
191,71.3
192,71.6
192,70.9
192,70.9
192,71.2
192,71.2
192,71.2
192,71.2
192,71.0
192,71.3
192,71.5
193,71.5
193,71.3
193,70.9
193,70.9
193,71.5
193,70.8
193,71.2
193,71.2
193,71.0
193,71.3
194,71.3
194,71.3
194,71.0
194,71.0
194,71.5
194,70.8
194,71.5
194,71.5
194,71.2
194,71.5
195,70.9
195,70.9
195,70.9
195,71.2
195,71.2
195,71.2
195,71.7
195,71.5
195,71.5
196,70.8
196,71.3
196,71.3
196,71.2
196,71.2
196,70.9
196,70.9
196,71.2
196,71.2
196,71.2
197,71.6
197,71.0
197,71.5
197,71.5
197,70.9
197,71.5
197,71.5
197,71.7
197,70.6
197,71.0
197,71.0
198,71.3
198,71.2
198,71.2
198,71.2
198,71.3
198,71.3
198,71.3
198,71.2
198,71.7
198,71.3
199,71.3
199,71.2
199,71.3
199,71.2
199,71.2
199,70.9
199,70.8
199,70.8
199,71.0
200,71.5
200,71.5
200,71.5
200,70.5
200,71.0
200,71.0
200,71.0
200,71.0
200,71.5
200,71.5
201,70.6
201,71.5
201,71.5
201,71.3
201,71.3
201,71.9
201,71.9
201,71.6
201,71.3
201,71.3
202,71.0
202,71.2
202,70.8
202,70.8
202,71.2
202,71.5
202,71.5
202,71.5
202,70.9
202,70.9
202,70.9
203,71.3
203,70.9
203,70.9
203,71.6
203,70.6
203,70.9
203,70.9
203,71.0
203,71.6
203,71.6
204,71.0
204,71.3
204,71.6
204,71.6
204,71.3
204,71.5
204,71.5
204,71.3
204,71.2
204,71.7
205,71.7
205,71.5
205,71.6
205,71.6
205,71.0
205,71.2
205,71.2
205,71.2
205,71.5
205,71.9
206,71.9
206,71.3
206,71.9
206,71.5
206,71.5
206,71.7
206,71.2
206,71.2
206,71.5
207,71.2
207,71.2
207,71.2
207,70.9
207,72.0
207,72.0
207,71.6
207,71.9
207,71.3
207,71.3
208,71.0
208,71.0
208,71.0
208,71.6
208,71.0
208,71.5
208,71.5
208,71.2
208,71.3
208,71.0
209,71.0
209,70.9
209,71.7
209,71.7
209,71.6
209,71.5
209,71.0
209,71.0
209,70.8
209,71.7
209,71.7
210,71.2
210,71.0
210,71.5
210,71.5
210,71.5
210,71.6
210,71.6
210,71.2
210,71.3
210,71.6
211,71.6
211,71.0
211,71.2
211,71.5
211,71.5
211,71.5
211,70.9
211,71.3
211,71.3
212,71.6
212,71.3
212,71.3
212,71.2
212,71.6
212,71.2
212,71.2
212,71.5
212,71.5
212,71.5
213,71.5
213,70.5
213,71.5
213,71.5
213,71.0
213,71.2
213,71.2
213,71.5
213,71.3
213,71.9
214,71.9
214,70.6
214,71.6
214,71.6
214,71.6
214,71.5
214,71.6
214,71.6
214,71.5
214,71.6
215,71.6
215,71.7
215,71.3
215,71.6
215,71.6
215,71.2
215,70.6
215,70.6
215,71.7
215,71.5
215,71.5
216,71.5
216,71.2
216,71.3
216,71.3
216,71.7
216,71.0
216,71.7
216,71.7
216,71.0
216,71.5
217,71.5
217,71.9
217,71.2
217,71.0
217,71.0
217,71.2
217,71.5
217,71.5
217,71.5
217,71.3
218,71.3
218,71.3
218,70.9
218,71.3
218,71.3
218,71.3
218,70.9
218,71.2
218,71.2
219,71.0
219,70.9
219,70.9
219,71.3
219,71.3
219,71.3
219,71.2
219,71.0
219,71.3
219,71.3
220,71.6
220,70.9
220,71.2
220,71.2
220,71.7
220,71.6
220,71.6
220,71.0
220,71.2
220,71.2
221,71.7
221,71.3
221,71.0
221,71.0
221,71.2
221,71.9
221,71.9
221,70.6
221,71.5
221,70.6
222,70.6
222,71.6
222,71.0
222,71.3
222,71.3
222,70.6
222,70.5
222,70.5
222,71.2
222,71.6
222,71.2
223,71.2
223,71.6
223,71.0
223,71.0
223,71.6
223,71.2
223,71.2
223,71.2
223,71.0
223,71.0
224,71.0
224,70.8
224,71.9
224,71.9
224,71.3
224,71.0
224,71.0
224,71.0
224,71.0
224,71.2
225,71.2
225,71.3
225,71.0
225,71.6
225,71.6
225,71.6
225,71.5
225,71.5
225,71.9
226,71.5
226,71.9
226,71.9
226,71.3
226,71.2
226,71.2
226,71.0
226,71.3
226,71.7
226,71.7
227,71.5
227,71.6
227,71.6
227,71.6
227,71.0
227,71.5
227,71.5
227,71.2
227,71.2
227,71.2
228,71.0
228,71.3
228,71.0
228,71.0
228,71.9
228,71.7
228,71.7
228,71.0
228,71.7
228,71.0
229,71.0
229,71.7
229,71.0
229,71.0
229,71.7
229,71.3
229,71.5
229,71.5
229,71.3
229,71.6
230,71.6
230,71.2
230,71.6
230,70.9
230,70.9
230,70.9
230,71.0
230,71.0
230,70.8
230,71.6
230,71.0
231,71.0
231,71.0
231,71.0
231,71.0
231,71.5
231,71.0
231,70.9
231,70.9
231,70.9
231,71.5
232,71.5
232,71.6
232,70.9
232,71.6
232,71.6
232,71.6
232,71.3
232,71.3
232,71.7
233,71.5
233,71.2
233,71.2
233,71.5
233,71.7
233,71.7
233,71.6
233,71.3
233,71.3
233,71.3
234,71.3
234,71.3
234,70.9
234,70.9
234,71.6
234,71.6
234,71.6
234,71.7
234,71.0
234,71.2
235,71.2
235,71.3
235,71.6
235,71.6
235,71.3
235,71.7
235,70.9
235,70.9
235,71.7
235,70.9
236,70.9
236,71.6
236,72.1
236,70.5
236,70.5
236,71.0
236,71.6
236,71.6
236,71.2
236,71.2
236,71.5
237,71.5
237,71.6
237,71.5
237,71.5
237,71.6
237,71.6
237,71.0
237,71.0
237,71.3
237,71.6
238,71.6
238,71.3
238,70.8
238,71.3
238,71.3
238,70.9
238,70.6
238,71.5
238,71.5
239,71.3
239,70.6
239,70.6
239,71.5
239,71.6
239,70.9
239,70.9
239,71.3
239,71.0
239,71.5
240,71.5
240,70.8
240,71.0
240,71.0
240,71.6
240,70.8
240,70.8
240,70.8
240,71.2
240,71.9
241,71.9
241,71.2
241,71.6
241,71.9
241,71.9
241,71.2
241,71.0
241,71.0
241,71.7
241,71.0
242,71.7
242,71.7
242,70.6
242,71.5
242,71.5
242,71.0
242,70.9
242,71.5
242,71.5
242,71.5
242,70.9
243,70.9
243,72.1
243,71.3
243,71.5
243,71.5
243,71.2
243,71.2
243,71.2
243,71.0
244,71.3
244,71.2
244,71.2
244,71.3
244,71.3
244,70.9
244,70.9
244,71.3
244,71.3
244,71.3
245,71.0
245,71.2
245,71.3
245,71.3
245,71.5
245,71.2
245,71.2
245,71.3
245,71.2
245,71.0
246,71.0
246,71.0
246,71.2
246,71.2
246,71.7
246,71.2
246,71.3
246,71.3
246,71.3
246,71.7
247,71.3
247,71.3
247,71.3
247,71.3
247,71.3
247,71.5
247,70.9
247,71.0
247,71.0
248,70.9
248,71.5
248,71.5
248,71.9
248,71.9
248,71.0
248,71.0
248,71.0
248,70.9
248,70.9
248,71.2
249,71.5
249,71.5
249,71.5
249,71.7
249,71.0
249,71.0
249,71.0
249,70.5
249,71.6
249,71.6
250,71.2
250,71.7
250,71.2
250,71.2
250,71.2
250,71.2
250,71.5
250,71.5
250,71.6
250,71.0
251,71.0
251,71.6
251,71.3
251,71.3
251,71.5
251,72.0
251,71.2
251,71.2
251,71.3
251,70.6
252,70.6
252,71.3
252,71.3
252,71.5
252,71.5
252,71.6
252,71.5
252,71.5
252,71.0
253,71.3
253,70.9
253,70.9
253,71.9
253,71.2
253,71.2
253,71.3
253,71.2
253,71.6
253,71.6
254,71.5
254,71.3
254,71.3
254,72.0
254,70.9
254,71.5
254,71.5
254,70.9
254,71.6
254,71.6
254,71.3
255,71.3
255,71.3
255,71.3
255,71.5
255,71.0
255,71.0
255,72.1
255,71.3
255,71.2
255,71.2
256,71.5
256,71.2
256,71.2
256,70.9
256,70.9
256,71.6
256,71.6
256,70.9
256,71.0
256,71.0
257,70.9
257,71.0
257,72.0
257,72.0
257,70.9
257,70.4
257,70.4
257,71.5
257,71.2
257,70.6
258,70.6
258,72.0
258,71.5
258,71.5
258,71.3
258,71.9
258,71.0
258,71.0
258,71.5
258,72.0
259,72.0
259,70.9
259,72.0
259,71.7
259,71.7
259,72.0
259,71.9
259,71.9
259,71.3
259,72.0
260,72.1
260,72.1
260,71.5
260,71.6
260,71.6
260,71.7
260,71.3
260,71.3
260,71.5
261,71.5
261,71.6
261,71.6
261,71.9
261,71.5
261,71.5
261,71.0
261,71.3
261,71.3
261,71.3
262,71.3
262,71.3
262,71.3
262,71.3
262,72.0
262,71.7
262,71.7
262,71.7
262,71.6
262,71.6
262,71.6
263,71.2
263,71.9
263,71.9
263,71.9
263,71.5
263,71.5
263,71.5
263,71.7
263,71.2
263,71.2
264,71.3
264,71.2
264,71.2
264,71.2
264,71.9
264,71.6
264,71.6
264,71.6
264,71.5
264,71.5
265,71.0
265,71.5
265,71.5
265,71.5
265,70.8
265,71.3
265,71.3
265,71.7
265,71.0
265,71.5
266,71.5
266,71.9
266,71.7
266,71.7
266,71.3
266,71.2
266,71.0
266,71.0
266,71.7
266,71.2
267,71.2
267,71.6
267,71.0
267,72.0
267,72.0
267,71.5
267,70.9
267,70.9
267,71.9
267,71.7
268,71.9
268,71.9
268,71.5
268,71.3
268,71.3
268,71.2
268,71.0
268,71.3
268,71.3
269,71.5
269,71.6
269,71.6
269,71.3
269,71.3
269,71.7
269,71.7
269,71.0
269,71.9
269,71.9
270,71.6
270,70.9
270,71.2
270,71.2
270,71.3
270,71.2
270,71.2
270,71.3
270,71.3
270,71.0
270,71.0
271,71.3
271,70.8
271,70.8
271,71.3
271,71.0
271,70.9
271,70.9
271,71.2
271,71.7
271,71.7
272,71.3
272,71.2
272,71.9
272,71.9
272,71.2
272,71.3
272,71.3
272,71.6
272,71.2
272,71.9
273,71.9
273,71.3
273,72.1
273,72.1
273,71.6
273,71.5
273,71.5
273,71.5
273,72.4
273,71.3
274,71.3
274,71.6
274,71.6
274,71.6
274,71.6
274,71.5
274,71.7
274,71.7
274,71.3
275,71.6
275,71.2
275,71.2
275,70.9
275,71.3
275,71.3
275,71.7
275,71.3
275,71.3
275,71.3
276,71.7
276,71.0
276,71.0
276,71.0
276,71.5
276,71.2
276,71.2
276,70.9
276,71.5
276,71.5
276,71.6
277,71.3
277,70.5
277,70.5
277,71.3
277,71.5
277,71.5
277,71.7
277,71.2
277,71.3
277,71.3
278,71.6
278,71.7
278,71.7
278,71.3
278,71.7
278,70.8
278,70.8
278,70.9
278,71.6
278,71.6
279,71.0
279,71.2
279,71.2
279,71.2
279,71.7
279,71.0
279,71.0
279,71.3
279,71.9
279,71.9
280,71.9
280,70.8
280,71.2
280,71.2
280,71.0
280,71.6
280,71.3
280,71.3
280,71.0
280,71.7
281,71.7
281,71.7
281,71.2
281,71.6
281,71.6
281,71.0
281,71.5
281,71.5
281,71.9
282,71.7
282,71.7
282,71.7
282,71.3
282,71.6
282,71.6
282,71.3
282,71.3
282,71.9
282,71.9
283,71.3
283,71.5
283,71.5
283,71.6
283,71.3
283,71.3
283,71.3
283,71.3
283,71.2
283,71.2
284,71.5
284,71.2
284,72.1
284,72.1
284,71.5
284,71.3
284,71.3
284,71.7
284,71.3
284,71.0
284,71.0
285,71.6
285,71.0
285,71.0
285,71.2
285,71.7
285,71.7
285,71.7
285,71.9
285,71.3
285,71.3
286,71.9
286,71.3
286,71.6
286,71.6
286,72.0
286,71.3
286,71.3
286,71.2
286,71.2
286,71.2
287,71.5
287,71.3
287,71.9
287,71.9
287,71.0
287,71.2
287,71.2
287,70.9
287,70.9
287,71.9
288,71.9
288,71.0
288,71.5
288,71.5
288,71.5
288,70.9
288,71.5
288,71.5
288,71.2
288,71.5
289,71.5
289,71.9
289,71.3
289,71.3
289,71.3
289,71.0
289,71.2
289,71.2
289,71.5
289,71.7
290,71.3
290,71.3
290,71.5
290,71.9
290,71.9
290,71.5
290,70.9
290,70.9
290,71.6
291,71.3
291,71.5
291,71.5
291,71.5
291,71.6
291,71.0
291,71.0
291,71.6
291,71.6
291,71.6
292,70.9
292,71.6
292,71.5
292,71.5
292,71.9
292,71.9
292,71.9
292,71.5
292,71.5
292,71.5
293,71.5
293,71.7
293,71.9
293,71.9
293,70.9
293,71.5
293,71.5
293,71.6
293,71.5
293,70.9
293,70.9
294,71.3
294,71.2
294,70.9
294,70.9
294,71.2
294,70.8
294,70.8
294,70.6
294,71.9
294,71.9
295,71.3
295,71.6
295,71.7
295,71.7
295,71.3
295,71.6
295,71.6
295,71.3
295,71.0
295,71.3
296,71.3
296,71.0
296,71.7
296,71.7
296,71.5
296,72.0
296,71.0
296,71.0
296,72.0
296,70.9
297,71.2
297,71.2
297,71.3
297,71.3
297,71.3
297,71.7
297,71.6
297,71.0
297,71.0
298,71.5
298,71.5
298,71.5
298,71.5
298,70.9
298,71.0
298,71.0
298,71.3
298,71.9
298,71.9
299,71.3
299,71.9
299,71.7
299,71.7
299,71.3
299,71.5
299,71.5
299,71.6
299,72.0
299,72.0
300,71.3
300,71.6
300,71.6
300,71.6
300,71.9
300,71.3
300,71.3
300,71.3
300,71.3
300,71.5
301,71.5
301,71.7
301,71.9
301,71.6
301,71.6
301,71.2
301,71.9
301,71.9
301,71.3
301,71.7
301,71.7
302,71.3
302,71.7
302,71.3
302,71.3
302,71.6
302,71.6
302,71.6
302,71.5
302,71.3
302,72.4
303,72.4
303,71.7
303,71.6
303,71.6
303,71.7
303,71.6
303,71.3
303,71.3
303,71.2
303,71.7
304,71.7
304,71.7
304,71.3
304,71.3
304,71.3
304,71.6
304,71.6
304,71.6
304,71.3
305,71.2
305,71.6
305,71.6
305,71.6
305,72.1
305,72.1
305,71.6
305,71.3
305,71.5
305,71.5
306,71.6
306,72.1
306,72.1
306,71.3
306,71.0
306,71.5
306,71.5
306,71.2
306,71.2
306,71.2
307,71.7
307,71.2
307,71.3
307,71.3
307,71.2
307,71.2
307,71.2
307,71.6
307,71.7
307,71.5
308,71.5
308,71.2
308,71.9
308,71.5
308,71.5
308,71.2
308,71.2
308,71.2
308,71.7
308,71.7
308,71.5
309,71.5
309,71.7
309,71.2
309,71.2
309,71.9
309,71.2
309,71.3
309,71.3
309,71.3
309,71.0
310,71.0
310,71.9
310,72.0
310,71.5
310,71.5
310,71.9
310,70.9
310,70.9
310,71.6
311,72.0
311,71.9
311,71.9
311,71.6
311,71.6
311,71.6
311,71.7
311,71.5
311,71.5
311,71.5
312,70.8
312,71.2
312,71.7
312,71.7
312,71.0
312,70.9
312,70.9
312,72.1
312,71.5
312,71.7
313,71.7
313,71.9
313,71.5
313,71.5
313,71.6
313,71.7
313,71.6
313,71.6
313,71.3
313,71.5
314,71.5
314,71.5
314,71.3
314,71.9
314,71.9
314,71.7
314,71.9
314,71.2
314,71.2
314,71.3
314,71.3
315,71.3
315,71.3
315,71.5
315,70.9
315,70.9
315,71.0
315,71.0
315,71.9
315,71.9
316,71.3
316,71.7
316,71.7
316,71.3
316,71.6
316,71.2
316,71.2
316,71.2
316,71.7
316,71.7
317,71.7
317,71.0
317,71.2
317,71.2
317,71.6
317,71.0
317,71.0
317,71.5
317,72.0
317,71.7
318,71.7
318,71.5
318,71.3
318,71.3
318,71.5
318,71.3
318,71.6
318,71.6
318,71.5
318,71.6
319,71.6
319,71.6
319,71.3
319,71.2
319,71.2
319,71.6
319,71.6
319,71.6
319,71.3
319,71.9
319,71.3
320,71.3
320,71.9
320,71.7
320,71.7
320,72.0
320,71.7
320,71.2
320,71.2
320,71.5
320,71.6
321,71.6
321,70.9
321,71.2
321,71.5
321,71.5
321,70.5
321,71.3
321,71.3
321,71.2
322,71.6
322,71.3
322,71.3
322,71.7
322,71.5
322,71.5
322,71.7
322,71.7
322,71.3
322,71.3
323,71.6
323,71.2
323,71.2
323,71.3
323,71.5
323,71.6
323,71.6
323,71.0
323,71.3
323,71.3
324,71.5
324,71.5
324,71.2
324,71.2
324,71.6
324,71.2
324,71.2
324,71.5
324,71.5
324,71.3
325,71.3
325,71.2
325,71.3
325,71.3
325,71.5
325,72.0
325,71.6
325,71.6
325,71.6
325,71.3
326,71.3
326,70.9
326,71.5
326,70.9
326,70.9
326,71.2
326,71.3
326,71.3
326,70.8
326,71.7
327,71.7
327,71.9
327,71.0
327,71.7
327,71.7
327,71.2
327,71.3
327,71.3
327,71.2
327,71.3
327,71.7
328,71.7
328,72.3
328,70.8
328,71.6
328,71.6
328,71.7
328,71.3
328,71.3
328,70.9
328,71.3
329,71.7
329,71.7
329,71.5
329,71.6
329,71.6
329,70.6
329,71.3
329,71.3
329,71.3
330,71.5
330,71.3
330,71.3
330,71.0
330,71.3
330,71.3
330,70.9
330,71.6
330,71.2
330,71.2
331,71.7
331,71.7
331,71.7
331,71.6
331,71.9
331,71.5
331,71.5
331,71.7
331,71.5
331,71.5
332,71.7
332,71.5
332,71.5
332,71.5
332,71.3
332,71.7
332,71.7
332,72.4
332,72.3
332,71.2
333,71.2
333,71.5
333,71.6
333,71.6
333,71.6
333,71.6
333,71.2
333,71.2
333,71.5
333,71.7
334,71.7
334,70.9
334,71.3
334,71.9
334,71.9
334,71.9
334,71.5
334,71.2
334,71.2
334,71.2
334,71.7
335,71.7
335,70.8
335,71.7
335,71.0
335,71.0
335,71.3
335,71.9
335,71.9
335,71.5
336,71.5
336,71.6
336,71.6
336,71.2
336,71.7
336,71.7
336,72.0
336,71.6
336,71.6
336,71.6
337,71.0
337,71.7
337,71.7
337,71.7
337,71.9
337,71.5
337,71.5
337,72.0
337,71.2
337,71.2
338,71.7
338,71.7
338,71.6
338,71.6
338,71.5
338,71.7
338,71.7
338,71.7
338,71.5
338,71.0
339,71.0
339,71.3
339,70.9
339,70.9
339,72.0
339,70.9
339,71.9
339,71.9
339,71.0
339,71.6
340,71.6
340,71.0
340,70.9
340,71.6
340,71.6
340,71.5
340,71.3
340,71.3
340,71.5
341,71.3
341,71.2
341,71.2
341,71.6
341,71.5
341,71.5
341,71.5
341,71.7
341,71.2
341,71.2
342,71.5
342,72.0
342,72.0
342,71.7
342,71.5
342,71.7
342,71.7
342,71.6
342,71.6
342,71.6
342,71.6
343,71.7
343,71.3
343,71.3
343,71.5
343,71.6
343,71.6
343,71.5
343,71.2
343,71.7
343,71.7
344,71.9
344,71.9
344,71.9
344,71.3
344,71.5
344,71.5
344,72.0
344,71.9
344,71.6
344,71.6
345,71.7
345,71.6
345,71.6
345,71.0
345,71.5
345,71.7
345,71.7
345,71.3
345,71.7
345,71.7
346,71.3
346,71.3
346,71.3
346,71.3
346,71.3
346,71.3
346,71.0
346,71.0
346,71.3
346,71.3
347,71.3
347,71.7
347,71.2
347,71.5
347,71.5
347,71.3
347,71.5
347,71.5
347,71.0
347,72.1
348,71.5
348,71.5
348,71.3
348,71.7
348,71.7
348,71.2
348,71.6
348,71.2
348,71.2
349,71.6
349,72.1
349,72.1
349,71.6
349,72.1
349,72.0
349,72.0
349,70.8
349,71.9
349,71.9
349,71.7
349,70.9
350,71.6
350,71.6
350,70.8
350,71.3
350,71.3
350,71.3
350,71.2
350,71.6
350,71.6
351,71.7
351,71.5
351,71.5
351,72.0
351,71.3
351,70.9
351,70.9
351,71.5
351,71.5
351,71.5
352,71.6
352,71.3
352,71.3
352,71.6
352,71.2
352,71.3
352,71.3
352,71.3
352,71.9
352,71.9
353,71.2
353,71.6
353,71.3
353,71.3
353,71.7
353,70.8
353,70.8
353,71.2
353,71.3
353,71.9
354,71.9
354,71.5
354,71.3
354,71.3
354,72.3
354,71.5
354,71.0
354,71.0
354,71.0
354,71.6
355,71.6
355,72.0
355,70.9
355,71.3
355,71.3
355,71.5
355,71.3
355,71.3
355,71.6
356,71.9
356,71.6
356,71.6
356,71.5
356,70.9
356,70.9
356,71.3
356,71.5
356,71.7
356,71.7
357,71.7
357,71.9
357,71.9
357,71.5
357,71.6
357,71.9
357,71.9
357,72.1
357,71.6
357,71.6
358,71.3
358,71.9
358,71.7
358,71.7
358,71.7
358,71.3
358,71.3
358,71.9
358,71.6
358,71.6
358,71.7
359,71.3
359,71.5
359,71.5
359,71.2
359,71.7
359,71.7
359,71.5
359,71.6
359,71.9
359,71.9
360,71.2
360,71.2
360,71.2
360,71.6
360,71.3
360,70.6
360,70.6
360,71.6
360,72.0
360,72.0
361,71.6
361,71.7
361,71.6
361,71.6
361,71.7
361,71.5
361,71.5
361,71.5
361,71.5
361,71.5
362,70.9
362,72.0
362,71.6
362,71.6
362,71.6
362,71.2
362,71.5
362,71.5
362,72.1
362,71.6
363,71.6
363,71.7
363,70.9
363,70.9
363,72.3
363,71.6
363,71.6
363,71.6
363,72.0
363,70.9
364,71.5
364,71.5
364,71.3
364,71.3
364,71.3
364,71.9
364,71.7
364,71.5
364,71.5
365,71.3
365,71.0
365,71.0
365,72.1
365,71.3
365,71.3
365,71.5
365,71.2
365,71.5
365,71.5
366,71.6
366,71.5
366,71.5
366,71.7
366,71.7
366,71.5
366,71.5
366,71.5
366,71.2
366,71.2
366,71.7
367,71.9
367,71.5
367,71.5
367,72.1
367,71.3
367,71.3
367,71.6
367,71.2
367,71.6
367,71.6
368,71.6
368,71.9
368,71.9
368,71.9
368,71.3
368,71.5
368,71.5
368,71.3
368,71.5
368,71.5
369,71.6
369,71.7
369,71.6
369,71.6
369,71.2
369,71.6
369,71.6
369,71.3
369,71.7
369,71.5
370,71.5
370,71.2
370,71.0
370,71.0
370,71.6
370,71.5
370,71.5
370,71.5
370,71.6
370,71.9
371,71.9
371,71.3
371,71.5
371,71.7
371,71.7
371,71.9
371,72.0
371,72.0
371,71.0
372,71.6
372,72.0
372,72.0
372,71.5
372,71.9
372,71.2
372,71.2
372,71.6
372,71.5
372,71.5
373,71.7
373,71.2
373,71.3
373,71.3
373,71.9
373,70.9
373,70.9
373,71.6
373,71.2
373,71.3
374,71.3
374,71.6
374,72.1
374,72.1
374,71.9
374,71.9
374,71.6
374,71.6
374,71.7
374,71.3
374,71.3
375,71.0
375,71.0
375,71.0
375,71.5
375,71.5
375,71.5
375,71.5
375,71.5
375,71.5
375,71.5
376,71.5
376,71.3
376,71.3
376,71.3
376,71.3
376,71.7
376,71.7
376,71.7
376,71.7
376,71.5
377,71.5
377,71.7
377,71.5
377,71.5
377,71.6
377,71.3
377,71.5
377,71.5
377,71.5
377,71.0
378,71.0
378,71.2
378,71.2
378,71.6
378,71.6
378,71.6
378,71.9
378,71.9
378,71.6
379,71.5
379,71.5
379,71.5
379,71.9
379,71.6
379,71.6
379,71.2
379,71.2
379,71.9
379,71.9
380,71.6
380,71.7
380,71.3
380,71.3
380,71.3
380,71.2
380,71.2
380,71.5
380,70.9
380,71.7
381,71.7
381,71.3
381,71.3
381,71.3
381,71.2
381,71.3
381,71.7
381,71.7
381,71.6
381,71.3
381,71.3
382,71.0
382,71.3
382,71.3
382,71.9
382,71.3
382,71.7
382,71.7
382,71.6
382,71.2
382,71.2
383,71.5
383,71.6
383,71.7
383,71.7
383,71.7
383,71.7
383,71.7
383,71.3
383,71.7
383,71.2
384,71.2
384,71.0
384,71.6
384,71.6
384,71.2
384,71.7
384,72.0
384,72.0
384,71.7
384,71.6
385,71.6
385,71.5
385,71.6
385,71.6
385,71.6
385,71.3
385,71.5
385,71.5
385,71.6
386,70.6
386,71.7
386,71.7
386,71.5
386,71.9
386,71.9
386,70.9
386,71.7
386,71.7
386,71.7
387,70.9
387,71.6
387,71.6
387,71.3
387,71.7
387,72.0
387,72.0
387,71.5
387,71.3
387,71.3
388,70.8
388,71.9
388,71.3
388,71.3
388,71.3
388,71.6
388,71.6
388,71.5
388,71.3
388,71.6
389,71.6
389,71.2
389,71.9
389,71.9
389,71.7
389,71.6
389,70.9
389,70.9
389,71.5
389,72.0
390,72.0
390,71.7
390,71.7
390,71.5
390,71.5
390,72.0
390,72.0
390,72.0
390,71.6
390,71.2
390,71.3
391,71.3
391,71.3
391,71.2
391,71.2
391,71.0
391,71.2
391,71.2
391,71.2
391,71.6
391,71.6
392,71.6
392,71.2
392,71.6
392,71.3
392,71.3
392,71.6
392,71.2
392,71.2
392,71.5
393,71.2
393,71.7
393,71.7
393,71.5
393,71.9
393,71.9
393,71.7
393,71.2
393,71.6
393,71.6
394,71.9
394,71.7
394,71.7
394,71.7
394,71.5
394,71.7
394,71.7
394,71.7
394,71.7
394,71.7
395,71.2
395,71.2
395,72.0
395,72.0
395,71.0
395,71.3
395,71.3
395,71.9
395,71.6
395,71.5
396,71.5
396,71.7
396,70.9
396,70.9
396,71.5
396,71.6
396,71.3
396,71.3
396,71.3
396,71.5
397,71.5
397,71.7
397,71.3
397,71.7
397,71.7
397,71.5
397,71.3
397,71.3
397,72.0
397,71.9
397,71.5
398,71.5
398,71.7
398,71.9
398,71.9
398,71.5
398,71.9
398,71.3
398,71.3
398,71.7
398,71.9
399,71.9
399,71.3
399,71.6
399,71.5
399,71.5
399,71.2
399,71.6
399,71.6
399,71.9
400,70.9
400,71.7
400,71.7
400,71.2
400,71.3
400,71.3
400,71.9
400,71.9
400,71.5
400,71.5
401,71.6
401,71.5
401,71.5
401,71.5
401,72.0
401,71.3
401,71.3
401,71.7
401,71.6
401,71.6
402,71.9
402,70.9
402,72.0
402,72.0
402,71.3
402,71.5
402,71.5
402,71.2
402,71.3
402,71.3
403,71.3
403,71.0
403,71.6
403,71.6
403,71.2
403,71.0
403,71.9
403,71.9
403,71.3
403,71.6
403,71.7
404,71.7
404,71.7
404,71.7
404,71.6
404,71.6
404,71.7
404,72.4
404,70.8
404,70.8
405,71.6
405,71.3
405,71.3
405,71.7
405,72.1
405,71.5
405,71.5
405,71.5
405,71.5
405,71.5
406,71.3
406,71.6
406,71.6
406,72.1
406,71.5
406,71.9
406,71.9
406,71.2
406,71.2
406,71.2
407,71.2
407,71.7
407,71.5
407,71.5
407,71.6
407,71.6
407,71.5
407,71.5
407,71.7
407,71.3
408,71.3
408,71.5
408,71.0
408,71.0
408,71.3
408,71.9
408,71.3
408,71.3
408,71.2
408,71.5
408,72.0
409,72.0
409,71.5
409,71.5
409,71.5
409,71.3
409,71.7
409,71.0
409,71.0
409,71.3
409,71.5
410,71.5
410,71.3
410,71.0
410,71.5
410,71.5
410,71.5
410,71.3
410,71.3
410,71.2
410,71.7
411,71.9
411,71.9
411,71.9
411,71.6
411,71.6
411,71.2
411,71.3
411,71.3
411,71.5
412,71.5
412,71.5
412,71.5
412,71.7
412,71.3
412,71.3
412,71.2
412,71.6
412,71.2
412,71.2
413,71.6
413,71.3
413,71.3
413,71.5
413,71.3
413,71.7
413,71.7
413,71.7
413,71.2
413,71.2
414,71.2
414,72.0
414,71.6
414,71.6
414,71.9
414,70.8
414,71.2
414,71.2
414,71.5
414,71.5
415,71.5
415,71.2
415,71.6
415,71.6
415,71.5
415,71.5
415,71.6
415,71.6
415,71.2
415,71.2
416,71.2
416,71.5
416,71.5
416,71.7
416,71.7
416,71.7
416,71.3
416,71.3
416,71.0
417,71.5
417,71.3
417,71.3
417,71.7
417,71.3
417,71.3
417,71.5
417,71.3
417,72.0
417,72.0
417,71.2
417,71.6
418,71.6
418,71.9
418,71.2
418,71.9
418,71.9
418,71.9
418,71.3
418,71.3
418,71.5
419,71.9
419,70.8
419,70.8
419,71.7
419,70.9
419,70.9
419,71.3
419,71.2
419,71.2
419,71.2
420,71.9
420,72.0
420,72.0
420,71.5
420,71.6
420,71.2
420,71.2
420,71.5
420,71.2
420,71.2
421,71.3
421,71.6
421,71.2
421,71.2
421,71.5
421,71.3
421,71.3
421,71.3
421,70.9
421,70.9
422,70.9
422,71.3
422,71.2
422,71.2
422,71.6
422,71.6
422,71.6
422,72.1
422,71.0
422,71.6
423,71.6
423,71.2
423,71.9
423,71.9
423,71.5
423,71.2
423,71.7
423,71.7
423,70.9
423,71.7
424,71.7
424,71.2
424,71.5
424,71.3
424,71.3
424,71.3
424,71.3
424,71.3
424,71.5
425,70.8
425,71.3
425,71.3
425,71.0
425,71.3
425,71.3
425,71.9
425,71.3
425,71.3
425,71.3
425,71.5
425,71.5
426,71.5
426,71.3
426,71.6
426,71.2
426,71.2
426,71.7
426,71.7
426,71.7
426,71.3
427,71.0
427,71.3
427,71.3
427,72.0
427,71.9
427,71.9
427,72.1
427,71.6
427,71.3
427,71.3
428,71.7
428,71.2
428,71.2
428,71.6
428,71.9
428,71.5
428,71.5
428,71.9
428,71.7
428,71.7
429,71.2
429,71.3
429,71.3
429,71.3
429,71.2
429,71.5
429,71.5
429,71.7
429,72.0
429,71.5
430,71.5
430,71.5
430,71.5
430,71.5
430,71.7
430,71.7
430,71.2
430,71.2
430,71.7
430,71.0
431,71.0
431,71.6
431,71.6
431,71.5
431,71.5
431,71.2
431,72.0
431,72.0
431,71.6
432,71.2
432,71.5
432,71.5
432,71.9
432,71.3
432,71.3
432,71.3
432,71.3
432,70.9
432,70.9
433,71.7
433,71.6
433,71.6
433,71.7
433,72.0
433,71.5
433,71.5
433,71.0
433,71.6
433,71.6
433,71.2
434,71.7
434,71.5
434,71.5
434,71.5
434,71.3
434,71.3
434,71.5
434,71.5
434,71.0
434,71.0
435,71.2
435,71.5
435,71.5
435,71.6
435,71.5
435,71.7
435,71.7
435,71.3
435,70.8
435,70.8
436,70.9
436,71.0
436,70.9
436,70.9
436,71.9
436,71.2
436,71.2
436,71.5
436,71.3
436,71.5
437,71.5
437,71.3
437,71.6
437,71.6
437,71.7
437,71.2
437,71.6
437,71.6
437,71.2
437,72.0
438,72.0
438,71.0
438,71.3
438,72.0
438,72.0
438,71.6
438,71.0
438,71.0
438,71.3
438,70.9
439,71.3
439,71.3
439,71.7
439,71.0
439,71.0
439,71.3
439,71.5
439,71.2
439,71.2
440,70.8
440,72.3
440,72.3
440,71.6
440,71.6
440,71.3
440,71.3
440,71.7
440,71.5
440,71.5
440,71.5
441,71.3
441,71.6
441,71.6
441,71.2
441,71.5
441,71.7
441,71.7
441,71.5
441,70.8
441,71.5
442,71.5
442,71.7
442,71.9
442,71.9
442,71.5
442,72.0
442,70.9
442,70.9
442,71.3
442,71.6
443,71.6
443,70.8
443,71.0
443,71.5
443,71.5
443,71.2
443,71.2
443,71.2
443,71.2
444,71.5
444,71.3
444,71.3
444,71.9
444,71.7
444,71.7
444,71.3
444,70.5
444,71.5
444,71.5
445,70.9
445,71.0
445,71.0
445,71.7
445,71.5
445,71.5
445,71.5
445,71.7
445,70.8
445,71.5
445,71.5
446,70.9
446,70.9
446,70.9
446,70.9
446,71.0
446,71.0
446,71.7
446,71.2
446,71.6
446,71.6
447,71.3
447,71.2
447,71.5
447,71.5
447,71.7
447,71.3
447,71.3
447,71.2
447,72.0
447,71.6
448,71.6
448,71.3
448,71.3
448,71.3
448,71.2
448,71.3
448,71.6
448,71.6
448,71.6
448,71.0
449,71.0
449,71.2
449,71.6
449,72.0
449,72.0
449,71.6
449,71.9
449,71.9
449,71.7
449,71.2
450,71.7
450,71.7
450,71.3
450,71.7
450,71.7
450,71.3
450,71.5
450,71.5
450,71.5
451,71.6
451,71.5
451,71.5
451,71.5
451,71.6
451,71.2
451,71.2
451,71.0
451,71.5
451,71.5
452,71.6
452,71.3
452,71.0
452,71.0
452,71.2
452,71.5
452,71.5
452,71.3
452,70.9
452,70.9
453,71.5
453,71.3
453,71.3
453,71.3
453,71.6
453,71.2
453,71.2
453,71.2
453,71.2
453,71.9
453,71.9
454,72.3
454,71.3
454,71.3
454,71.2
454,70.9
454,71.2
454,71.2
454,71.0
454,71.0
454,71.6
455,71.6
455,71.7
455,71.3
455,71.6
455,71.6
455,71.2
455,71.5
455,71.5
455,71.7
456,71.3
456,71.6
456,71.6
456,71.5
456,71.2
456,71.2
456,71.3
456,71.6
456,71.0
456,71.0
457,71.3
457,71.7
457,71.7
457,71.5
457,71.3
457,71.6
457,71.6
457,71.5
457,71.5
457,71.5
458,71.3
458,71.5
458,71.7
458,71.7
458,71.6
458,71.6
458,71.6
458,71.0
458,71.9
458,71.5
458,71.5
459,71.0
459,71.3
459,71.3
459,71.3
459,72.6
459,71.2
459,71.2
459,71.6
459,71.6
459,71.6
460,71.3
460,71.7
460,71.5
460,71.5
460,71.3
460,71.6
460,71.6
460,71.6
460,71.6
460,71.5
461,71.5
461,70.8
461,71.7
461,71.7
461,70.8
461,70.9
461,71.5
461,71.5
461,71.7
461,70.8
462,70.8
462,71.3
462,71.0
462,71.3
462,71.3
462,70.2
462,71.7
462,71.7
462,71.0
462,71.3
463,71.5
463,71.5
463,71.5
463,71.5
463,71.5
463,70.8
463,71.9
463,71.0
463,71.0
464,71.6
464,71.2
464,71.2
464,71.3
464,71.5
464,71.2
464,71.2
464,71.3
464,71.3
464,71.3
465,71.6
465,71.6
465,71.3
465,71.3
465,71.7
465,71.3
465,71.3
465,70.9
465,71.2
465,71.6
466,71.6
466,71.5
466,71.5
466,71.5
466,71.0
466,71.3
466,71.2
466,71.2
466,71.3
466,71.2
466,71.3
467,71.3
467,71.6
467,71.6
467,71.6
467,71.0
467,71.6
467,71.7
467,71.7
467,71.7
467,71.6
468,71.6
468,71.3
468,72.1
468,71.5
468,71.5
468,71.6
468,71.7
468,71.7
468,71.6
468,71.5
469,71.3
469,71.3
469,71.5
469,71.6
469,71.6
469,71.6
469,71.5
469,71.9
469,71.9
470,71.2
470,71.7
470,71.7
470,72.0
470,71.7
470,71.5
470,71.5
470,71.3
470,71.7
470,71.7
471,71.3
471,71.0
471,71.6
471,71.6
471,71.3
471,71.6
471,71.6
471,71.5
471,71.3
471,71.2
472,71.2
472,71.7
472,71.7
472,71.7
472,71.5
472,71.5
472,71.3
472,71.3
472,71.0
472,71.7
472,71.7
473,71.6
473,72.0
473,71.6
473,71.6
473,71.5
473,70.9
473,70.9
473,71.6
473,71.3
473,71.7
474,71.7
474,71.3
474,71.5
474,71.5
474,71.5
474,71.7
474,71.3
474,71.3
474,71.9
474,71.2
475,71.2
475,71.6
475,71.6
475,71.2
475,71.2
475,71.3
475,71.3
475,71.3
475,70.9
476,71.0
476,71.6
476,71.6
476,71.3
476,71.3
476,71.3
476,71.5
476,71.6
476,71.3
476,71.3
477,71.2
477,71.0
477,71.0
477,71.3
477,71.6
477,71.2
477,71.2
477,71.0
477,71.5
477,71.5
478,71.5
478,72.1
478,71.2
478,71.2
478,72.1
478,71.6
478,71.2
478,71.2
478,71.7
478,71.3
479,71.3
479,71.6
479,71.5
479,71.5
479,71.5
479,70.8
479,71.9
479,71.6
479,71.6
479,71.2
479,71.5
480,71.5
480,71.7
480,71.5
480,71.6
480,71.6
480,71.5
480,71.2
480,71.2
480,71.6
480,71.6
481,71.7
481,71.7
481,71.7
481,71.7
481,71.7
481,71.7
481,71.3
481,71.3
481,72.0
482,71.5
482,71.5
482,71.5
482,71.5
482,71.3
482,71.3
482,72.1
482,71.7
482,71.6
