0,0
0,0
0,55.6
0,55.6
0,55.4
0,55.6
0,56.4
0,56.4
0,56.3
0,55.6
0,55.9
1,55.9
1,56.6
1,55.0
1,55.0
1,55.9
1,56.1
1,55.4
1,55.4
1,56.3
1,56.1
2,56.1
2,55.6
2,55.3
2,55.8
2,55.8
2,55.8
2,55.3
2,56.8
2,56.8
2,55.8
2,55.6
3,55.6
3,55.4
3,55.4
3,55.4
3,56.4
3,55.9
3,55.1
3,55.1
3,56.3
3,55.6
4,55.6
4,55.8
4,55.8
4,55.9
4,55.9
4,55.9
4,56.1
4,56.1
4,55.9
5,55.3
5,55.8
5,55.8
5,55.3
5,55.3
5,55.3
5,56.3
5,55.0
5,55.9
5,55.9
6,56.6
6,56.3
6,56.3
6,55.9
6,55.8
6,55.1
6,55.1
6,55.3
6,56.3
6,56.3
7,56.3
7,55.3
7,55.9
7,55.9
7,55.9
7,55.4
7,55.4
7,56.3
7,55.8
7,55.4
8,55.4
8,55.9
8,56.3
8,56.3
8,55.9
8,56.6
8,56.1
8,56.1
8,55.8
8,55.8
9,55.8
9,56.3
9,56.1
9,55.8
9,55.8
9,56.1
9,55.4
9,55.4
9,55.4
10,56.3
10,56.4
10,56.4
10,55.9
10,55.6
10,55.6
10,56.9
10,56.1
10,56.1
10,56.1
11,55.9
11,55.9
11,55.9
11,56.6
11,55.8
11,56.1
11,56.1
11,56.3
11,55.9
11,55.9
11,56.6
12,56.3
12,55.8
12,55.8
12,56.6
12,56.4
12,56.4
12,55.6
12,56.6
12,56.6
12,56.6
13,56.1
13,56.4
13,56.4
13,55.6
13,56.6
13,55.9
13,55.9
13,56.4
13,56.3
13,56.3
14,56.4
14,56.6
14,56.3
14,56.3
14,56.9
14,56.1
14,56.1
14,56.6
14,56.1
14,56.4
15,56.4
15,56.3
15,56.1
15,56.1
15,56.4
15,56.8
15,56.1
15,56.1
15,56.6
15,56.3
16,56.3
16,56.6
16,56.6
16,56.3
16,56.3
16,56.6
16,56.4
16,56.4
16,56.4
17,56.4
17,56.6
17,56.6
17,56.4
17,56.8
17,56.8
17,56.6
17,55.9
17,55.8
17,55.8
18,56.6
18,56.8
18,56.8
18,56.8
18,56.3
18,56.1
18,56.1
18,55.9
18,57.1
18,57.1
18,55.4
19,56.3
19,56.6
19,56.6
19,56.1
19,56.6
19,56.6
19,56.8
19,56.3
19,55.8
19,55.8
20,56.6
20,56.9
20,56.9
20,56.6
20,56.1
20,56.1
20,56.4
20,56.4
20,56.1
20,56.1
21,57.1
21,56.4
21,56.4
21,55.8
21,56.3
21,56.8
21,56.8
21,56.3
21,56.4
21,56.4
22,57.6
22,56.8
22,56.8
22,56.8
22,56.8
22,56.4
22,56.4
22,55.9
22,55.9
22,56.8
23,56.8
23,56.8
23,57.1
23,57.1
23,56.9
23,56.4
23,56.9
23,56.9
23,56.9
24,56.6
24,56.8
24,56.8
24,56.8
24,56.1
24,56.1
24,56.8
24,56.9
24,56.9
24,56.9
25,56.6
25,56.4
25,56.4
25,57.4
25,56.9
25,56.1
25,56.1
25,56.4
25,56.6
25,56.6
26,56.3
26,56.9
26,57.1
26,57.1
26,57.1
26,56.4
26,56.1
26,56.1
26,56.3
26,56.4
26,56.4
27,57.6
27,56.4
27,56.4
27,57.6
27,57.6
27,56.1
27,56.1
27,56.6
27,56.3
27,56.3
28,56.9
28,56.6
28,56.4
28,56.4
28,56.6
28,56.9
28,57.2
28,57.2
28,56.8
28,56.6
29,56.6
29,57.1
29,56.9
29,56.4
29,56.4
29,56.9
29,57.2
29,57.2
29,56.6
29,56.3
30,56.6
30,56.6
30,56.6
30,57.6
30,57.6
30,56.9
30,56.6
30,57.1
30,57.1
31,56.4
31,57.1
31,57.1
31,57.2
31,56.9
31,57.2
31,57.2
31,56.9
31,57.2
31,57.2
32,56.9
32,57.4
32,57.1
32,57.1
32,56.6
32,57.1
32,57.1
32,57.4
32,57.1
32,57.4
33,57.4
33,57.4
33,56.8
33,56.8
33,56.8
33,57.4
33,57.6
33,57.6
33,56.9
33,57.2
33,57.2
34,56.9
34,57.4
34,56.9
34,56.9
34,56.6
34,56.8
34,56.8
34,57.6
34,57.1
34,57.4
35,57.4
35,57.7
35,56.9
35,56.9
35,57.1
35,57.2
35,57.1
35,57.1
35,56.3
35,56.9
36,56.9
36,56.8
36,57.2
36,56.4
36,56.4
36,57.1
36,56.9
36,56.9
36,57.1
36,56.6
37,57.4
37,57.4
37,57.1
37,57.7
37,57.7
37,57.4
37,57.4
37,57.4
37,57.4
38,57.2
38,56.9
38,56.9
38,57.2
38,57.2
38,57.2
38,56.9
38,57.6
38,57.4
38,57.4
39,56.9
39,56.9
39,56.9
39,57.6
39,57.1
39,57.4
39,57.4
39,57.2
39,57.2
39,57.2
40,56.8
40,57.4
40,56.6
40,56.6
40,56.9
40,57.4
40,57.4
40,56.9
40,57.2
40,57.4
41,57.4
41,56.9
41,57.1
41,57.1
41,57.1
41,57.6
41,57.4
41,57.4
41,57.4
41,57.4
42,57.4
42,56.8
42,57.2
42,57.2
42,57.1
42,57.2
42,57.2
42,57.2
42,57.2
42,57.2
42,57.2
43,57.7
43,57.2
43,57.6
43,57.6
43,56.9
43,56.9
43,56.9
43,57.1
43,57.1
43,57.6
44,57.6
44,57.1
44,57.2
44,57.7
44,57.7
44,57.4
44,57.4
44,57.4
44,57.6
45,57.7
45,57.9
45,57.9
45,57.2
45,57.1
45,57.1
45,56.9
45,56.9
45,57.6
45,57.6
46,57.2
46,57.1
46,57.1
46,57.9
46,57.2
46,57.1
46,57.1
46,57.2
46,57.4
46,57.4
47,57.7
47,57.4
47,57.6
47,57.6
47,57.6
47,57.2
47,57.2
47,56.9
47,57.6
47,57.9
48,57.9
48,57.4
48,57.4
48,57.4
48,58.1
48,57.6
48,57.6
48,57.4
48,57.9
48,58.2
49,58.2
49,56.3
49,56.9
49,56.9
49,57.4
49,57.4
49,57.6
49,57.6
49,57.7
49,57.2
50,57.2
50,58.1
50,57.9
50,57.9
50,56.9
50,57.7
50,57.2
50,57.2
50,57.9
50,57.4
50,57.4
51,57.9
51,58.2
51,57.9
51,57.9
51,57.7
51,58.2
51,58.2
51,57.1
51,58.1
51,57.1
52,57.1
52,57.6
52,57.6
52,57.6
52,57.9
52,57.9
52,57.2
52,57.6
52,57.6
53,56.9
53,57.6
53,57.6
53,58.2
53,57.1
53,57.6
53,57.6
53,57.6
53,57.2
53,57.2
54,57.6
54,57.4
54,57.4
54,57.2
54,57.2
54,57.2
54,57.2
54,57.4
54,57.6
54,57.6
55,57.6
55,57.7
55,57.2
55,57.2
55,57.7
55,58.1
55,58.1
55,57.9
55,57.4
55,58.1
56,58.1
56,57.9
56,57.1
56,57.1
56,57.9
56,58.1
56,58.2
56,58.2
56,58.1
56,57.6
57,57.6
57,57.7
57,58.1
57,56.9
57,56.9
57,57.4
57,57.7
57,57.7
57,57.6
58,58.1
58,57.4
58,57.4
58,56.9
58,57.7
58,57.7
58,57.6
58,57.1
58,58.2
58,58.2
59,57.2
59,57.9
59,57.9
59,57.9
59,57.9
59,58.6
59,58.6
59,57.6
59,58.1
59,58.1
59,57.4
59,57.4
60,57.4
60,57.6
60,57.2
60,58.2
60,58.2
60,57.7
60,57.6
60,57.6
60,57.6
61,57.6
61,57.6
61,57.6
61,58.1
61,58.4
61,58.4
61,57.2
61,58.1
61,57.6
61,57.6
62,57.9
62,57.7
62,57.6
62,57.6
62,58.1
62,57.7
62,57.6
62,57.6
62,57.6
62,57.6
63,57.6
63,57.9
63,57.1
63,58.4
63,58.4
63,58.1
63,57.7
63,57.7
63,57.9
63,57.7
64,57.7
64,57.9
64,57.6
64,58.2
64,58.2
64,57.9
64,57.2
64,57.2
64,57.6
65,57.6
65,57.7
65,57.7
65,58.2
65,58.1
65,58.1
65,58.1
65,58.1
65,57.4
65,57.4
66,57.7
66,57.6
66,57.6
66,57.6
66,57.7
66,57.6
66,57.6
66,57.7
66,58.1
66,58.1
66,57.4
66,57.7
67,57.7
67,57.6
67,57.9
67,58.2
67,58.2
67,57.7
67,57.6
67,57.6
67,57.7
68,58.1
68,58.6
68,58.6
68,57.2
68,57.6
68,58.1
68,58.1
68,57.2
68,57.2
68,57.2
69,57.9
69,57.2
69,58.4
69,58.4
69,57.4
69,57.6
69,57.6
69,57.1
69,58.2
69,58.4
70,58.4
70,57.9
70,57.6
70,57.6
70,56.9
70,57.6
70,58.6
70,58.6
70,58.1
70,57.1
71,57.1
71,57.9
71,58.1
71,58.1
71,57.9
71,57.4
71,57.6
71,57.6
71,58.1
71,58.2
72,58.2
72,58.2
72,57.9
72,58.6
72,58.6
72,58.4
72,57.9
72,57.9
72,58.1
72,57.7
73,57.7
73,57.7
73,57.6
73,57.9
73,57.9
73,58.4
73,57.4
73,57.4
73,57.6
74,57.9
74,58.6
74,58.6
74,57.6
74,57.9
74,58.1
74,58.1
74,58.1
74,57.7
74,58.2
74,58.2
75,57.9
75,57.7
75,57.7
75,57.7
75,57.4
75,57.9
75,57.9
75,57.4
75,57.7
75,57.7
76,57.6
76,58.1
76,57.1
76,57.1
76,57.7
76,57.9
76,57.9
76,57.9
76,57.7
76,57.9
77,57.9
77,58.1
77,57.6
77,57.6
77,58.2
77,57.7
77,58.2
77,58.2
77,58.1
77,57.7
78,57.7
78,57.7
78,57.9
78,58.2
78,58.2
78,58.2
78,58.1
78,58.1
78,58.2
78,57.6
79,57.7
79,57.7
79,57.4
79,57.7
79,57.7
79,58.1
79,58.4
79,58.4
79,58.2
80,57.7
80,57.9
80,57.9
80,58.4
80,58.4
80,58.4
80,57.9
80,58.1
80,57.9
80,57.9
81,57.9
81,59.2
81,59.2
81,58.2
81,58.1
81,57.9
81,57.9
81,58.1
81,57.9
81,57.9
82,58.2
82,57.9
82,57.9
82,57.9
82,58.2
82,58.1
82,58.1
82,57.9
82,57.7
82,58.1
83,58.1
83,57.9
83,57.6
83,57.6
83,58.2
83,58.2
83,58.1
83,58.1
83,57.2
83,57.2
83,57.2
84,57.9
84,57.9
84,58.4
84,58.4
84,58.2
84,57.9
84,57.9
84,57.9
84,58.2
84,58.2
85,57.9
85,57.2
85,57.9
85,57.9
85,57.7
85,57.9
85,57.9
85,58.2
85,57.9
85,57.6
86,57.6
86,57.7
86,57.7
86,57.7
86,57.2
86,58.4
86,58.4
86,58.4
86,57.9
86,57.7
87,57.7
87,58.1
87,58.9
87,58.2
87,58.2
87,57.6
87,58.1
87,58.1
87,58.2
87,57.9
88,57.9
88,57.9
88,58.4
88,57.6
88,57.6
88,58.4
88,57.9
88,57.9
88,58.1
89,57.7
89,57.1
89,57.1
89,58.2
89,57.9
89,57.9
89,57.9
89,58.1
89,58.2
89,58.2
90,58.2
90,57.9
90,57.9
90,57.6
90,59.1
90,57.7
90,57.7
90,58.2
90,57.9
90,57.9
91,57.4
91,58.2
91,58.2
91,57.9
91,57.4
91,58.2
91,58.2
91,58.1
91,57.6
91,57.6
92,57.6
92,57.9
92,57.4
92,57.4
92,57.4
92,58.4
92,58.4
92,57.9
92,57.9
92,58.2
93,58.2
93,58.6
93,57.4
93,57.4
93,58.2
93,58.1
93,58.1
93,58.1
93,58.4
93,58.6
93,58.6
94,58.1
94,58.6
94,58.1
94,58.1
94,58.2
94,58.4
94,58.2
94,58.2
94,58.7
94,58.1
95,58.1
95,58.4
95,58.1
95,58.2
95,58.2
95,58.7
95,57.7
95,57.7
95,58.1
96,57.7
96,57.7
96,57.7
96,58.2
96,58.4
96,58.4
96,57.2
96,58.2
96,57.7
96,57.7
97,57.9
97,58.1
97,58.1
97,58.4
97,58.2
97,57.6
97,57.6
97,58.2
97,58.4
97,58.4
98,57.6
98,58.2
98,58.2
98,58.2
98,57.9
98,58.1
98,58.1
98,57.7
98,58.4
98,58.4
99,58.9
99,57.4
99,57.6
99,57.6
99,58.2
99,58.6
99,57.9
99,57.9
99,58.4
99,57.4
99,57.2
100,57.2
100,57.9
100,57.6
100,57.6
100,57.7
100,58.4
100,58.2
100,58.2
100,58.4
100,57.7
101,57.7
101,58.1
101,58.1
101,57.7
101,57.7
101,57.7
101,57.7
101,57.7
101,58.2
101,57.9
102,57.9
102,57.9
102,57.7
102,58.1
102,58.1
102,57.7
102,58.2
102,57.9
102,57.9
103,57.7
103,58.2
103,58.2
103,57.9
103,58.2
103,58.6
103,58.6
103,57.9
103,57.9
103,57.9
104,57.6
104,57.7
104,57.6
104,57.6
104,58.4
104,58.1
104,58.1
104,57.6
104,58.6
104,58.4
105,58.4
105,58.1
105,58.1
105,58.1
105,58.2
105,59.1
105,58.4
105,58.4
105,57.7
105,57.7
106,57.7
106,58.1
106,58.4
106,57.7
106,57.7
106,58.1
106,58.2
106,58.2
106,58.7
106,58.6
107,58.6
107,58.6
107,58.1
107,58.4
107,58.4
107,58.1
107,58.1
107,58.9
107,58.9
107,58.6
107,58.9
108,58.9
108,57.9
108,58.7
108,58.9
108,58.9
108,58.1
108,58.4
108,58.4
108,58.9
109,58.7
109,57.7
109,57.7
109,58.6
109,58.6
109,58.6
109,58.6
109,58.2
109,58.1
109,58.1
110,57.9
110,58.2
110,58.2
110,58.4
110,58.2
110,57.4
110,57.4
110,58.4
110,58.1
110,58.1
111,57.9
111,58.1
111,58.1
111,58.6
111,58.7
111,58.1
111,58.1
111,57.9
111,58.9
111,58.9
112,58.6
112,58.6
112,58.7
112,58.7
112,58.1
112,58.4
112,58.4
112,58.1
112,58.2
112,58.1
113,58.1
113,58.1
113,58.6
113,58.6
113,57.9
113,58.2
113,58.1
113,58.1
113,58.6
113,58.6
114,58.2
114,58.2
114,58.1
114,57.6
114,57.6
114,58.7
114,58.2
114,58.4
114,58.4
114,57.9
114,58.1
115,58.1
115,58.7
115,58.1
115,58.4
115,58.4
115,58.6
115,58.1
115,58.1
115,58.7
115,57.9
116,58.2
116,58.2
116,58.4
116,58.4
116,58.4
116,57.7
116,57.9
116,58.2
116,58.2
117,58.4
117,57.9
117,57.9
117,57.9
117,58.2
117,58.6
117,58.6
117,58.4
117,57.9
117,57.9
118,58.4
118,58.6
118,57.9
118,57.9
118,57.6
118,58.6
118,58.6
118,58.7
118,57.9
118,58.7
119,58.7
119,58.4
119,58.7
119,58.7
119,58.7
119,59.4
119,57.7
119,57.7
119,58.1
119,58.6
120,58.6
120,58.4
120,58.7
120,58.7
120,58.7
120,58.9
120,58.9
120,58.9
120,58.1
121,58.7
121,58.4
121,58.4
121,57.9
121,57.9
121,57.9
121,58.4
121,58.9
121,58.2
121,58.2
121,58.2
121,57.7
122,58.6
122,58.6
122,58.6
122,58.6
122,58.6
122,58.2
122,58.4
122,58.6
122,58.6
123,57.9
123,58.4
123,58.4
123,58.2
123,58.6
123,57.9
123,57.9
123,58.7
123,58.7
123,58.7
124,58.4
124,58.7
124,58.4
124,58.4
124,58.4
124,58.2
124,58.7
124,58.7
124,57.6
125,58.7
125,58.9
125,58.9
125,57.9
125,58.4
125,58.4
125,58.7
125,58.6
125,58.4
125,58.4
126,58.7
126,58.6
126,58.6
126,58.4
126,58.2
126,58.2
126,58.2
126,59.1
126,58.7
126,58.7
126,58.7
127,57.9
127,58.4
127,58.4
127,58.4
127,58.2
127,58.2
127,58.2
127,58.7
127,58.9
127,58.9
128,58.7
128,58.7
128,58.6
128,58.6
128,57.7
128,58.1
128,58.1
128,58.6
128,58.7
128,59.1
129,59.1
129,58.2
129,58.4
129,58.4
129,58.4
129,58.2
129,58.2
129,58.6
129,58.2
129,58.6
130,58.6
130,58.4
130,58.2
130,58.7
130,58.7
130,58.1
130,57.9
130,57.9
130,58.2
130,58.6
131,58.2
131,58.2
131,58.7
131,58.4
131,58.4
131,58.4
131,58.2
131,58.6
131,58.6
132,58.6
132,58.6
132,58.6
132,57.6
132,58.2
132,58.4
132,58.4
132,58.7
132,58.6
132,57.9
133,57.9
133,58.2
133,58.4
133,58.4
133,58.6
133,58.7
133,58.9
133,58.9
133,58.4
133,58.2
133,58.2
134,59.1
134,58.6
134,58.4
134,58.4
134,59.2
134,58.4
134,58.4
134,58.1
134,58.1
134,58.9
135,58.9
135,58.4
135,58.7
135,58.7
135,58.7
135,58.1
135,58.1
135,58.1
135,58.4
135,58.1
136,58.1
136,58.1
136,58.9
136,57.9
136,57.9
136,58.9
136,58.1
136,58.1
136,58.4
136,59.1
137,58.9
137,58.9
137,58.7
137,58.9
137,58.9
137,58.9
137,58.4
137,58.4
137,57.9
138,58.4
138,58.4
138,58.4
138,58.9
138,58.6
138,58.6
138,58.4
138,58.2
138,58.9
138,58.9
139,58.4
139,58.2
139,58.2
139,58.2
139,58.7
139,59.2
139,59.2
139,58.4
139,58.4
139,58.4
140,58.4
140,58.4
140,58.4
140,58.4
140,58.1
140,57.7
140,57.7
140,58.6
140,57.9
140,58.7
141,58.7
141,58.4
141,58.2
141,58.2
141,58.4
141,58.6
141,58.9
141,58.9
141,58.7
141,59.1
141,59.1
142,58.4
142,58.9
142,58.4
142,58.4
142,58.4
142,57.7
142,57.7
142,58.2
142,58.6
142,57.9
143,57.9
143,58.1
143,57.9
143,58.1
143,58.1
143,59.4
143,58.7
143,58.7
143,58.9
143,58.2
144,58.9
144,58.9
144,58.2
144,57.9
144,57.9
144,58.7
144,58.6
144,58.4
144,58.4
145,59.1
145,58.6
145,58.6
145,58.6
145,58.1
145,58.2
145,58.2
145,59.1
145,58.2
145,58.2
146,57.7
146,58.7
146,58.2
146,58.2
146,59.1
146,58.7
146,58.7
146,58.2
146,58.7
146,58.2
147,58.2
147,58.7
147,58.6
147,58.6
147,58.6
147,59.4
147,58.4
147,58.4
147,58.6
147,58.4
148,58.4
148,58.4
148,58.1
148,58.9
148,58.9
148,58.6
148,58.7
148,58.7
148,57.7
148,57.9
148,58.4
149,58.4
149,58.2
149,58.2
149,58.2
149,58.7
149,57.7
149,57.7
149,57.7
149,58.1
150,58.7
150,59.4
150,59.4
150,58.7
150,58.6
150,58.6
150,58.6
150,57.9
150,58.7
150,58.7
151,58.9
151,58.2
151,58.1
151,58.1
151,59.5
151,58.2
151,58.4
151,58.4
151,58.6
151,58.6
152,58.6
152,57.7
152,58.9
152,57.7
152,57.7
152,58.1
152,59.2
152,59.2
152,58.2
152,58.2
152,58.2
153,58.2
153,58.6
153,59.1
153,59.1
153,58.4
153,58.9
153,57.9
153,57.9
153,58.1
153,59.1
154,59.1
154,58.1
154,58.9
154,59.4
154,59.4
154,58.9
154,59.4
154,59.4
154,58.4
154,58.9
155,57.9
155,57.9
155,58.9
155,59.4
155,59.4
155,58.6
155,59.5
155,58.1
155,58.1
156,58.6
156,58.1
156,58.1
156,58.6
156,58.1
156,58.1
156,58.1
156,58.2
156,58.1
156,58.1
157,58.6
157,58.4
157,58.4
157,58.4
157,59.1
157,58.9
157,58.9
157,58.1
157,58.9
157,58.9
158,58.9
158,58.7
158,58.7
158,58.7
158,59.1
158,59.2
158,58.6
158,58.6
158,58.6
158,58.9
159,58.9
159,58.4
159,58.9
159,58.4
159,58.4
159,58.7
159,58.7
159,58.7
159,58.1
159,58.6
159,58.6
160,58.6
160,59.1
160,58.4
160,58.4
160,59.1
160,58.2
160,58.9
160,58.9
160,58.4
160,58.9
161,58.9
161,59.1
161,58.4
161,58.6
161,58.6
161,58.4
161,58.6
161,58.6
161,58.9
161,58.6
162,58.7
162,58.7
162,58.7
162,59.1
162,59.1
162,58.7
162,58.6
162,58.6
162,58.4
163,58.9
163,59.1
163,59.1
163,58.7
163,58.1
163,58.1
163,58.6
163,58.4
163,57.9
163,57.9
164,58.7
164,58.7
164,59.1
164,59.1
164,58.6
164,58.4
164,58.4
164,59.2
164,58.2
164,58.7
165,58.7
165,58.7
165,58.9
165,58.9
165,59.1
165,59.2
165,58.2
165,58.2
165,58.6
165,58.6
166,58.6
166,58.7
166,58.2
166,58.2
166,58.2
166,58.9
166,58.6
166,58.7
166,58.7
166,57.7
166,58.4
167,58.4
167,58.9
167,58.9
167,58.4
167,58.4
167,58.7
167,58.2
167,58.2
167,59.1
167,59.4
168,58.6
168,58.6
168,58.2
168,58.1
168,58.1
168,58.1
168,58.6
168,58.6
168,58.6
169,58.9
169,59.2
169,59.2
169,58.2
169,58.4
169,58.1
169,58.1
169,58.4
169,58.9
169,58.9
170,58.4
170,59.4
170,58.7
170,58.7
170,58.9
170,59.2
170,59.2
170,59.1
170,58.7
170,58.6
171,58.6
171,59.1
171,57.2
171,57.2
171,57.9
171,59.1
171,58.2
171,58.2
171,58.9
171,59.2
172,59.2
172,59.2
172,58.9
172,58.4
172,58.4
172,58.4
172,58.2
172,58.2
172,58.2
173,58.6
173,59.1
173,59.1
173,58.7
173,58.2
173,58.2
173,58.6
173,58.2
173,59.5
173,59.5
173,58.7
173,59.1
174,59.1
174,58.2
174,58.9
174,59.1
174,59.1
174,58.7
174,59.1
174,59.1
174,58.1
175,59.2
175,58.4
175,58.4
175,58.4
175,59.1
175,59.1
175,59.2
175,58.9
175,58.7
175,58.7
176,59.4
176,59.2
176,59.2
176,59.4
176,58.1
176,58.9
176,58.9
176,59.1
176,58.7
176,58.7
177,58.1
177,58.9
177,59.5
177,59.5
177,59.1
177,58.2
177,58.2
177,59.1
177,59.2
177,58.4
178,58.4
178,59.2
178,58.7
178,58.7
178,58.2
178,58.4
178,59.2
178,59.2
178,58.4
178,58.7
179,58.7
179,58.9
179,58.2
179,58.1
179,58.1
179,58.7
179,58.7
179,58.7
179,58.6
180,59.1
180,58.7
180,58.7
180,58.9
180,58.2
180,58.2
180,58.9
180,58.2
180,59.1
180,59.1
180,58.2
180,58.7
181,58.7
181,58.4
181,58.2
181,59.1
181,59.1
181,58.9
181,58.9
181,58.9
181,59.2
182,58.6
182,58.7
182,58.7
182,58.9
182,59.1
182,59.1
182,58.2
182,58.4
182,58.2
182,58.2
183,59.1
183,58.4
183,58.4
183,58.9
183,58.9
183,59.2
183,59.2
183,59.4
183,58.6
183,58.6
184,59.2
184,58.6
184,58.6
184,58.6
184,58.7
184,58.7
184,58.7
184,58.4
184,59.4
184,59.2
185,59.2
185,58.7
185,58.4
185,58.4
185,58.6
185,59.2
185,59.1
185,59.1
185,59.4
185,59.1
186,59.1
186,59.2
186,58.9
186,58.7
186,58.7
186,58.2
186,58.9
186,58.9
186,58.1
187,58.4
187,58.2
187,58.2
187,58.9
187,59.1
187,59.1
187,58.6
187,58.6
187,58.4
187,58.4
188,59.1
188,58.6
188,58.6
188,58.4
188,58.4
188,58.6
188,58.6
188,58.2
188,58.1
188,58.1
188,59.2
188,59.2
189,58.7
189,58.7
189,59.4
189,58.9
189,58.9
189,58.7
189,58.6
189,58.6
189,58.4
190,58.6
190,59.1
190,59.1
190,57.9
190,58.7
190,58.7
190,58.9
190,58.7
190,58.1
190,58.1
191,58.2
191,58.6
191,58.6
191,58.9
191,58.1
191,58.7
191,58.7
191,59.4
191,57.7
191,57.7
192,58.6
192,59.1
192,59.1
192,59.1
192,58.9
192,58.4
192,58.4
192,58.9
192,58.6
192,58.7
193,58.7
193,58.7
193,58.6
193,58.6
193,58.4
193,58.6
193,58.4
193,58.4
193,59.1
193,58.4
194,58.4
194,58.6
194,59.4
194,59.1
194,59.1
194,58.9
194,58.7
194,58.7
194,58.9
195,58.1
195,59.1
195,59.1
195,58.4
195,58.2
195,58.2
195,59.1
195,58.7
195,57.9
195,57.9
196,58.7
196,58.7
196,58.7
196,59.2
196,58.6
196,59.1
196,59.1
196,58.7
196,59.2
196,59.2
197,58.1
197,59.1
197,59.2
197,59.2
197,58.7
197,58.6
197,58.6
197,58.1
197,58.9
197,59.7
197,59.7
198,58.7
198,57.9
198,57.9
198,58.7
198,58.2
198,59.2
198,59.2
198,58.4
198,59.2
198,59.2
199,58.2
199,58.9
199,59.1
199,59.1
199,58.6
199,58.2
199,58.2
199,58.9
199,59.4
199,59.2
200,59.2
200,58.9
200,58.6
200,58.6
200,58.1
200,58.4
200,58.2
200,58.2
200,59.4
200,58.9
201,58.9
201,59.1
201,57.9
201,58.1
201,58.1
201,58.4
201,58.4
201,58.7
201,58.7
202,59.4
202,58.1
202,58.4
202,58.4
202,58.9
202,59.1
202,59.1
202,58.9
202,59.1
202,59.1
203,58.9
203,59.1
203,58.2
203,58.2
203,58.6
203,58.7
203,58.4
203,58.4
203,59.1
203,58.6
203,58.6
204,58.7
204,58.4
204,58.6
204,58.6
204,58.2
204,59.2
204,59.2
204,58.9
204,59.4
204,58.9
205,58.9
205,58.4
205,58.9
205,58.9
205,58.6
205,58.7
205,58.6
205,58.6
205,59.1
205,58.4
206,58.4
206,58.6
206,58.9
206,59.1
206,59.1
206,58.7
206,58.7
206,58.7
206,58.4
206,59.4
207,58.2
207,58.2
207,58.9
207,58.4
207,58.4
207,58.4
207,58.7
207,58.9
207,58.9
208,58.6
208,58.6
208,58.7
208,58.7
208,59.1
208,58.7
208,58.7
208,59.4
208,59.2
208,58.4
208,58.4
209,58.7
209,58.7
209,58.7
209,58.6
209,58.4
209,58.6
209,58.6
209,59.1
209,59.1
209,59.1
210,58.7
210,58.2
210,58.6
210,58.6
210,58.9
210,58.9
210,58.9
210,58.6
210,59.7
210,58.6
211,58.6
211,58.7
211,58.2
211,58.2
211,59.1
211,58.6
211,58.7
211,58.7
211,58.6
211,58.9
212,58.9
212,58.4
212,58.6
212,58.6
212,58.6
212,58.1
212,58.6
212,58.6
212,58.9
212,59.1
213,59.2
213,59.2
213,59.1
213,58.7
213,58.7
213,59.2
213,59.2
213,58.9
213,58.9
214,58.6
214,58.9
214,58.9
214,58.7
214,58.7
214,58.7
214,59.1
214,59.4
214,58.9
214,58.9
215,59.1
215,58.4
215,58.7
215,58.7
215,59.1
215,58.7
215,58.7
215,59.2
215,58.4
215,58.4
216,59.1
216,58.7
216,58.7
216,58.7
216,59.2
216,59.1
216,59.1
216,58.6
216,58.9
216,59.4
217,59.4
217,59.1
217,58.9
217,58.9
217,58.2
217,58.6
217,59.2
217,59.2
217,59.1
217,59.2
218,59.2
218,58.9
218,58.9
218,58.9
218,58.7
218,59.4
218,58.9
218,58.9
218,58.6
218,59.2
218,59.2
219,59.5
219,58.6
219,58.7
219,58.7
219,58.4
219,59.2
219,59.2
219,58.4
219,58.9
219,58.2
220,58.2
220,58.9
220,58.7
220,58.7
220,58.9
220,58.6
220,59.1
220,59.1
220,59.2
220,59.1
221,59.1
221,58.4
221,58.1
221,58.1
221,58.2
221,58.1
221,58.7
221,58.7
221,58.7
221,59.2
222,59.2
222,59.1
222,58.6
222,59.1
222,59.1
222,59.2
222,58.6
222,58.6
222,59.1
223,58.6
223,58.4
223,58.4
223,59.4
223,58.7
223,58.7
223,59.2
223,58.9
223,58.6
223,58.6
224,58.9
224,58.6
224,58.6
224,59.5
224,58.7
224,58.7
224,58.7
224,59.2
224,59.1
224,59.1
225,58.6
225,59.1
225,58.6
225,58.6
225,58.6
225,59.5
225,59.5
225,59.1
225,59.7
225,58.2
226,58.2
226,59.4
226,59.1
226,59.1
226,58.7
226,59.1
226,59.1
226,58.9
226,58.2
226,59.2
227,59.2
227,58.2
227,59.1
227,59.1
227,59.4
227,58.2
227,58.9
227,58.9
227,58.1
227,58.6
228,58.6
228,58.6
228,58.9
228,58.9
228,58.9
228,58.9
228,58.9
228,58.9
228,59.2
229,58.6
229,58.9
229,58.9
229,58.6
229,59.2
229,59.2
229,59.4
229,58.4
229,58.7
229,58.7
229,58.7
229,59.4
230,59.4
230,58.7
230,59.1
230,59.1
230,59.1
230,58.9
230,58.9
230,58.9
230,58.6
231,59.2
231,59.4
231,59.4
231,59.1
231,59.4
231,59.4
231,58.9
231,58.6
231,58.9
231,58.9
232,58.7
232,59.2
232,59.2
232,58.9
232,59.1
232,59.1
232,58.2
232,59.1
232,59.4
232,59.4
233,58.7
233,58.7
233,58.7
233,58.2
233,58.6
233,58.4
233,58.4
233,59.1
233,58.9
233,58.9
234,59.1
234,58.7
234,59.4
234,59.4
234,58.7
234,58.9
234,58.9
234,58.6
234,59.1
234,59.1
235,59.1
235,59.2
235,58.4
235,58.6
235,58.6
235,58.9
235,59.2
235,59.2
235,59.1
235,58.9
236,58.9
236,58.9
236,59.2
236,58.2
236,58.2
236,59.4
236,59.1
236,59.1
236,59.4
237,59.2
237,58.9
237,58.9
237,59.1
237,58.9
237,58.9
237,58.4
237,59.2
237,59.1
237,59.1
238,58.4
238,58.9
238,58.9
238,59.1
238,59.2
238,59.4
238,59.4
238,58.7
238,58.9
238,58.9
238,58.9
239,59.5
239,59.2
239,59.2
239,59.2
239,58.9
239,58.7
239,58.7
239,58.4
239,58.9
239,59.1
240,59.1
240,58.6
240,58.9
240,59.4
240,59.4
240,59.2
240,59.1
240,59.4
240,59.4
241,58.9
241,59.1
241,59.1
241,59.2
241,58.9
241,58.4
241,58.4
241,59.2
241,58.6
241,58.6
242,58.6
242,59.2
242,59.2
242,58.4
242,59.1
242,59.2
242,59.2
242,58.1
242,59.2
242,59.2
242,58.7
243,58.4
243,59.5
243,59.5
243,59.2
243,59.1
243,59.1
243,58.7
243,58.7
243,58.6
243,58.6
244,59.2
244,59.2
244,59.2
244,58.2
244,58.6
244,58.7
244,58.7
244,58.9
244,58.7
244,58.7
245,59.5
245,59.1
245,58.1
245,58.1
245,58.2
245,58.7
245,58.7
245,58.7
245,58.9
245,58.7
246,58.7
246,59.2
246,58.9
246,58.9
246,59.4
246,59.2
246,59.1
246,59.1
246,59.2
246,59.4
247,59.4
247,59.4
247,59.1
247,58.9
247,58.9
247,58.7
247,58.6
247,58.6
247,59.7
247,58.4
248,58.6
248,58.6
248,58.9
248,59.1
248,59.1
248,59.4
248,59.1
248,59.1
248,59.1
249,58.9
249,59.1
249,59.1
249,58.4
249,58.7
249,59.5
249,59.5
249,59.4
249,58.6
249,58.6
250,58.7
250,58.2
250,59.2
250,59.2
250,59.7
250,58.7
250,58.7
250,58.4
250,58.4
250,59.4
250,59.4
251,59.2
251,59.4
251,59.4
251,58.6
251,58.9
251,58.9
251,58.9
251,59.4
251,58.6
251,58.6
252,58.7
252,59.1
252,59.1
252,59.1
252,59.2
252,58.4
252,58.4
252,58.9
252,59.1
252,58.6
253,58.6
253,58.9
253,59.5
253,59.5
253,58.9
253,58.6
253,59.5
253,59.5
253,59.2
253,58.9
254,58.9
254,59.2
254,58.6
254,58.6
254,58.9
254,59.2
254,58.9
254,58.9
254,58.9
254,58.7
255,58.7
255,58.7
255,58.6
255,58.4
255,58.4
255,59.1
255,58.7
255,58.7
255,59.7
255,58.6
256,59.1
256,59.1
256,59.2
256,59.1
256,59.1
256,58.7
256,58.6
256,58.6
256,58.6
257,58.9
257,59.7
257,59.7
257,58.7
257,58.7
257,59.2
257,59.2
257,59.1
257,58.7
257,58.7
258,58.4
258,58.7
258,59.2
258,59.2
258,58.9
258,59.2
258,59.2
258,59.4
258,58.9
258,59.5
258,59.5
259,58.6
259,58.7
259,58.7
259,59.2
259,58.6
259,59.2
259,59.2
259,58.7
259,58.9
259,58.9
260,58.1
260,58.4
260,58.4
260,59.4
260,59.2
260,59.1
260,59.1
260,59.1
260,58.9
260,59.1
261,59.1
261,59.2
261,59.4
261,59.4
261,58.6
261,58.6
261,58.7
261,58.7
261,58.6
261,58.7
262,58.7
262,58.7
262,58.9
262,58.9
262,59.2
262,58.9
262,58.9
262,58.9
262,58.4
262,59.2
263,59.4
263,59.4
263,59.5
263,58.9
263,58.9
263,59.4
263,58.9
263,58.9
263,58.9
264,58.7
264,59.1
264,59.1
264,58.7
264,58.2
264,59.4
264,59.4
264,59.5
264,59.2
264,59.2
265,58.6
265,59.5
265,58.9
265,58.9
265,58.4
265,58.6
265,58.6
265,58.9
265,58.4
265,59.1
266,59.1
266,58.9
266,59.4
266,59.4
266,58.9
266,58.9
266,58.4
266,58.4
266,58.6
266,58.7
266,58.7
267,59.4
267,58.7
267,58.7
267,59.2
267,58.7
267,58.7
267,58.7
267,59.4
267,59.1
267,59.5
268,59.5
268,59.5
268,59.2
268,59.2
268,59.5
268,58.6
268,58.6
268,58.6
268,58.4
268,59.4
269,59.4
269,59.5
269,58.4
269,58.6
269,58.6
269,59.2
269,58.9
269,58.9
269,59.1
269,58.9
270,58.4
270,58.4
270,58.6
270,59.1
270,59.1
270,59.1
270,59.1
270,58.9
270,58.9
271,59.4
271,58.7
271,58.7
271,59.1
271,58.6
271,58.6
271,59.1
271,59.2
271,59.4
271,59.4
272,59.7
272,58.6
272,58.6
272,58.9
272,58.7
272,59.1
272,59.1
272,59.7
272,59.4
272,59.4
273,59.1
273,58.6
273,59.2
273,59.2
273,58.4
273,58.4
273,59.5
273,59.5
273,58.9
273,58.6
274,58.6
274,58.9
274,59.4
274,58.9
274,58.9
274,59.1
274,58.9
274,58.9
274,58.7
274,59.1
274,58.7
275,58.7
275,59.2
275,58.7
275,58.7
275,58.9
275,58.7
275,58.2
275,58.2
275,58.9
275,59.2
276,59.2
276,59.1
276,59.4
276,58.7
276,58.7
276,59.2
276,59.4
276,59.2
276,59.2
277,59.2
277,58.7
277,59.4
277,59.4
277,59.1
277,58.7
277,58.7
277,59.2
277,59.4
277,58.9
278,58.9
278,59.2
278,59.1
278,59.1
278,59.1
278,59.1
278,58.7
278,58.7
278,59.2
278,58.9
279,58.9
279,58.7
279,58.6
279,59.2
279,59.2
279,59.1
279,59.7
279,59.7
279,58.4
279,59.5
279,59.5
280,58.7
280,58.4
280,58.6
280,58.6
280,59.5
280,58.7
280,58.7
280,59.1
280,59.1
280,59.2
281,59.2
281,59.4
281,59.5
281,59.5
281,58.9
281,59.5
281,58.7
281,58.7
281,58.9
281,58.9
282,58.9
282,59.1
282,59.2
282,59.7
282,59.7
282,59.1
282,58.6
282,58.6
282,59.2
282,58.6
283,58.9
283,58.9
283,59.4
283,59.5
283,59.5
283,58.9
283,59.1
283,59.1
283,58.6
284,58.4
284,59.2
284,59.2
284,59.2
284,59.2
284,59.2
284,59.4
284,59.1
284,59.4
284,59.4
285,58.9
285,59.4
285,59.4
285,59.2
285,58.6
285,59.1
285,59.1
285,59.2
285,58.9
285,58.9
286,59.4
286,59.1
286,59.7
286,59.7
286,58.9
286,59.1
286,59.1
286,59.4
286,58.9
286,59.2
287,59.2
287,59.2
287,59.7
287,59.7
287,59.5
287,59.4
287,58.4
287,58.4
287,58.2
287,58.7
288,58.4
288,58.4
288,59.2
288,59.5
288,59.5
288,59.5
288,58.9
288,58.9
288,59.5
288,58.9
288,58.6
289,58.6
289,58.4
289,59.5
289,59.5
289,59.1
289,58.9
289,58.9
289,59.5
290,59.1
290,59.2
290,59.2
290,59.4
290,59.5
290,59.5
290,59.1
290,59.2
290,59.2
290,59.2
290,58.6
290,58.9
291,58.9
291,59.1
291,59.4
291,59.4
291,59.4
291,59.2
291,59.2
291,59.2
291,58.7
291,58.9
292,58.9
292,58.2
292,59.1
292,58.9
292,58.9
292,58.2
292,58.2
292,58.9
292,58.9
293,59.1
293,58.9
293,58.9
293,59.2
293,58.9
293,59.2
293,59.2
293,59.5
293,58.7
293,58.7
294,59.5
294,59.1
294,59.7
294,59.7
294,58.9
294,58.9
294,58.9
294,58.6
294,59.5
294,59.5
295,59.9
295,58.9
295,58.9
295,58.9
295,59.2
295,58.7
295,58.7
295,59.9
295,59.7
295,59.1
296,59.1
296,59.5
296,58.6
296,58.6
296,59.4
296,59.5
296,59.5
296,59.5
296,59.5
296,58.7
297,58.7
297,58.6
297,59.4
297,59.2
297,59.2
297,59.5
297,59.2
297,59.2
297,59.5
297,58.9
297,59.9
298,59.9
298,58.6
298,59.1
298,59.7
298,59.7
298,58.9
298,59.4
298,59.4
298,58.7
298,59.7
299,59.7
299,59.1
299,59.4
299,59.7
299,59.7
299,59.1
299,58.6
299,58.6
299,59.5
300,59.1
300,59.2
300,59.2
300,59.5
300,58.4
300,58.4
300,59.2
300,59.4
300,58.4
300,58.4
301,59.4
301,59.9
301,59.9
301,59.1
301,59.4
301,58.6
301,58.6
301,59.1
301,60.0
301,60.0
302,59.5
302,59.2
302,58.1
302,58.1
302,58.4
302,59.5
302,59.5
302,59.2
302,58.6
302,58.4
303,58.4
303,59.5
303,59.7
303,59.7
303,59.7
303,59.4
303,59.2
303,59.2
303,59.9
304,59.2
304,59.4
304,59.4
304,58.9
304,59.5
304,59.5
304,60.0
304,59.4
304,59.2
304,59.2
304,59.5
304,60.0
305,60.0
305,58.6
305,59.1
305,58.6
305,58.6
305,58.9
305,58.9
305,58.9
305,59.9
305,58.6
306,59.5
306,59.5
306,59.2
306,59.2
306,59.2
306,59.5
306,58.9
306,59.5
306,59.5
307,59.1
307,59.4
307,59.4
307,59.2
307,59.7
307,59.2
307,59.2
307,59.5
307,58.9
307,58.9
308,58.7
308,58.4
308,59.1
308,59.1
308,59.4
308,58.4
308,58.4
308,58.9
308,59.4
308,59.7
309,59.7
309,58.9
309,58.6
309,58.6
309,59.1
309,59.4
309,59.4
309,59.4
309,58.9
309,59.1
310,59.1
310,59.4
310,59.2
310,59.4
310,59.4
310,59.1
310,59.2
310,59.2
310,59.1
311,58.9
311,58.4
311,58.4
311,59.4
311,59.1
311,59.1
311,59.1
311,58.9
311,58.7
311,58.7
312,58.7
312,59.2
312,59.2
312,59.4
312,58.9
312,59.1
312,59.1
312,59.1
312,58.7
312,58.7
312,59.4
312,59.1
313,59.5
313,59.5
313,59.1
313,58.6
313,58.6
313,59.4
313,59.7
313,59.7
313,59.1
314,59.2
314,59.1
314,59.1
314,59.1
314,59.2
314,59.2
314,59.2
314,59.4
314,59.7
314,59.7
315,59.2
315,59.5
315,59.5
315,59.2
315,59.1
315,59.2
315,59.2
315,58.7
315,59.2
315,59.2
316,58.6
316,59.2
316,58.9
316,58.9
316,59.1
316,59.1
316,58.9
316,58.9
316,58.9
316,58.7
317,59.2
317,59.2
317,59.5
317,59.4
317,59.4
317,58.9
317,59.7
317,59.1
317,59.1
318,58.6
318,59.2
318,59.2
318,58.9
318,58.9
318,59.4
318,59.4
318,58.6
318,58.9
318,58.9
318,58.6
319,59.2
319,59.1
319,59.1
319,58.6
319,58.9
319,59.4
319,59.4
319,58.9
319,58.9
319,58.9
320,58.9
320,58.9
320,59.4
320,59.4
320,58.9
320,59.2
320,59.2
320,59.2
320,59.1
320,59.1
321,58.9
321,58.7
321,59.1
321,59.1
321,59.4
321,59.4
321,59.4
321,59.2
321,59.4
321,59.2
322,59.2
322,59.7
322,58.6
322,58.6
322,59.9
322,59.4
322,59.2
322,59.2
322,59.4
322,59.5
323,59.5
323,58.7
323,59.1
323,58.7
323,58.7
323,59.1
323,58.9
323,58.9
323,59.4
323,59.4
324,59.4
324,58.4
324,59.7
324,59.1
324,59.1
324,59.4
324,59.4
324,59.4
324,58.7
325,59.7
325,59.4
325,59.4
325,59.4
325,58.9
325,58.9
325,59.5
325,58.9
325,59.1
325,59.1
326,59.4
326,58.7
326,58.7
326,58.7
326,59.4
326,58.4
326,58.4
326,58.7
326,59.5
326,59.5
327,59.7
327,59.7
327,59.4
327,59.4
327,58.9
327,58.6
327,59.5
327,59.5
327,58.9
327,58.9
327,59.2
328,59.2
328,59.1
328,59.5
328,59.5
328,58.2
328,59.4
328,59.4
328,59.4
328,59.2
328,59.2
329,59.2
329,59.5
329,58.9
329,58.9
329,58.4
329,59.4
329,58.6
329,58.6
329,58.9
329,59.4
330,59.4
330,59.5
330,58.9
330,59.9
330,59.9
330,59.2
330,58.9
330,58.9
330,59.1
331,59.4
331,59.7
331,59.7
331,59.5
331,59.2
331,59.2
331,58.1
331,58.6
331,59.4
331,59.4
332,59.1
332,59.2
332,59.2
332,59.4
332,59.2
332,59.5
332,59.5
332,58.7
332,59.2
332,59.2
332,59.5
333,59.1
333,58.4
333,58.4
333,59.1
333,59.4
333,59.4
333,59.2
333,58.9
333,59.2
333,59.2
334,59.4
334,58.6
334,58.6
334,59.4
334,58.7
334,59.1
334,59.1
334,59.1
334,59.4
334,59.4
335,58.6
335,59.9
335,59.4
335,59.4
335,58.7
335,59.5
335,59.5
335,59.1
335,59.2
335,59.2
336,59.2
336,59.2
336,59.2
336,59.2
336,59.1
336,58.7
336,59.4
336,59.4
336,59.9
336,58.6
337,58.6
337,60.0
337,59.5
337,59.1
337,59.1
337,59.2
337,59.5
337,59.5
337,58.9
338,59.4
338,58.9
338,58.9
338,59.2
338,59.4
338,59.4
338,59.5
338,58.9
338,58.7
338,58.7
339,58.7
339,59.1
339,59.1
339,59.4
339,59.7
339,59.9
339,59.9
339,59.5
339,58.9
339,58.9
340,58.9
340,58.9
340,59.2
340,59.2
340,59.2
340,59.2
340,59.2
340,59.1
340,59.2
340,59.2
340,59.2
341,59.4
341,59.1
341,59.1
341,59.5
341,59.2
341,58.4
341,58.4
341,59.4
341,59.4
341,59.4
342,59.7
342,59.2
342,59.2
342,59.2
342,59.4
342,59.5
342,59.5
342,58.7
342,58.4
342,58.9
343,58.9
343,59.5
343,59.1
343,59.1
343,59.1
343,59.2
343,59.2
343,59.4
343,59.2
343,59.1
344,59.1
344,58.9
344,58.9
344,58.9
344,59.2
344,59.4
344,58.9
344,58.9
344,59.5
344,59.1
345,59.1
345,59.1
345,59.4
345,59.2
345,59.2
345,59.7
345,59.9
345,59.1
345,59.1
346,59.2
346,58.7
346,58.7
346,59.1
346,59.4
346,59.1
346,59.1
346,59.2
346,59.4
346,59.4
347,59.5
347,59.7
347,58.7
347,58.7
347,58.9
347,59.5
347,59.5
347,58.7
347,58.7
347,58.4
348,58.4
348,59.5
348,59.5
348,59.5
348,59.4
348,59.4
348,59.2
348,59.2
348,59.1
348,58.7
348,59.1
349,59.1
349,58.7
349,59.1
349,59.1
349,58.7
349,59.5
349,59.1
349,59.1
349,59.4
349,59.2
350,59.2
350,58.9
350,59.1
350,59.1
350,58.7
350,58.6
350,59.4
350,59.4
350,58.7
350,59.1
351,59.1
351,58.9
351,59.1
351,59.9
351,59.9
351,59.2
351,59.1
351,59.1
351,58.6
352,58.6
352,60.0
352,60.0
352,59.2
352,59.2
352,59.2
352,59.7
352,59.5
352,59.1
352,59.1
353,58.6
353,59.2
353,59.2
353,58.9
353,58.9
353,58.7
353,58.7
353,59.5
353,59.1
353,59.1
354,58.9
354,59.1
354,58.6
354,58.6
354,58.9
354,59.2
354,59.2
354,59.4
354,59.1
354,58.9
355,58.9
355,58.9
355,58.7
355,58.7
355,59.4
355,59.7
355,59.7
355,59.7
355,58.6
355,59.5
356,59.5
356,59.7
356,58.6
356,59.5
356,59.5
356,59.5
356,59.2
356,59.2
356,59.1
356,59.1
356,59.4
357,59.4
357,59.5
357,59.4
357,59.4
357,59.5
357,59.4
357,58.6
357,58.6
357,59.1
357,58.9
358,58.9
358,59.2
358,59.7
358,59.7
358,59.5
358,59.5
358,59.1
358,59.1
358,58.7
358,59.5
359,59.5
359,59.4
359,59.4
359,59.2
359,59.2
359,59.1
359,58.4
359,58.4
359,59.4
360,58.9
360,59.2
360,59.2
360,59.1
360,59.1
360,59.1
360,58.6
360,59.5
360,59.5
360,59.5
361,59.2
361,58.9
361,58.9
361,59.2
361,59.4
361,58.6
361,58.6
361,58.7
361,59.4
361,59.4
362,59.1
362,59.4
362,59.2
362,59.2
362,58.7
362,58.4
362,58.4
362,59.1
362,59.1
362,59.4
363,59.4
363,58.7
363,59.2
363,59.2
363,59.1
363,59.2
363,59.7
363,59.7
363,59.2
363,59.1
364,59.1
364,59.4
364,58.9
364,58.9
364,58.9
364,59.4
364,59.2
364,59.2
364,59.7
364,58.7
364,58.7
365,58.7
365,59.4
365,59.1
365,59.1
365,59.4
365,59.2
365,59.1
365,59.1
365,58.7
365,59.1
366,59.1
366,59.4
366,59.5
366,58.9
366,58.9
366,58.9
366,59.4
366,59.4
366,59.2
366,59.4
367,59.7
367,59.7
367,59.1
367,59.4
367,59.4
367,59.2
367,59.2
367,59.2
367,59.5
368,58.7
368,59.4
368,59.4
368,59.5
368,58.9
368,58.9
368,59.4
368,58.9
368,59.2
368,59.2
369,59.2
369,58.9
369,58.9
369,59.7
369,59.1
369,58.9
369,58.9
369,58.4
369,59.7
369,59.7
370,59.2
370,59.5
370,59.4
370,59.4
370,58.6
370,58.9
370,58.9
370,59.2
370,58.9
370,59.1
371,59.1
371,59.2
371,58.7
371,58.7
371,59.7
371,59.4
371,59.4
371,59.9
371,58.9
371,59.5
372,59.5
372,59.9
372,58.7
372,58.7
372,58.9
372,58.6
372,58.4
372,58.4
372,59.1
372,59.9
373,59.9
373,59.2
373,59.4
373,59.2
373,59.2
373,59.5
373,58.6
373,58.6
373,58.7
373,59.2
373,58.4
374,58.4
374,59.2
374,58.9
374,58.9
374,58.9
374,59.5
374,59.1
374,59.1
374,59.2
374,58.9
375,58.9
375,58.7
375,59.5
375,59.2
375,59.2
375,58.7
375,59.1
375,59.1
375,59.4
375,59.2
376,59.7
376,59.7
376,59.2
376,59.1
376,59.1
376,58.9
376,59.2
376,59.1
376,59.1
377,58.2
377,58.7
377,58.7
377,58.6
377,59.5
377,58.7
377,58.7
377,59.2
377,58.7
377,58.7
378,59.1
378,58.9
378,59.4
378,59.4
378,59.7
378,59.9
378,59.9
378,58.2
378,59.5
378,59.1
379,59.1
379,58.6
379,59.1
379,59.1
379,59.5
379,59.7
379,59.2
379,59.2
379,58.6
379,58.7
380,58.7
380,59.4
380,59.2
380,59.2
380,59.7
380,58.6
380,59.2
380,59.2
380,59.1
380,59.1
381,59.1
381,59.1
381,59.4
381,58.9
381,58.9
381,59.2
381,58.6
381,58.6
381,59.4
381,59.2
381,59.5
382,59.5
382,58.2
382,58.6
382,58.6
382,59.2
382,59.5
382,58.7
382,58.7
382,59.1
382,58.7
383,58.7
383,59.4
383,59.2
383,59.1
383,59.1
383,59.1
383,58.7
383,58.7
383,59.7
384,58.6
384,58.7
384,58.7
384,59.1
384,59.4
384,59.4
384,58.4
384,59.2
384,59.4
384,59.4
385,59.9
385,59.1
385,59.1
385,59.4
385,59.4
385,58.6
385,58.6
385,59.4
385,59.1
385,59.1
386,58.7
386,59.4
386,59.4
386,59.4
386,58.6
386,59.9
386,59.9
386,59.1
386,59.2
386,59.5
387,59.5
387,59.4
387,59.7
387,59.7
387,59.2
387,58.6
387,59.1
387,59.1
387,59.1
387,59.5
388,59.5
388,59.1
388,59.5
388,59.5
388,58.6
388,59.4
388,58.9
388,58.9
388,59.5
388,58.9
389,58.9
389,58.9
389,59.1
389,59.2
389,59.2
389,59.2
389,58.9
389,58.9
389,59.1
390,59.4
390,59.4
390,59.4
390,59.5
390,58.7
390,58.7
390,59.2
390,59.1
390,59.1
390,59.1
390,59.2
390,59.2
391,59.2
391,59.2
391,59.4
391,59.2
391,59.2
391,58.7
391,59.4
391,59.4
391,58.7
391,59.1
392,58.9
392,58.9
392,59.5
392,58.7
392,58.7
392,59.1
392,59.1
392,58.7
392,58.7
393,59.2
393,59.1
393,59.1
393,59.2
393,59.4
393,59.1
393,59.1
393,59.4
393,59.1
393,59.1
394,59.2
394,59.4
394,59.2
394,59.2
394,59.5
394,59.4
394,59.4
394,59.9
394,59.2
394,58.9
395,58.9
395,59.4
395,59.4
395,59.4
395,59.1
395,58.6
395,59.7
395,59.7
395,59.2
395,59.4
396,59.4
396,59.4
396,59.9
396,58.9
396,58.9
396,58.7
396,59.4
396,59.4
396,59.4
397,58.9
397,59.1
397,59.1
397,59.1
397,59.5
397,59.5
397,59.2
397,59.5
397,59.1
397,59.1
398,59.7
398,59.7
398,58.9
398,58.9
398,58.4
398,59.4
398,59.4
398,58.9
398,59.4
398,59.7
398,59.7
399,59.7
399,59.2
399,59.2
399,58.9
399,59.7
399,58.6
399,58.6
399,59.2
399,59.5
399,59.5
400,59.1
400,59.1
400,59.2
400,59.2
400,59.1
400,59.5
400,59.5
400,59.5
400,58.7
400,59.5
401,59.5
401,60.0
401,59.2
401,59.2
401,60.2
401,58.7
401,59.2
401,59.2
401,60.0
401,58.9
402,58.9
402,59.7
402,59.4
402,59.4
402,59.4
402,58.9
402,59.2
402,59.2
402,58.9
402,59.4
403,59.4
403,59.9
403,59.2
403,59.1
403,59.1
403,59.4
403,59.1
403,59.1
403,59.2
404,58.9
404,59.1
404,59.1
404,59.5
404,58.7
404,58.7
404,58.7
404,59.1
404,59.2
404,59.2
405,58.7
405,59.5
405,59.5
405,58.2
405,59.5
405,59.2
405,59.2
405,59.4
405,59.4
405,59.4
406,59.7
406,58.7
406,59.4
406,59.4
406,59.2
406,58.6
406,58.6
406,59.9
406,58.9
406,59.1
406,59.1
407,59.1
407,59.2
407,59.2
407,58.4
407,59.4
407,59.1
407,59.1
407,59.1
407,58.4
407,58.4
408,59.2
408,59.2
408,59.5
408,59.5
408,59.4
408,58.4
408,58.4
408,59.4
408,59.4
408,59.4
409,59.1
409,59.5
409,59.1
409,59.1
409,59.4
409,59.2
409,59.2
409,59.5
409,59.1
409,59.1
410,59.1
410,59.2
410,59.9
410,59.9
410,58.6
410,59.1
410,59.5
410,59.5
410,59.4
410,58.9
411,58.9
411,59.9
411,59.1
411,58.9
411,58.9
411,59.7
411,58.7
411,58.7
411,59.2
411,60.0
412,58.4
412,58.4
412,59.2
412,59.1
412,59.1
412,58.7
412,59.5
412,59.2
412,59.2
413,59.4
413,59.1
413,58.7
413,58.7
413,59.4
413,60.0
413,60.0
413,58.7
413,59.7
413,59.7
414,59.4
414,58.9
414,58.9
414,58.9
414,58.7
414,59.2
414,59.2
414,59.2
414,59.2
414,59.4
414,59.4
415,58.9
415,59.5
415,59.2
415,59.2
415,58.9
415,59.4
415,59.4
415,59.1
415,59.1
415,59.7
416,59.7
416,59.1
416,59.1
416,59.1
416,58.7
416,59.4
416,59.5
416,59.5
416,59.4
416,58.6
417,58.6
417,59.2
417,59.1
417,58.6
417,58.6
417,59.1
417,58.4
417,59.4
417,59.4
418,58.6
418,58.9
418,59.1
418,59.1
418,58.9
418,59.2
418,59.2
418,59.1
418,59.1
418,59.2
419,59.2
419,59.5
419,59.2
419,59.2
419,59.4
419,59.7
419,58.4
419,58.4
419,58.1
419,59.1
419,59.1
420,59.4
420,59.4
420,58.7
420,58.7
420,59.1
420,58.9
420,58.9
420,58.9
420,59.5
420,59.4
421,59.4
421,58.9
421,58.6
421,58.6
421,59.2
421,59.2
421,59.1
421,59.1
421,59.4
421,59.2
422,59.2
422,59.5
422,59.7
422,59.7
422,59.7
422,59.5
422,58.7
422,58.7
422,59.1
423,58.1
423,58.7
423,58.7
423,59.4
423,59.4
423,59.4
423,59.5
423,59.9
423,59.2
423,59.2
424,58.9
424,59.5
424,59.5
424,59.4
424,58.7
424,58.7
424,58.7
424,59.2
424,59.1
424,59.1
425,59.5
425,59.9
425,58.2
425,58.2
425,59.7
425,59.5
425,59.5
425,59.2
425,59.2
425,58.7
426,58.7
426,59.5
426,59.2
426,59.2
426,58.9
426,59.1
426,59.2
426,59.2
426,59.1
426,59.2
427,59.2
427,59.1
427,59.2
427,59.1
427,59.1
427,59.4
427,59.4
427,59.4
427,59.4
427,58.7
427,59.2
428,59.2
428,59.2
428,59.7
428,59.7
428,59.4
428,59.5
428,59.1
428,59.1
428,59.5
428,59.7
429,60.0
429,60.0
429,58.6
429,59.5
429,59.7
429,59.7
429,58.9
429,59.4
429,59.4
430,59.2
430,59.4
430,58.9
430,58.9
430,59.7
430,59.9
430,59.9
430,59.1
430,59.1
430,58.9
431,58.9
431,59.1
431,58.7
431,58.7
431,59.5
431,59.5
431,59.1
431,59.1
431,59.5
431,59.2
432,59.2
432,59.7
432,59.2
432,59.5
432,59.5
432,59.9
432,58.9
432,58.9
432,59.4
432,59.5
433,59.7
433,59.7
433,58.6
433,58.9
433,58.9
433,59.1
433,59.2
433,59.4
433,59.4
433,59.4
433,58.7
434,58.7
434,59.4
434,60.4
434,59.1
434,59.1
434,58.9
434,59.2
434,59.5
434,59.5
435,59.1
435,59.2
435,59.2
435,59.4
435,58.7
435,59.4
435,59.4
435,58.4
435,58.9
435,58.9
436,59.1
436,59.2
436,58.6
436,58.6
436,58.9
436,59.4
436,59.4
436,58.7
436,59.7
436,58.6
437,58.6
437,59.1
437,59.1
437,59.1
437,59.4
437,59.2
437,59.1
437,59.1
437,58.9
437,59.5
438,59.5
438,58.7
438,58.9
438,59.2
438,59.2
438,59.4
438,59.2
438,59.2
438,59.4
439,59.7
439,59.1
439,59.1
439,58.7
439,58.4
439,58.4
439,58.7
439,59.2
439,59.4
439,59.4
439,59.2
439,58.9
440,58.9
440,60.0
440,59.5
440,59.1
440,59.1
440,59.5
440,58.6
440,58.6
440,58.2
441,58.7
441,59.5
441,59.5
441,58.9
441,58.1
441,58.1
441,58.9
441,59.1
441,59.1
441,59.1
442,59.1
442,59.2
442,59.2
442,59.2
442,59.9
442,59.5
442,59.5
442,59.2
442,58.7
442,58.7
443,59.4
443,59.4
443,59.4
443,59.5
443,59.2
443,59.1
443,59.1
443,59.2
443,59.2
443,59.2
444,58.9
444,58.6
444,60.0
444,60.0
444,59.5
444,58.9
444,58.9
444,58.9
444,58.7
444,58.7
445,58.7
445,59.4
445,58.9
445,58.9
445,58.9
445,58.6
445,58.6
445,58.6
445,58.6
445,59.5
446,59.5
446,59.1
446,59.1
446,59.7
446,59.7
446,59.5
446,59.9
446,59.9
446,59.4
446,59.2
447,59.2
447,59.2
447,59.4
447,59.5
447,59.5
447,58.9
447,59.1
447,59.1
447,58.9
448,59.4
448,58.7
448,58.7
448,58.7
448,59.1
448,58.6
448,58.6
448,59.5
448,59.5
448,59.5
448,59.2
448,58.7
449,59.5
449,59.5
449,58.7
449,58.9
449,58.9
449,58.6
449,59.2
449,59.5
449,59.5
450,59.1
450,58.7
450,58.7
450,59.2
450,59.4
450,59.4
450,58.9
450,59.7
450,59.4
450,59.4
451,59.4
451,59.1
451,59.1
451,59.1
451,59.1
451,59.2
451,59.2
451,59.2
451,59.2
451,59.2
452,58.6
452,59.2
452,59.4
452,59.4
452,59.4
452,58.9
452,58.9
452,59.1
452,58.9
452,60.2
453,60.2
453,59.5
453,58.7
453,58.7
453,59.9
453,58.7
453,59.2
453,59.2
453,59.2
453,59.1
454,59.1
454,59.7
454,59.5
454,59.4
454,59.4
454,59.7
454,59.5
454,59.5
454,59.7
455,58.2
455,59.2
455,59.2
455,59.2
455,59.1
455,59.1
455,59.9
455,59.7
455,59.2
455,59.2
456,59.4
456,59.9
456,59.9
456,59.4
456,58.9
456,59.2
456,59.2
456,59.2
456,59.1
456,59.1
456,59.4
457,59.4
457,58.9
457,58.9
457,59.2
457,58.9
457,58.9
457,59.5
457,58.9
457,59.1
457,59.1
458,58.7
458,59.4
458,59.4
458,59.5
458,58.7
458,59.2
458,59.2
458,59.4
458,59.4
458,59.4
459,59.2
459,59.4
459,59.2
459,59.2
459,59.4
459,58.4
459,58.4
459,59.7
459,59.2
459,58.7
460,58.7
460,58.7
460,59.4
460,59.4
460,58.9
460,59.4
460,59.4
460,59.4
460,59.5
460,58.9
461,58.9
461,58.7
461,59.4
461,58.7
461,58.7
461,59.4
461,59.1
461,59.1
461,59.4
462,59.1
462,58.7
462,58.7
462,59.5
462,58.7
462,58.7
462,58.9
462,58.7
462,59.7
462,59.7
463,58.9
463,59.5
463,59.5
463,58.2
463,60.4
463,59.1
463,59.1
463,59.1
463,60.0
463,60.0
463,60.2
464,60.0
464,59.1
464,59.1
464,59.5
464,59.1
464,59.4
464,59.4
464,58.9
464,59.1
464,59.1
465,58.9
465,58.7
465,59.2
465,59.2
465,59.1
465,59.4
465,59.4
465,60.0
465,59.5
465,59.1
466,59.1
466,58.9
466,58.4
466,59.7
466,59.7
466,58.9
466,59.1
466,59.1
466,59.2
466,59.9
467,59.9
467,59.2
467,59.2
467,59.7
467,59.7
467,60.0
467,59.4
467,59.4
467,59.4
468,58.9
468,58.7
468,58.7
468,60.2
468,58.9
468,58.9
468,59.9
468,59.1
468,59.4
468,59.4
469,59.1
469,59.4
469,59.7
469,59.7
469,59.2
469,59.2
469,59.1
469,59.1
469,59.1
469,58.9
469,58.9
470,59.4
470,59.1
470,59.1
470,59.5
470,58.9
470,59.1
470,59.1
470,58.7
470,59.7
470,59.2
471,59.2
471,59.2
471,59.2
471,59.2
471,59.2
471,59.1
471,59.1
471,59.1
471,58.7
471,59.7
472,59.7
472,58.9
472,59.9
472,59.9
472,59.1
472,59.2
472,58.9
472,58.9
472,59.2
472,59.2
473,59.2
473,59.5
473,59.1
473,59.7
473,59.7
473,59.2
473,59.1
473,59.1
473,59.1
474,59.2
474,58.9
474,58.9
474,58.6
474,59.4
474,59.4
474,59.2
474,58.9
474,58.9
474,59.2
475,59.2
475,59.5
475,59.5
475,59.7
475,58.9
475,59.7
475,59.7
475,59.4
475,58.4
475,58.4
476,59.2
476,59.5
476,59.1
476,59.1
476,59.7
476,58.6
476,58.6
476,58.9
476,59.1
476,59.4
477,59.4
477,59.2
477,58.7
477,58.7
477,59.1
477,59.5
477,59.5
477,59.1
477,59.5
477,58.9
478,58.9
478,59.1
478,59.7
478,59.7
478,58.4
478,59.2
478,59.2
478,59.2
478,59.5
478,59.7
478,59.7
479,59.1
479,59.1
479,59.1
479,59.1
479,58.9
479,59.1
479,59.1
479,59.4
479,59.5
479,58.4
480,58.4
480,58.9
480,59.2
480,59.2
480,58.6
480,59.4
480,58.9
480,58.9
480,59.2
480,59.2
481,59.2
481,59.4
481,59.2
481,59.2
481,59.4
481,58.9
481,59.2
481,59.2
481,58.9
481,59.1
482,59.1
482,59.1
482,59.2
482,58.9
482,58.9
482,58.9
482,58.7
482,58.7
482,59.4
483,58.6
483,58.9
483,58.9
483,59.4
483,59.2
483,59.2
483,58.9
483,59.2
483,58.6
483,58.6
484,59.2
484,58.6
484,58.6
484,59.4
484,59.2
484,59.2
484,58.9
484,58.6
484,59.2
484,59.2
485,59.1
485,58.7
485,58.7
485,59.2
485,59.4
485,59.2
485,59.2
485,59.2
485,58.9
485,58.9
486,59.4
486,59.5
486,58.7
486,58.7
486,59.5
486,59.2
486,58.7
486,58.7
486,59.7
486,58.9
487,58.9
487,59.4
487,59.5
487,59.1
487,59.1
487,58.9
487,58.7
487,58.7
487,59.2
487,58.6
487,58.7
488,58.7
488,59.2
488,59.4
488,59.4
488,58.4
488,59.2
488,59.2
488,59.2
488,58.6
488,60.0
489,60.0
489,59.2
489,58.7
489,58.7
489,58.7
489,59.2
489,58.9
489,58.9
489,59.4
489,58.9
490,58.9
490,59.1
490,58.4
490,59.4
490,59.4
490,59.2
490,58.9
490,58.9
490,59.7
491,58.7
491,58.4
491,58.4
491,58.9
491,58.9
491,58.9
491,58.7
491,59.4
491,58.7
491,58.7
492,58.9
492,59.1
492,59.1
492,58.4
492,58.2
492,59.2
492,59.2
492,58.6
492,58.7
492,58.7
493,58.6
493,58.9
493,58.9
493,58.9
493,59.5
493,59.2
493,59.1
493,59.1
493,58.4
493,59.2
493,59.2
494,59.2
494,59.2
494,59.2
494,59.2
494,58.7
494,58.9
494,58.9
494,59.2
494,58.9
494,59.1
495,59.1
495,58.4
495,58.2
495,58.2
495,59.1
495,60.0
495,58.9
495,58.9
495,59.7
495,59.5
496,59.5
496,59.1
496,59.2
496,59.5
496,59.5
496,59.2
496,58.9
496,58.9
496,59.1
497,59.2
497,59.2
497,59.2
497,59.7
497,59.4
497,59.4
497,59.2
497,58.9
497,59.1
497,59.1
498,58.6
498,58.7
498,59.7
498,59.7
498,59.2
498,59.2
498,59.2
498,59.1
498,59.5
498,59.4
499,59.4
499,59.2
499,59.5
499,59.5
499,59.2
499,58.7
499,58.9
499,58.9
499,59.5
499,59.1
500,59.1
500,58.7
500,59.4
500,59.1
500,59.1
500,59.1
500,59.1
500,59.1
500,59.5
500,59.1
500,59.2
501,59.2
501,58.6
501,58.9
501,59.4
501,59.4
501,58.4
501,59.2
501,59.2
501,58.9
501,59.5
502,59.5
502,58.9
502,58.6
502,58.9
502,58.9
502,59.1
502,57.9
502,57.9
502,59.2
503,58.9
503,59.5
503,59.5
503,59.1
503,59.5
503,59.5
503,60.0
503,59.4
503,59.4
503,59.4
504,58.6
504,59.1
504,59.1
504,59.2
504,58.9
504,58.9
504,58.9
504,59.4
504,59.5
504,59.5
505,59.2
505,58.9
505,59.7
505,59.7
505,59.1
505,59.1
505,59.1
505,59.2
505,59.1
505,59.2
506,59.2
506,58.9
506,59.2
506,59.1
506,59.1
506,58.9
506,59.1
506,59.2
506,59.2
506,59.1
506,58.9
507,58.9
507,59.5
507,58.9
507,59.2
507,59.2
507,59.5
507,58.9
507,58.9
507,58.9
508,58.7
508,59.2
508,59.2
508,59.1
508,58.9
508,58.4
508,58.4
508,59.5
508,59.1
508,59.1
509,59.1
509,59.5
509,59.2
509,59.2
509,58.9
509,58.4
509,58.4
509,59.2
509,59.5
509,59.2
510,59.2
510,59.2
510,59.1
510,59.1
510,59.1
510,58.7
510,58.9
510,58.9
510,59.5
510,59.2
511,59.2
511,59.2
511,58.7
511,59.1
511,59.1
511,59.4
511,59.7
511,59.7
511,59.2
512,58.9
512,59.5
512,59.5
512,58.9
512,59.2
512,59.2
512,58.7
512,59.1
512,59.2
512,59.2
513,59.1
513,58.7
513,58.7
513,58.9
513,58.9
513,59.1
513,59.1
513,59.4
513,59.1
513,59.1
513,59.2
514,59.1
514,58.9
514,58.9
514,59.2
514,59.2
514,59.2
514,59.2
514,58.9
514,59.2
514,59.2
515,59.2
515,59.5
515,59.5
515,59.7
515,59.1
515,59.7
515,59.7
515,58.7
515,58.2
515,58.2
516,59.1
516,60.0
516,58.9
516,58.9
516,59.2
516,59.5
516,59.5
516,59.2
516,58.6
516,58.9
517,58.9
517,58.9
517,59.1
517,59.1
517,59.1
517,58.9
517,58.7
517,58.7
517,58.6
517,58.9
518,58.9
518,58.7
518,58.9
518,59.2
518,59.2
518,59.5
518,59.7
518,59.7
518,59.4
519,58.7
519,59.2
519,59.2
519,59.2
519,58.7
519,58.7
519,59.2
519,59.1
519,59.4
519,59.4
520,59.9
520,59.4
520,59.4
520,58.9
520,59.9
520,59.9
520,59.2
520,58.9
520,59.2
520,59.2
521,59.1
521,59.1
521,59.1
521,58.9
521,59.2
521,58.2
521,58.2
521,58.9
521,58.7
521,58.7
521,59.1
522,59.5
522,58.7
522,58.7
522,58.4
522,59.4
522,59.4
522,59.1
522,59.2
522,58.9
522,58.9
523,59.2
523,59.1
523,59.1
523,59.1
523,59.2
523,59.2
523,59.2
523,58.9
523,58.4
523,58.4
524,59.1
524,58.7
524,58.7
524,58.7
524,58.9
524,58.9
524,58.9
524,58.7
524,58.9
524,59.5
525,59.5
525,58.6
525,59.9
525,59.9
525,59.1
525,59.2
525,58.6
525,58.6
525,58.9
525,59.1
526,59.1
526,58.7
526,58.9
526,58.9
526,58.9
526,58.6
526,58.6
526,58.6
526,58.7
526,58.9
527,59.2
527,59.2
527,59.2
527,58.9
527,58.9
527,58.9
527,58.6
527,58.9
527,58.9
528,58.4
528,59.5
528,59.5
528,59.4
528,58.7
528,58.4
528,58.4
528,59.1
528,58.4
528,58.4
529,58.7
529,58.4
529,59.4
529,59.4
529,58.9
529,58.9
529,58.9
529,58.4
529,59.2
529,58.1
529,58.1
530,58.4
530,59.7
530,59.7
530,59.4
530,58.7
530,58.6
530,58.6
530,59.4
530,58.6
530,58.6
531,58.4
531,58.4
531,58.9
531,58.9
531,58.7
531,58.6
531,58.6
531,58.7
531,58.9
531,59.2
532,59.2
532,58.6
532,58.9
532,58.9
532,59.2
532,58.9
532,58.9
532,58.1
532,59.4
532,59.1
533,59.1
533,58.7
533,58.9
533,58.9
533,59.1
533,59.1
533,59.1
533,59.1
533,58.7
533,59.1
534,59.1
534,58.6
534,58.7
534,58.7
534,58.7
534,59.5
534,58.7
534,58.7
534,59.2
535,59.2
535,58.9
535,58.9
535,58.4
535,58.9
535,58.4
535,58.4
535,58.6
535,59.2
535,59.2
536,58.6
536,58.6
536,58.6
536,59.1
536,58.9
536,59.7
536,59.7
536,58.4
536,58.7
536,58.9
536,58.9
537,59.4
537,59.2
537,59.2
537,58.9
537,59.2
537,58.4
537,58.4
537,58.9
537,58.9
537,58.9
538,59.2
538,59.1
538,58.9
538,58.9
538,59.4
538,58.2
538,58.2
538,58.6
538,59.7
538,59.1
539,59.1
539,59.1
539,59.1
539,59.1
539,58.9
539,58.9
539,59.1
539,59.1
539,59.2
539,59.4
540,59.4
540,59.2
540,57.9
540,58.7
540,58.7
540,59.1
540,59.1
540,59.1
540,58.7
541,58.7
541,58.9
541,58.9
541,58.9
541,58.7
541,58.7
541,59.2
541,58.9
541,59.2
541,59.2
542,59.1
542,59.2
542,59.2
542,59.2
542,58.9
542,58.4
542,58.4
542,58.9
542,59.1
542,59.1
543,58.7
543,58.9
543,58.9
543,58.7
543,59.9
543,59.1
543,59.1
543,59.1
543,58.9
543,58.9
544,58.9
544,58.9
544,59.1
544,59.1
544,59.5
544,58.7
544,58.7
544,59.1
544,58.6
544,58.4
544,58.4
545,59.5
545,58.9
545,58.9
545,58.7
545,59.2
545,59.2
545,58.9
545,58.6
545,59.4
545,59.4
546,59.2
546,58.2
546,58.2
546,58.9
546,59.1
546,59.1
546,59.1
546,59.5
546,58.9
546,58.9
547,58.4
547,58.7
547,58.6
547,58.6
547,59.5
547,58.9
547,58.9
547,58.6
547,59.9
547,58.9
548,58.9
548,59.4
548,59.2
548,59.2
548,59.1
548,58.6
548,59.5
548,59.5
548,59.4
548,58.9
549,58.9
549,58.9
549,58.9
549,59.2
549,59.2
549,59.5
549,58.7
549,58.7
549,58.6
550,59.2
550,59.1
550,59.1
550,58.7
550,58.7
550,58.7
550,59.1
550,59.2
550,57.9
550,57.9
551,59.1
551,58.9
551,58.9
551,58.9
551,58.9
551,58.6
551,58.6
551,59.1
551,59.2
551,58.9
552,58.9
552,58.9
552,58.9
552,58.9
552,58.7
552,58.9
552,59.2
552,59.2
552,59.1
552,59.7
552,59.1
553,59.1
553,58.6
553,58.7
553,58.7
553,58.6
553,59.7
553,59.2
553,59.2
553,59.1
553,59.1
554,59.1
554,59.5
554,58.2
554,59.2
554,59.2
554,58.9
554,58.7
554,58.7
554,59.1
554,59.5
555,59.7
555,59.7
555,59.4
555,59.2
555,59.2
555,58.2
555,58.7
555,58.4
555,58.4
556,58.6
556,58.7
556,58.7
556,58.7
556,58.9
556,58.9
556,58.9
556,58.7
556,58.6
556,58.6
557,58.9
557,58.9
557,58.9
557,59.2
557,59.4
557,59.1
557,59.1
557,58.7
557,58.4
557,58.4
558,59.5
558,59.1
558,59.1
558,59.1
558,59.4
558,58.9
558,58.9
558,58.7
558,59.1
558,59.5
559,59.5
559,59.4
559,59.2
559,59.2
559,59.2
559,58.7
559,58.2
559,58.2
559,59.5
559,59.4
560,59.4
560,59.1
560,58.4
560,59.1
560,59.1
560,58.6
560,58.4
560,58.4
560,58.9
560,58.9
560,59.4
561,59.4
561,59.1
561,58.6
561,58.6
561,59.1
561,58.7
561,59.2
561,59.2
561,59.2
561,58.4
562,58.4
562,58.9
562,58.9
562,59.5
562,59.5
562,58.7
562,59.2
562,59.2
562,58.9
562,58.9
563,58.9
563,58.9
563,58.4
563,59.7
563,59.7
563,59.9
563,58.9
563,58.4
563,58.4
564,59.5
564,59.4
564,59.4
564,58.2
564,58.9
564,58.9
564,58.9
564,58.7
564,59.2
564,59.2
565,58.7
565,58.9
565,58.7
565,58.7
565,58.9
565,59.4
565,59.4
565,58.4
565,58.1
565,58.1
566,59.4
566,59.1
566,59.1
566,59.1
566,59.2
566,59.4
566,59.4
566,59.1
566,58.7
566,59.1
567,59.1
567,58.2
567,58.9
567,58.9
567,59.1
567,59.1
567,59.1
567,59.1
567,59.1
567,58.9
568,58.9
568,58.9
568,58.9
568,58.9
568,58.9
568,58.9
568,58.9
568,58.9
568,59.2
568,59.1
568,59.1
569,59.1
569,59.2
569,58.2
569,58.2
569,58.6
569,59.1
569,59.1
569,59.1
569,58.9
569,59.1
570,59.1
570,58.7
570,59.1
570,59.2
570,59.2
570,59.2
570,59.1
570,59.1
570,59.2
571,58.4
571,58.2
571,58.2
571,59.4
571,58.9
571,58.9
571,59.7
571,59.2
571,59.1
571,59.1
572,58.7
572,58.9
572,58.9
572,59.5
572,59.4
572,58.7
572,58.7
572,58.6
572,58.7
572,58.6
573,58.6
573,58.6
573,58.9
573,58.9
573,58.7
573,59.1
573,58.7
573,58.7
573,58.7
573,58.6
574,58.6
574,59.5
574,58.6
574,58.6
574,59.4
574,58.1
574,58.9
574,58.9
574,58.9
574,58.7
575,58.7
575,58.4
575,58.4
575,58.9
575,58.9
575,59.2
575,58.6
575,58.6
575,58.4
576,59.5
576,58.9
576,58.9
576,58.9
576,58.6
576,58.6
576,59.2
576,58.6
576,58.7
576,58.7
576,58.7
576,59.2
577,59.2
577,58.9
577,58.2
577,59.4
577,59.4
577,58.7
577,58.6
577,58.6
577,59.2
578,59.1
578,58.9
578,58.9
578,59.5
578,59.5
578,59.5
578,59.5
578,58.9
578,59.2
578,59.2
579,58.9
579,58.9
579,58.9
579,59.1
579,58.9
579,58.4
579,58.4
579,58.2
579,59.2
579,59.2
580,58.7
580,58.1
580,58.7
580,58.7
580,58.7
580,59.4
580,59.4
580,59.1
580,59.4
580,58.7
581,58.7
581,58.7
581,59.2
581,59.2
581,58.7
581,58.9
581,58.9
581,58.9
581,58.7
581,59.1
582,59.1
582,58.6
582,59.1
582,59.2
582,59.2
582,58.9
582,58.9
582,58.9
582,58.7
583,59.1
583,58.9
583,58.9
583,59.1
583,59.1
583,59.1
583,58.2
583,58.4
583,58.7
583,58.7
583,58.7
583,59.5
584,59.5
584,58.2
584,58.7
584,59.4
584,59.4
584,58.7
584,58.9
584,58.9
584,59.1
584,58.7
585,58.9
585,58.9
585,58.7
585,58.7
585,58.7
585,59.4
585,59.2
585,58.9
585,58.9
586,58.7
586,58.6
586,58.6
586,58.2
586,58.7
586,59.2
586,59.2
586,58.7
586,59.1
586,59.1
587,59.1
587,58.6
587,58.6
587,58.6
587,58.1
587,59.2
587,59.2
587,59.1
587,58.9
587,58.9
588,59.1
588,59.2
588,59.4
588,59.4
588,59.4
588,59.2
588,59.2
588,59.1
588,58.7
588,58.2
589,58.2
589,58.7
589,58.6
589,58.6
589,59.1
589,58.9
589,58.9
589,58.9
589,59.4
589,59.2
590,59.2
590,58.7
590,59.5
590,58.9
590,58.9
590,58.6
590,59.4
590,59.4
590,58.9
591,58.9
591,59.1
591,59.1
591,59.2
591,59.2
591,59.2
591,58.9
591,58.4
591,59.2
591,59.2
592,58.7
592,59.5
592,59.5
592,59.4
592,58.6
592,59.2
592,59.2
592,58.6
592,58.9
592,58.9
592,58.9
593,58.4
593,59.2
593,59.2
593,58.9
593,58.7
593,58.7
593,58.7
593,59.5
593,58.7
593,58.7
594,59.1
594,58.9
594,58.9
594,58.9
594,59.1
594,58.4
594,58.4
594,59.4
594,59.4
594,59.4
595,58.9
595,57.9
595,58.7
595,58.7
595,58.9
595,59.2
595,59.2
595,58.9
595,59.1
595,58.7
596,58.7
596,59.5
596,59.1
596,59.1
596,58.7
596,59.1
596,58.4
596,58.4
596,59.2
596,59.1
597,59.1
597,59.2
597,58.6
597,59.4
597,59.4
597,58.2
597,58.7
597,58.7
597,59.1
598,58.7
598,58.4
598,58.4
598,58.7
598,59.1
598,59.1
598,58.7
598,59.2
598,58.1
598,58.1
599,58.9
599,59.4
599,59.4
599,59.2
599,59.4
599,58.7
599,58.7
599,59.5
599,58.6
599,58.6
600,59.5
600,59.1
600,59.1
600,59.1
600,59.1
600,59.2
600,59.2
600,58.6
600,59.1
600,59.1
601,59.4
601,58.7
601,59.1
601,59.1
601,59.2
601,59.1
601,59.1
601,59.1
601,59.1
601,59.1
601,59.1
602,59.2
602,58.7
602,58.7
602,58.9
602,59.1
602,58.7
602,58.7
602,58.2
602,58.9
602,58.9
603,59.4
603,58.2
603,59.1
603,59.1
603,59.9
603,58.7
603,58.7
603,59.2
603,58.9
603,59.1
604,59.1
604,58.9
604,58.4
604,58.4
604,57.7
604,58.2
604,58.6
604,58.6
604,59.2
604,58.9
605,58.9
605,58.6
605,58.6
605,58.9
605,58.9
605,58.6
605,58.6
605,58.6
605,58.6
606,58.9
606,59.2
606,59.2
606,58.6
606,58.9
606,58.9
606,58.9
606,58.7
606,58.6
606,58.6
607,59.1
607,58.7
607,58.7
607,58.1
607,59.2
607,57.6
607,57.6
607,58.2
607,58.7
607,58.7
608,58.4
608,58.7
608,58.4
608,58.4
608,58.4
608,58.6
608,58.6
608,58.1
608,58.7
608,58.9
609,58.9
609,58.9
609,58.6
609,58.6
609,59.5
609,59.4
609,59.1
609,59.1
609,58.7
609,59.2
609,59.2
610,58.6
610,59.1
610,58.7
610,58.7
610,58.2
610,58.9
610,58.9
610,58.6
610,58.7
610,59.1
611,59.1
611,59.7
611,59.4
611,59.4
611,58.7
611,58.1
611,58.6
611,58.6
611,58.7
611,58.4
612,58.7
612,58.7
612,58.9
612,59.4
612,59.4
612,58.2
612,58.7
612,58.6
612,58.6
613,57.7
613,58.4
613,58.4
613,58.7
613,59.5
613,59.1
613,59.1
613,58.7
613,59.2
613,59.2
614,58.7
614,58.9
614,59.1
614,59.1
614,58.2
614,59.2
614,59.2
614,58.4
614,59.1
614,59.1
615,59.1
615,59.2
615,58.9
615,58.9
615,58.1
615,58.7
615,58.6
615,58.6
615,59.1
615,58.9
616,58.9
616,58.9
616,58.7
616,58.1
616,58.1
616,59.2
616,58.7
616,58.7
616,59.2
616,58.7
616,58.4
617,58.4
617,58.7
617,59.1
617,59.1
617,59.2
617,58.9
617,58.6
617,58.6
617,58.9
617,58.4
618,58.4
618,59.2
618,58.9
618,58.4
618,58.4
618,58.6
618,58.7
618,58.7
618,59.1
619,58.9
619,58.7
619,58.7
619,58.9
619,58.4
619,58.4
619,59.2
619,59.1
619,58.9
619,58.9
620,58.9
620,59.1
620,59.1
620,58.9
620,58.6
620,58.7
620,58.7
620,58.9
620,58.4
620,58.4
621,58.6
621,59.2
621,58.7
621,58.7
621,59.4
621,59.1
621,59.1
621,58.7
621,58.6
621,58.7
622,58.7
622,59.1
622,59.1
622,59.1
622,58.2
622,59.5
622,58.9
622,58.9
622,58.9
622,59.2
622,58.6
623,58.6
623,58.9
623,58.7
623,58.6
623,58.6
623,58.7
623,58.6
623,58.6
623,58.4
624,58.7
624,59.4
624,59.4
624,58.9
624,59.1
624,59.1
624,58.2
624,58.9
624,58.7
624,58.7
625,58.6
625,59.1
625,59.1
625,58.7
625,58.7
625,58.7
625,58.7
625,58.7
625,58.4
625,58.4
626,58.9
626,59.1
626,58.4
626,58.4
626,58.1
626,59.4
626,59.4
626,58.7
626,59.2
626,58.6
627,58.6
627,58.9
627,58.2
627,58.2
627,58.6
627,58.9
627,58.7
627,58.7
627,58.6
627,59.2
628,59.2
628,59.2
628,58.4
628,58.1
628,58.1
628,58.7
628,58.9
628,58.9
628,58.4
628,59.2
629,59.2
629,58.6
629,58.2
629,58.4
629,58.4
629,59.2
629,58.7
629,58.9
629,58.9
629,58.2
629,57.4
630,57.4
630,59.1
630,57.9
630,59.4
630,59.4
630,58.6
630,58.7
630,58.7
630,59.1
630,58.6
631,58.9
631,58.9
631,59.1
631,59.1
631,59.1
631,58.4
631,58.4
631,59.7
631,59.7
632,58.6
632,58.6
632,58.6
632,58.7
632,58.9
632,58.9
632,58.9
632,58.7
632,58.6
632,58.6
633,58.9
633,58.9
633,58.9
633,58.9
633,58.1
633,58.9
633,58.9
633,58.1
633,58.7
633,58.6
634,58.6
634,59.1
634,58.4
634,59.1
634,59.1
634,59.2
634,58.9
634,58.9
634,58.4
634,58.9
634,58.7
635,58.7
635,58.2
635,58.2
635,58.2
635,58.7
635,58.6
635,58.9
635,58.9
635,59.1
635,58.4
636,58.4
636,58.9
636,58.2
636,58.9
636,58.9
636,58.9
636,58.4
636,58.4
636,58.9
637,59.1
637,59.1
637,59.1
637,58.1
637,58.9
637,58.9
637,59.1
637,58.2
637,57.6
637,57.6
638,59.5
638,58.1
638,58.1
638,59.2
638,58.9
638,58.7
638,58.7
638,58.6
638,58.2
638,58.2
639,59.1
639,58.1
639,59.1
639,59.1
639,58.6
639,58.6
639,58.6
639,58.1
639,58.9
639,58.9
640,58.9
640,58.6
640,59.2
640,59.4
640,59.4
640,58.1
640,58.2
640,58.2
640,58.4
640,58.9
641,59.4
641,59.4
641,58.7
641,58.6
641,58.6
641,58.9
641,59.1
641,58.2
641,58.2
641,58.4
641,58.4
642,58.4
642,59.5
642,59.4
642,59.4
642,59.4
642,58.7
642,58.7
642,58.7
642,58.6
642,58.9
643,58.9
643,58.6
643,58.7
643,58.2
643,58.2
643,58.1
643,58.1
643,58.1
643,57.9
644,58.9
644,58.4
644,58.4
644,57.7
644,58.4
644,58.4
644,58.1
644,58.9
644,58.6
644,58.6
645,59.1
645,58.4
645,58.4
645,58.9
645,59.1
645,58.7
645,58.7
645,59.2
645,57.9
645,57.9
646,58.2
646,58.7
646,58.4
646,58.4
646,58.4
646,58.6
646,58.6
646,58.9
646,58.6
646,58.6
647,58.6
647,57.6
647,58.7
647,58.7
647,58.7
647,58.2
647,57.7
647,57.7
647,58.4
647,58.1
648,58.1
648,58.1
648,58.2
648,59.1
648,59.1
648,58.2
648,58.6
648,59.1
648,59.1
648,58.4
648,59.4
649,59.4
649,58.7
649,58.2
649,58.1
649,58.1
649,58.6
649,58.9
649,58.9
649,58.7
650,58.7
650,58.9
650,58.9
650,59.1
650,58.2
650,58.2
650,58.2
650,59.1
650,58.6
650,58.6
651,58.4
651,59.1
651,59.1
651,58.6
651,59.2
651,58.9
651,58.9
651,59.1
651,58.9
651,58.9
652,58.4
652,58.9
652,58.9
652,58.6
652,59.4
652,58.4
652,58.4
652,58.6
652,58.6
652,58.6
653,59.2
653,58.7
653,58.7
653,58.7
653,58.7
653,58.2
653,58.2
653,58.9
653,59.1
653,58.9
654,58.9
654,58.7
654,58.6
654,58.6
654,58.9
654,58.6
654,57.9
654,57.9
654,58.9
654,58.6
655,58.6
655,59.2
655,58.7
655,59.5
655,59.5
655,58.7
655,58.4
655,58.4
655,58.9
656,58.9
656,58.7
656,58.7
656,58.7
656,59.1
656,59.1
656,59.9
656,58.7
656,57.7
656,57.7
657,58.6
657,59.2
657,59.2
657,58.6
657,58.4
657,58.9
657,58.9
657,58.2
657,59.1
657,59.1
657,58.6
657,59.2
658,58.7
658,58.7
658,58.6
658,58.6
658,58.6
658,59.1
658,59.5
658,59.1
658,59.1
659,58.2
659,58.7
659,58.7
659,58.4
659,58.4
659,58.7
659,58.7
659,58.9
659,58.2
659,58.6
660,58.6
660,57.6
660,59.1
660,59.1
660,58.7
660,57.7
660,57.6
660,57.6
660,58.7
660,59.2
661,59.2
661,59.1
661,58.9
661,58.2
661,58.2
661,58.6
661,58.1
661,58.1
661,58.4
661,58.9
662,58.9
662,58.9
662,58.6
662,58.6
662,58.6
662,59.1
662,59.4
662,59.4
662,58.4
663,57.9
663,59.1
663,59.1
663,58.6
663,58.2
663,58.2
663,58.9
663,58.9
663,58.9
663,58.9
663,58.9
663,59.1
664,59.1
664,58.6
664,58.2
664,58.6
664,58.6
664,59.4
664,58.4
664,58.4
664,58.9
665,58.7
665,58.9
665,58.9
665,58.6
665,58.4
665,58.4
665,59.1
665,58.9
665,58.7
665,58.7
666,58.7
666,58.6
666,58.6
666,58.6
666,58.6
666,59.2
666,59.2
666,59.4
666,59.1
666,59.1
667,58.1
667,58.4
667,58.6
667,58.6
667,58.2
667,58.2
667,58.2
667,59.1
667,58.2
667,58.4
668,58.4
668,59.1
668,58.9
668,58.9
668,58.7
668,58.1
668,58.1
668,59.2
668,58.4
668,58.2
669,58.2
669,58.2
669,57.6
669,58.6
669,58.6
669,58.9
669,58.7
669,58.7
669,58.6
669,58.7
670,58.4
670,58.4
670,58.9
670,58.4
670,58.4
670,58.7
670,59.1
670,59.1
670,58.4
671,58.6
671,59.4
671,59.4
671,58.7
671,58.6
671,58.6
671,58.1
671,58.6
671,58.7
671,58.7
672,58.7
672,59.1
672,59.1
672,59.1
672,59.1
672,58.4
672,58.4
672,58.9
672,58.2
672,58.2
673,58.6
673,58.4
673,58.4
673,58.2
673,58.2
673,58.4
673,58.4
673,58.4
673,58.6
673,58.6
673,58.7
674,58.7
674,58.4
674,58.4
674,58.9
674,58.6
674,58.6
674,58.6
674,58.9
674,59.2
674,59.2
675,58.7
675,58.6
675,58.6
675,58.7
