0,0
0,0
0,35.7
0,35.7
0,35.7
0,35.9
0,36.1
0,36.1
0,35.6
0,35.6
0,35.4
1,35.4
1,35.6
1,35.4
1,35.4
1,35.7
1,36.7
1,35.6
1,35.6
1,36.5
1,36.3
2,36.3
2,35.7
2,35.4
2,36.7
2,36.7
2,36.3
2,35.7
2,35.7
2,36.1
3,35.9
3,35.4
3,35.4
3,36.7
3,35.7
3,35.7
3,35.6
3,36.1
3,36.1
3,36.1
3,35.6
3,36.3
4,36.3
4,35.4
4,35.6
4,35.7
4,35.7
4,36.1
4,36.3
4,36.3
4,35.6
5,36.1
5,35.6
5,35.6
5,36.5
5,37.2
5,37.2
5,36.5
5,36.5
5,35.9
5,35.9
6,36.3
6,35.9
6,35.9
6,36.5
6,36.5
6,36.3
6,36.3
6,35.6
6,36.8
6,36.8
7,37.8
7,36.3
7,36.7
7,36.7
7,36.1
7,36.1
7,36.1
7,36.1
7,36.3
7,36.3
8,35.7
8,36.1
8,36.7
8,36.7
8,36.1
8,36.1
8,36.5
8,36.5
8,36.3
8,36.7
9,36.7
9,36.8
9,35.7
9,36.1
9,36.1
9,36.3
9,36.7
9,36.7
9,36.1
10,35.9
10,36.3
10,36.3
10,36.1
10,36.8
10,36.8
10,35.7
10,35.9
10,36.1
10,36.1
11,37.0
11,36.8
11,36.8
11,36.8
11,36.7
11,36.5
11,36.5
11,36.3
11,36.3
11,36.3
11,37.0
11,36.3
12,36.3
12,37.0
12,36.7
12,36.5
12,36.5
12,36.5
12,36.1
12,36.1
12,36.3
13,36.5
13,36.3
13,36.3
13,36.7
13,36.3
13,36.3
13,36.5
13,36.8
13,35.9
13,35.9
14,36.5
14,36.5
14,36.5
14,37.0
14,36.3
14,35.9
14,35.9
14,36.7
14,36.8
14,36.8
15,36.5
15,37.2
15,36.5
15,36.5
15,36.1
15,36.1
15,36.1
15,36.7
15,36.8
15,36.7
16,36.7
16,36.3
16,35.9
16,35.9
16,36.7
16,36.8
16,36.7
16,36.7
16,36.5
16,36.5
17,36.5
17,36.7
17,36.7
17,36.7
17,36.7
17,36.7
17,36.7
17,36.7
17,36.5
17,36.3
18,36.3
18,36.8
18,37.0
18,36.8
18,36.8
18,37.0
18,35.7
18,35.7
18,36.5
19,36.7
19,36.8
19,36.8
19,36.7
19,36.7
19,36.7
19,36.5
19,36.5
19,36.3
19,36.3
20,37.6
20,36.7
20,36.7
20,37.2
20,37.4
20,36.3
20,36.3
20,36.5
20,36.7
20,36.7
21,36.7
21,36.8
21,36.1
21,36.1
21,36.5
21,36.8
21,36.8
21,36.7
21,37.0
21,37.4
21,37.4
22,37.0
22,37.2
22,37.2
22,37.6
22,37.8
22,37.2
22,37.2
22,37.0
22,37.6
22,37.6
23,37.0
23,37.0
23,37.2
23,37.2
23,35.7
23,36.7
23,36.7
23,37.6
23,37.6
23,37.2
24,37.2
24,37.0
24,37.2
24,37.2
24,37.6
24,37.0
24,36.7
24,36.7
24,36.7
24,37.2
25,37.2
25,36.3
25,36.7
25,36.5
25,36.5
25,36.5
25,36.8
25,36.8
25,37.0
25,36.3
26,37.0
26,37.0
26,36.8
26,36.8
26,36.8
26,36.8
26,37.0
26,37.4
26,37.4
27,36.8
27,37.4
27,37.4
27,37.4
27,36.8
27,37.8
27,37.8
27,37.4
27,37.0
27,37.0
28,36.8
28,37.6
28,37.2
28,37.2
28,36.7
28,37.2
28,37.2
28,37.0
28,36.1
28,36.1
28,36.8
29,36.8
29,37.2
29,37.2
29,36.7
29,37.8
29,37.8
29,37.8
29,36.5
29,36.8
29,36.8
30,37.8
30,36.1
30,36.1
30,37.8
30,37.2
30,36.8
30,36.8
30,36.8
30,35.9
30,35.9
31,37.2
31,37.0
31,36.3
31,36.3
31,37.0
31,37.4
31,37.4
31,37.6
31,37.4
31,37.4
32,37.4
32,37.4
32,37.0
32,37.0
32,37.0
32,36.5
32,37.6
32,37.6
32,37.6
32,37.4
33,37.4
33,37.2
33,37.0
33,36.3
33,36.3
33,37.2
33,37.9
33,37.9
33,37.8
33,37.6
34,37.6
34,37.8
34,37.6
34,37.2
34,37.2
34,37.4
34,37.4
34,37.4
34,37.6
35,36.7
35,37.4
35,37.4
35,38.1
35,36.7
35,37.6
35,37.6
35,36.7
35,37.2
35,37.2
36,37.4
36,37.8
36,37.8
36,36.7
36,36.8
36,37.2
36,37.2
36,37.2
36,36.7
36,36.7
37,36.7
37,37.4
37,37.0
37,37.0
37,36.5
37,37.4
37,37.4
37,37.4
37,36.5
37,36.8
38,36.8
38,37.0
38,37.4
38,37.4
38,37.4
38,36.8
38,36.7
38,36.7
38,37.2
38,37.9
38,37.9
39,37.4
39,37.2
39,36.7
39,36.7
39,37.0
39,37.2
39,37.2
39,37.4
39,37.2
39,37.9
40,37.9
40,38.3
40,37.4
40,37.4
40,37.2
40,38.1
40,37.0
40,37.0
40,37.8
40,37.0
41,37.0
41,36.8
41,37.0
41,37.0
41,37.2
41,37.8
41,36.8
41,36.8
41,36.8
41,37.6
42,37.6
42,37.2
42,37.2
42,36.7
42,36.7
42,37.4
42,37.2
42,37.2
42,37.2
43,37.6
43,37.2
43,37.2
43,37.2
43,38.1
43,38.1
43,37.4
43,37.0
43,37.9
43,37.9
44,37.6
44,37.0
44,37.0
44,37.2
44,37.0
44,37.9
44,37.9
44,37.6
44,37.6
44,37.6
45,37.0
45,37.6
45,37.2
45,37.2
45,37.0
45,37.6
45,37.6
45,37.2
45,37.9
45,37.4
45,37.4
46,37.0
46,36.8
46,37.4
46,37.4
46,36.8
46,36.8
46,36.8
46,37.0
46,37.4
46,37.2
47,37.2
47,37.2
47,37.4
47,37.4
47,37.0
47,38.1
47,37.2
47,37.2
47,37.4
47,37.4
48,37.4
48,37.8
48,37.6
48,37.9
48,37.9
48,37.6
48,37.2
48,37.2
48,37.6
49,37.2
49,36.7
49,36.7
49,37.8
49,37.6
49,37.6
49,38.1
49,37.0
49,37.4
49,37.4
50,37.8
50,37.8
50,37.8
50,36.8
50,37.6
50,37.4
50,37.4
50,37.2
50,37.2
50,37.2
51,37.8
51,37.8
51,37.0
51,37.0
51,38.1
51,37.6
51,37.8
51,37.8
51,37.9
51,37.9
52,37.9
52,38.1
52,37.0
52,37.9
52,37.9
52,37.4
52,38.1
52,38.1
52,37.2
52,37.6
52,37.6
53,37.6
53,37.4
53,37.2
53,37.2
53,37.2
53,37.4
53,37.4
53,37.6
53,37.4
53,37.2
54,37.2
54,37.2
54,38.1
54,38.1
54,37.4
54,37.2
54,36.8
54,36.8
54,37.6
54,37.4
55,37.4
55,37.6
55,38.8
55,37.9
55,37.9
55,37.9
55,38.3
55,38.3
55,37.8
56,37.6
56,38.3
56,38.3
56,37.9
56,38.1
56,38.1
56,38.1
56,37.8
56,37.8
56,37.8
57,37.6
57,37.9
57,37.9
57,37.9
57,37.9
57,37.9
57,37.9
57,38.5
57,37.9
57,37.9
58,37.8
58,38.1
58,37.9
58,37.9
58,36.8
58,37.9
58,37.9
58,37.9
58,37.6
58,37.8
59,37.8
59,38.1
59,37.4
59,37.4
59,37.8
59,37.6
59,36.8
59,36.8
59,37.4
59,37.6
60,37.6
60,37.2
60,36.3
60,37.6
60,37.6
60,37.9
60,37.2
60,37.2
60,37.9
60,38.1
60,37.8
61,37.8
61,37.4
61,37.8
61,37.8
61,37.4
61,37.6
61,37.6
61,37.9
61,38.3
61,37.0
62,37.0
62,37.9
62,36.8
62,36.8
62,37.6
62,38.1
62,37.4
62,37.4
62,37.9
62,37.9
63,37.9
63,37.9
63,37.6
63,38.3
63,38.3
63,37.6
63,38.3
63,38.3
63,37.8
64,37.0
64,37.6
64,37.6
64,38.3
64,38.5
64,38.5
64,38.1
64,37.8
64,38.1
64,38.1
65,37.8
65,37.9
65,37.9
65,37.8
65,38.5
65,37.2
65,37.2
65,37.9
65,37.8
65,37.8
66,37.2
66,37.6
66,37.4
66,37.4
66,37.9
66,38.1
66,38.1
66,37.9
66,37.9
66,37.8
67,37.8
67,38.1
67,38.1
67,38.1
67,37.8
67,37.9
67,37.9
67,37.9
67,37.6
67,37.8
68,37.8
68,37.8
68,37.6
68,38.1
68,38.1
68,37.4
68,38.3
68,38.3
68,37.6
68,37.4
68,37.4
69,37.4
69,37.0
69,37.4
69,37.4
69,37.4
69,37.8
69,38.3
69,38.3
69,38.3
69,37.6
70,37.6
70,37.9
70,38.3
70,37.9
70,37.9
70,38.1
70,37.8
70,37.8
70,37.6
70,37.8
71,37.2
71,37.2
71,37.9
71,37.4
71,37.4
71,37.4
71,37.4
71,37.9
71,37.9
72,37.8
72,37.8
72,37.8
72,37.9
72,37.8
72,37.9
72,37.9
72,37.6
72,37.6
72,37.6
73,37.4
73,37.8
73,37.2
73,37.2
73,37.8
73,38.3
73,38.3
73,38.1
73,38.5
73,37.8
74,37.8
74,38.1
74,37.2
74,37.2
74,37.8
74,37.8
74,37.0
74,37.0
74,37.8
74,37.9
75,37.9
75,37.0
75,38.3
75,37.9
75,37.9
75,37.4
75,37.8
75,37.8
75,37.6
75,38.5
75,37.4
76,37.4
76,38.1
76,37.9
76,37.9
76,37.0
76,37.8
76,37.6
76,37.6
76,37.8
76,37.9
77,37.9
77,37.2
77,37.8
77,38.7
77,38.7
77,38.7
77,38.3
77,38.3
77,38.3
78,38.3
78,38.1
78,38.1
78,38.3
78,37.9
78,37.9
78,38.5
78,37.2
78,38.1
78,38.1
79,38.3
79,37.8
79,37.8
79,37.6
79,38.1
79,37.4
79,37.4
79,37.9
79,37.8
79,37.8
80,37.4
80,37.8
80,38.1
80,38.1
80,37.6
80,37.9
80,37.9
80,38.3
80,38.3
80,37.8
81,37.8
81,37.8
81,38.3
81,38.3
81,37.6
81,37.9
81,38.5
81,38.5
81,38.3
81,39.0
82,39.0
82,38.5
82,37.4
82,37.9
82,37.9
82,37.9
82,38.1
82,38.1
82,37.8
82,37.8
83,37.4
83,37.4
83,38.5
83,38.5
83,38.5
83,37.8
83,37.8
83,37.6
83,37.6
84,37.2
84,38.7
84,38.7
84,37.6
84,37.4
84,37.4
84,38.1
84,37.8
84,37.9
84,37.9
84,38.3
84,38.7
85,38.7
85,37.9
85,37.9
85,38.1
85,38.1
85,38.7
85,38.8
85,38.8
85,38.1
86,38.1
86,37.4
86,37.4
86,38.3
86,37.9
86,37.9
86,38.5
86,37.8
86,38.1
86,38.1
87,37.6
87,37.6
87,37.6
87,37.8
87,36.8
87,37.6
87,37.6
87,37.8
87,38.1
87,37.6
88,37.6
88,37.9
88,37.4
88,37.4
88,38.1
88,38.1
88,38.1
88,37.8
88,37.4
88,37.9
89,37.9
89,38.3
89,38.1
89,38.1
89,37.6
89,37.4
89,37.8
89,37.8
89,37.2
89,38.1
90,37.8
90,37.8
90,37.6
90,37.4
90,37.4
90,38.3
90,37.9
90,38.1
90,38.1
91,38.8
91,38.1
91,38.1
91,37.8
91,37.9
91,38.1
91,38.1
91,38.1
91,37.6
91,37.6
92,37.6
92,37.0
92,37.0
92,38.5
92,38.1
92,37.8
92,37.8
92,38.1
92,37.9
92,37.9
92,37.6
93,37.6
93,37.9
93,37.9
93,38.1
93,37.9
93,37.9
93,37.8
93,38.3
93,37.4
93,37.4
94,37.6
94,37.9
94,37.9
94,38.5
94,38.3
94,37.6
94,37.6
94,37.8
94,38.1
94,38.1
95,38.1
95,37.6
95,38.3
95,38.3
95,38.1
95,38.3
95,38.3
95,37.9
95,38.8
95,39.2
96,39.2
96,37.9
96,37.9
96,37.9
96,38.1
96,37.6
96,38.1
96,38.1
96,37.8
96,37.9
97,37.9
97,37.2
97,37.2
97,37.8
97,37.8
97,38.1
97,37.8
97,38.1
97,38.1
97,37.9
97,37.6
98,37.6
98,38.7
98,38.3
98,37.4
98,37.4
98,37.8
98,37.8
98,38.3
98,38.3
99,38.5
99,38.5
99,38.5
99,37.8
99,37.6
99,37.9
99,37.9
99,37.6
99,38.3
99,38.3
100,37.8
100,38.3
100,38.5
100,38.5
100,38.1
100,38.5
100,38.5
100,37.9
100,38.1
100,37.9
101,37.9
101,39.0
101,37.2
101,37.2
101,38.3
101,37.4
101,37.4
101,37.9
101,37.2
101,37.9
102,37.9
102,37.4
102,38.7
102,38.7
102,37.6
102,38.5
102,37.9
102,37.9
102,37.9
102,37.8
103,37.8
103,38.3
103,38.3
103,37.9
103,37.9
103,38.5
103,38.1
103,38.1
103,38.5
104,37.6
104,37.8
104,37.8
104,37.9
104,37.9
104,37.9
104,37.8
104,38.1
104,38.5
104,38.5
105,37.6
105,37.9
105,37.9
105,38.1
105,37.6
105,38.3
105,38.3
105,37.4
105,37.9
105,37.9
105,38.5
106,37.6
106,37.9
106,37.9
106,37.8
106,37.8
106,37.8
106,37.9
106,38.5
106,37.8
106,37.8
107,37.8
107,37.8
107,37.2
107,37.2
107,38.5
107,37.6
107,37.6
107,37.6
107,38.8
107,38.3
108,38.3
108,38.3
108,37.6
108,37.8
108,37.8
108,37.8
108,38.3
108,38.3
108,37.9
109,37.6
109,38.5
109,38.5
109,37.9
109,37.4
109,37.4
109,37.0
109,37.9
109,37.9
109,37.9
110,37.8
110,38.1
110,37.9
110,37.9
110,38.3
110,37.6
110,37.6
110,37.6
110,38.7
110,38.7
110,37.8
111,38.3
111,37.8
111,37.8
111,37.8
111,37.2
111,37.2
111,37.9
111,38.1
111,37.6
111,37.6
112,38.1
112,37.4
112,37.4
112,37.8
112,37.2
112,38.3
112,38.3
112,37.0
112,38.3
112,38.3
113,37.8
113,37.9
113,38.7
113,38.7
113,37.2
113,37.8
113,37.8
113,37.8
113,37.8
113,37.9
114,37.9
114,38.3
114,37.9
114,37.9
114,38.3
114,38.3
114,37.8
114,37.8
114,38.3
114,37.9
115,37.9
115,37.9
115,37.9
115,38.3
115,38.3
115,38.5
115,37.9
115,37.9
115,37.9
116,37.8
116,38.1
116,38.1
116,37.8
116,37.8
116,37.8
116,38.1
116,37.9
116,37.6
116,37.6
117,38.3
117,37.9
117,37.9
117,37.6
117,38.3
117,37.9
117,37.9
117,38.1
117,37.9
117,37.9
118,38.1
118,38.1
118,38.1
118,38.1
118,38.5
118,38.8
118,38.8
118,37.6
118,37.6
118,37.6
118,37.6
119,37.6
119,37.8
119,37.8
119,37.9
119,37.9
119,37.9
119,37.9
119,37.8
119,38.3
119,38.3
120,37.6
120,37.9
120,37.9
120,37.9
120,38.1
120,37.8
120,37.8
120,38.1
120,38.1
120,37.4
121,37.4
121,37.4
121,37.8
121,37.8
121,37.4
121,38.3
121,38.1
121,38.1
121,38.7
121,38.3
122,38.3
122,37.6
122,37.8
122,37.9
122,37.9
122,38.1
122,37.6
122,37.9
122,37.9
123,38.1
123,37.4
123,37.4
123,37.9
123,37.9
123,37.8
123,37.8
123,37.8
123,37.8
123,37.8
124,37.9
124,37.8
124,38.3
124,38.3
124,38.1
124,37.8
124,37.8
124,37.9
124,37.6
124,37.8
124,37.8
125,38.7
125,37.9
125,38.1
125,38.1
125,38.3
125,38.3
125,38.3
125,37.8
125,38.3
125,37.9
126,37.9
126,38.3
126,37.6
126,37.6
126,37.4
126,37.8
126,38.1
126,38.1
126,37.6
126,37.4
127,37.4
127,37.9
127,38.3
127,37.8
127,37.8
127,37.4
127,37.8
127,37.8
127,38.5
128,38.1
128,38.1
128,38.1
128,37.8
128,37.9
128,37.9
128,38.1
128,38.1
128,37.4
128,37.4
129,38.1
129,37.2
129,37.2
129,38.1
129,38.1
129,38.5
129,38.5
129,37.9
129,38.7
129,38.7
130,37.8
130,38.1
130,37.6
130,37.6
130,37.8
130,37.6
130,37.6
130,38.1
130,37.8
130,37.8
131,37.8
131,38.7
131,37.8
131,37.8
131,38.3
131,37.9
131,38.1
131,38.1
131,38.5
131,38.1
131,38.1
132,38.5
132,38.3
132,37.8
132,37.8
132,37.8
132,37.9
132,37.9
132,37.8
132,38.3
132,38.7
133,38.7
133,38.5
133,38.1
133,38.1
133,38.3
133,38.3
133,37.8
133,37.8
133,37.6
133,38.5
134,38.5
134,37.0
134,38.3
134,38.3
134,38.3
134,37.9
134,37.2
134,37.2
134,37.4
134,38.7
135,38.7
135,37.9
135,37.8
135,38.7
135,38.7
135,37.8
135,37.9
135,37.9
135,38.3
136,37.9
136,38.3
136,38.3
136,38.5
136,37.2
136,37.2
136,37.8
136,38.1
136,38.1
136,37.2
137,37.2
137,37.6
137,37.6
137,38.3
137,37.8
137,37.8
137,38.5
137,37.2
137,37.8
137,37.8
138,37.8
138,38.5
138,38.5
138,37.8
138,37.4
138,38.3
138,38.3
138,37.9
138,38.5
138,38.5
139,38.5
139,38.1
139,37.6
139,37.6
139,38.7
139,37.6
139,37.6
139,38.3
139,38.3
139,38.5
140,38.5
140,37.9
140,37.6
140,37.6
140,38.3
140,37.4
140,37.8
140,37.8
140,38.1
140,37.8
140,37.8
141,38.3
141,37.4
141,37.8
141,37.8
141,37.6
141,37.8
141,37.8
141,38.1
141,38.1
141,38.3
142,38.3
142,38.8
142,38.8
142,38.8
142,37.2
142,38.8
142,37.4
142,37.4
142,37.8
142,37.9
143,37.9
143,36.8
143,37.8
143,37.8
143,38.3
143,38.1
143,37.9
143,37.9
143,38.1
143,38.3
144,38.1
144,38.1
144,38.3
144,38.5
144,38.5
144,37.8
144,37.9
144,37.9
144,37.6
145,37.8
145,37.4
145,37.4
145,39.2
145,37.6
145,37.6
145,37.9
145,37.4
145,38.1
145,38.1
146,37.8
146,38.1
146,38.1
146,38.5
146,38.1
146,38.1
146,38.1
146,37.2
146,37.9
146,37.9
147,37.6
147,37.9
147,38.5
147,38.5
147,38.1
147,37.8
147,37.8
147,37.9
147,38.3
147,38.3
148,38.3
148,38.7
148,38.1
148,38.1
148,38.7
148,38.7
148,37.9
148,37.9
148,37.8
148,37.9
149,37.9
149,38.1
149,38.5
149,37.8
149,37.8
149,37.9
149,37.8
149,37.8
149,38.5
149,38.5
150,38.8
150,38.8
150,37.6
150,37.9
150,37.9
150,38.1
150,37.6
150,37.8
150,37.8
150,37.8
150,38.5
151,38.5
151,38.3
151,38.7
151,38.5
151,38.5
151,38.3
151,38.3
151,38.3
151,38.3
152,37.8
152,37.8
152,37.8
152,38.3
152,38.1
152,38.1
152,37.6
152,37.4
152,37.6
152,37.6
153,37.9
153,37.6
153,37.6
153,37.9
153,37.9
153,38.7
153,38.7
153,38.5
153,37.4
153,37.4
154,38.3
154,38.1
154,38.7
154,38.7
154,38.5
154,38.3
154,38.3
154,37.6
154,38.5
154,39.2
155,39.2
155,38.5
155,38.7
155,38.3
155,38.3
155,38.5
155,38.1
155,38.1
155,37.8
155,37.4
156,38.7
156,38.7
156,38.1
156,38.1
156,38.1
156,38.5
156,37.4
156,37.6
156,37.6
157,37.6
157,38.7
157,38.7
157,37.8
157,38.1
157,37.8
157,37.8
157,38.3
157,38.1
157,38.1
157,38.1
157,38.3
158,38.3
158,37.9
158,38.1
158,37.2
158,37.2
158,37.9
158,37.6
158,37.6
158,37.9
159,38.1
159,37.4
159,37.4
159,37.8
159,37.8
159,37.8
159,38.3
159,38.1
159,37.9
159,37.9
160,38.5
160,38.7
160,38.7
160,37.8
160,38.3
160,38.3
160,38.3
160,37.8
160,38.1
160,38.1
161,38.3
161,38.1
161,37.4
161,37.4
161,38.3
161,39.0
161,39.0
161,37.6
161,38.3
161,37.9
162,37.9
162,37.8
162,38.5
162,37.9
162,37.9
162,38.1
162,37.9
162,37.9
162,37.6
163,38.5
163,37.9
163,37.9
163,38.3
163,37.8
163,37.8
163,38.3
163,39.2
163,38.5
163,38.5
164,38.3
164,37.4
164,37.4
164,37.6
164,37.8
164,37.4
164,37.4
164,38.3
164,37.6
164,37.6
164,38.1
165,37.4
165,38.3
165,38.3
165,38.1
165,37.8
165,37.8
165,37.8
165,37.8
165,37.6
165,37.6
166,37.9
166,38.1
166,38.1
166,38.3
166,37.6
166,38.1
166,38.1
166,38.5
166,37.8
166,37.8
167,38.3
167,38.3
167,37.8
167,37.8
167,38.7
167,38.3
167,38.3
167,38.3
167,38.3
167,38.7
168,38.7
168,37.8
168,38.3
168,38.3
168,38.1
168,38.3
168,37.9
168,37.9
168,37.9
168,38.3
169,38.3
169,39.2
169,38.3
169,38.5
169,38.5
169,38.3
169,38.1
169,38.1
169,38.7
170,38.1
170,38.5
170,38.5
170,37.9
170,37.9
170,37.9
170,38.1
170,37.0
170,37.9
170,37.9
171,38.1
171,38.1
171,38.1
171,38.1
171,38.7
171,37.9
171,37.9
171,38.1
171,37.6
171,37.6
172,37.4
172,37.9
172,38.1
172,38.1
172,37.4
172,37.6
172,38.7
172,38.7
172,37.9
172,37.9
172,37.6
173,37.6
173,38.3
173,38.3
173,38.3
173,37.8
173,37.6
173,37.6
173,37.6
173,37.2
173,37.0
174,37.0
174,37.8
174,38.5
174,37.9
174,37.9
174,37.9
174,37.8
174,37.8
174,38.3
174,38.1
175,38.1
175,37.8
175,38.7
175,37.9
175,37.9
175,38.1
175,38.5
175,38.5
175,38.5
176,37.9
176,38.8
176,38.8
176,37.9
176,38.1
176,38.1
176,38.3
176,38.1
176,38.5
176,38.5
177,38.3
177,37.8
177,37.8
177,38.3
177,38.1
177,37.8
177,37.8
177,37.8
177,37.9
177,37.9
178,38.5
178,38.1
178,38.1
178,37.9
178,38.5
178,38.8
178,38.8
178,37.9
178,38.3
178,38.1
179,38.1
179,38.3
179,37.9
179,37.9
179,37.6
179,37.8
179,37.8
179,37.8
179,37.8
179,38.3
179,38.3
180,37.4
180,38.5
180,38.7
180,38.7
180,38.5
180,37.8
180,37.8
180,38.3
180,38.1
180,38.5
181,38.5
181,38.1
181,37.8
181,37.8
181,37.4
181,37.8
181,37.8
181,38.7
181,37.6
181,38.7
182,38.7
182,38.3
182,38.1
182,38.1
182,37.9
182,39.0
182,38.1
182,38.1
182,37.4
182,37.9
183,37.9
183,37.4
183,36.8
183,38.3
183,38.3
183,37.9
183,37.9
183,37.9
183,37.9
184,37.4
184,38.1
184,38.1
184,37.8
184,37.9
184,37.9
184,37.4
184,37.8
184,38.5
184,38.5
185,38.1
185,38.3
185,37.8
185,37.8
185,37.8
185,37.0
185,37.0
185,38.3
185,38.5
185,37.8
185,37.8
186,37.6
186,37.9
186,37.8
186,37.8
186,37.9
186,38.3
186,37.4
186,37.4
186,38.3
186,37.9
187,37.9
187,38.3
187,37.2
187,38.3
187,38.3
187,37.9
187,38.7
187,37.6
187,37.6
188,37.6
188,38.3
188,38.3
188,38.3
188,38.1
188,37.9
188,37.9
188,37.9
188,37.6
188,37.9
189,37.9
189,37.9
189,38.1
189,38.1
189,38.1
189,38.8
189,38.1
189,38.1
189,38.5
189,38.1
189,38.1
190,37.2
190,38.5
190,37.9
190,37.9
190,37.6
190,38.1
190,38.1
190,38.3
190,38.3
190,38.1
191,38.1
191,38.1
191,37.8
191,37.8
191,38.8
191,38.1
191,38.1
191,38.1
191,37.9
191,37.9
192,37.9
192,38.8
192,37.9
192,38.5
192,38.5
192,37.9
192,37.8
192,37.8
192,37.8
192,37.6
193,38.1
193,38.1
193,38.3
193,38.1
193,38.1
193,37.8
193,38.7
193,37.8
193,37.8
194,38.3
194,38.1
194,38.1
194,37.9
194,38.5
194,38.5
194,37.8
194,37.9
194,38.1
194,38.1
195,37.6
195,38.5
195,38.5
195,38.5
195,38.8
195,38.8
195,38.8
195,38.3
195,37.8
195,37.9
196,37.9
196,39.0
196,38.1
196,38.1
196,38.8
196,37.6
196,37.8
196,37.8
196,38.1
196,37.6
196,37.6
197,37.8
197,38.1
197,38.3
197,38.3
197,37.9
197,37.2
197,37.2
197,37.8
197,37.6
197,37.8
198,37.8
198,37.8
198,37.8
198,37.8
198,37.9
198,37.8
198,37.8
198,37.8
198,38.8
199,38.5
199,38.7
199,38.7
199,38.8
199,37.8
199,37.8
199,37.6
199,38.1
199,38.1
199,38.1
200,37.9
200,37.6
200,38.7
200,38.7
200,37.9
200,37.8
200,37.8
200,37.6
200,37.9
200,37.9
201,37.9
201,37.9
201,37.6
201,37.6
201,38.1
201,37.9
201,38.5
201,38.5
201,38.1
201,38.3
202,38.3
202,39.0
202,37.8
202,37.8
202,37.8
202,38.8
202,37.9
202,37.9
202,38.5
202,38.3
202,38.3
203,38.5
203,38.3
203,37.6
203,37.6
203,38.8
203,38.1
203,38.1
203,38.5
203,38.3
203,38.3
204,38.3
204,37.9
204,38.8
204,38.8
204,38.1
204,37.8
204,38.7
204,38.7
204,37.9
204,37.8
205,37.8
205,38.5
205,37.4
205,38.1
205,38.1
205,37.8
205,37.6
205,37.6
205,37.8
206,38.3
206,38.3
206,38.3
206,37.6
206,37.8
206,37.8
206,38.5
206,37.8
206,38.5
206,38.5
207,37.8
207,37.9
207,37.9
207,38.3
207,39.0
207,37.8
207,37.8
207,38.3
207,38.1
207,38.1
208,38.3
208,37.6
208,37.4
208,37.4
208,37.9
208,38.3
208,38.3
208,38.1
208,38.3
208,38.1
209,38.1
209,38.1
209,37.8
209,37.8
209,37.9
209,38.5
209,38.5
209,38.5
209,38.5
209,37.9
209,37.9
210,37.9
210,37.8
210,38.3
210,38.3
210,37.6
210,38.3
210,37.8
210,37.8
210,37.8
210,38.3
211,38.3
211,37.8
211,37.6
211,37.9
211,37.9
211,37.8
211,37.8
211,37.9
211,37.9
212,38.7
212,38.3
212,38.8
212,38.8
212,37.9
212,37.8
212,37.8
212,38.5
212,38.7
212,38.7
213,38.1
213,37.8
213,38.7
213,38.7
213,37.9
213,38.1
213,38.1
213,37.8
213,38.1
213,38.8
214,38.8
214,37.9
214,38.5
214,38.5
214,38.7
214,38.8
214,38.5
214,38.5
214,38.1
214,37.4
215,37.4
215,37.8
215,38.3
215,38.3
215,38.8
215,37.9
215,38.5
215,38.5
215,37.6
215,37.8
215,37.8
216,38.3
216,38.7
216,38.8
216,38.8
216,37.4
216,38.1
216,38.1
216,38.1
216,37.9
216,38.3
217,38.3
217,38.5
217,38.5
217,38.5
217,37.8
217,37.4
217,37.2
217,37.2
217,37.8
217,38.8
218,38.8
218,38.1
218,37.8
218,37.9
218,37.9
218,38.7
218,38.8
218,38.8
218,37.8
219,38.8
219,38.1
219,38.1
219,37.9
219,38.5
219,38.5
219,37.8
219,38.1
219,37.9
219,37.9
220,37.9
220,38.3
220,38.3
220,38.8
220,37.4
220,38.3
220,38.3
220,38.3
220,38.3
220,38.3
221,37.8
221,37.6
221,38.1
221,38.1
221,37.8
221,38.8
221,38.8
221,37.9
221,38.7
221,38.5
222,38.5
222,38.3
222,38.1
222,38.1
222,38.5
222,38.5
222,38.1
222,38.1
222,38.8
222,38.5
223,38.5
223,37.9
223,38.3
223,38.3
223,38.3
223,38.1
223,38.5
223,38.5
223,38.8
223,38.7
223,38.7
224,38.7
224,38.1
224,37.9
224,37.9
224,37.8
224,37.8
224,37.9
224,37.9
224,37.6
224,37.4
225,37.4
225,38.3
225,38.1
225,37.9
225,37.9
225,38.5
225,38.7
225,38.7
225,37.4
225,38.3
226,38.3
226,38.3
226,38.7
226,38.3
226,38.3
226,38.5
226,38.5
226,38.5
226,37.6
227,38.1
227,37.6
227,37.6
227,38.3
227,37.9
227,37.9
227,38.5
227,39.0
227,38.3
227,38.3
228,38.1
228,37.9
228,37.9
228,38.3
228,37.4
228,38.3
228,38.3
228,37.9
228,38.1
228,38.1
229,38.5
229,37.8
229,38.1
229,38.1
229,37.8
229,38.1
229,38.3
229,38.3
229,38.3
229,38.1
230,38.1
230,38.3
230,37.6
230,37.6
230,38.1
230,38.8
230,38.3
230,38.3
230,38.3
230,37.6
231,37.6
231,37.6
231,37.6
231,37.9
231,37.9
231,37.9
231,37.8
231,37.8
231,37.4
231,38.1
231,38.5
232,38.5
232,37.8
232,38.1
232,38.1
232,38.8
232,38.5
232,37.6
232,37.6
232,38.5
232,38.1
233,38.1
233,38.1
233,38.3
233,38.7
233,38.7
233,37.9
233,37.8
233,37.8
233,37.9
234,37.8
234,38.3
234,38.3
234,38.8
234,37.8
234,37.8
234,38.3
234,38.1
234,38.1
234,38.1
235,38.1
235,38.5
235,38.5
235,38.1
235,37.4
235,38.1
235,38.1
235,37.4
235,38.1
235,38.1
236,38.5
236,37.8
236,37.8
236,37.8
236,38.5
236,38.5
236,38.5
236,38.5
236,38.1
236,38.3
237,38.3
237,37.8
237,37.6
237,37.6
237,39.0
237,38.7
237,37.6
237,37.6
237,38.1
238,37.6
238,37.9
238,37.9
238,38.1
238,38.7
238,37.8
238,37.8
238,37.9
238,38.7
238,38.7
238,38.7
238,38.3
239,38.3
239,37.8
239,37.9
239,38.7
239,38.7
239,38.3
239,38.1
239,38.8
239,38.8
240,38.1
240,38.1
240,38.1
240,38.1
240,37.8
240,37.8
240,37.9
240,37.9
240,38.1
240,38.1
241,38.1
241,39.0
241,37.8
241,37.8
241,37.9
241,38.1
241,38.1
241,38.1
241,38.3
241,37.9
242,37.9
242,37.8
242,37.6
242,37.6
242,38.1
242,38.1
242,38.7
242,38.7
242,37.9
242,37.9
243,37.9
243,38.3
243,38.3
243,38.5
243,38.5
243,38.1
243,38.1
243,38.1
243,37.9
243,38.1
244,38.7
244,38.7
244,38.1
244,37.9
244,37.9
244,37.6
244,36.8
244,37.9
244,37.9
245,37.6
245,37.9
245,37.9
245,38.3
245,38.3
245,38.3
245,37.8
245,37.8
245,37.8
245,37.8
245,37.6
245,37.9
246,37.9
246,37.9
246,37.9
246,37.6
246,37.6
246,38.3
246,37.6
246,37.6
246,37.8
247,38.3
247,37.6
247,37.6
247,38.3
247,37.9
247,38.3
247,38.3
247,38.3
247,37.8
247,37.8
248,37.8
248,37.8
248,38.3
248,38.3
248,38.5
248,38.7
248,38.7
248,37.9
248,37.8
248,37.8
249,37.8
249,37.0
249,37.6
249,37.6
249,38.7
249,38.1
249,38.1
249,38.1
249,37.6
250,37.9
250,38.1
250,38.1
250,38.3
250,37.9
250,38.5
250,38.5
250,38.1
250,38.1
250,38.1
250,37.4
250,37.6
251,38.1
251,38.1
251,37.6
251,37.4
251,37.4
251,38.5
251,37.9
251,37.9
251,38.5
252,37.8
252,37.8
252,37.8
252,38.3
252,37.9
252,37.9
252,37.9
252,38.3
252,37.6
252,37.6
253,38.1
253,38.1
253,38.1
253,37.4
253,38.5
253,37.8
253,37.8
253,38.3
253,37.9
253,38.7
254,38.7
254,38.1
254,37.9
254,37.9
254,37.8
254,38.3
254,37.9
254,37.9
254,38.3
254,38.3
255,38.3
255,38.5
255,37.9
255,37.9
255,37.9
255,38.7
255,38.8
255,38.8
255,38.1
255,38.1
256,38.1
256,37.8
256,38.8
256,37.6
256,37.6
256,38.5
256,38.7
256,38.1
256,38.1
257,38.3
257,37.9
257,37.9
257,37.6
257,37.9
257,38.7
257,38.7
257,38.5
257,37.9
257,37.9
258,38.1
258,38.1
258,38.1
258,38.7
258,37.9
258,37.8
258,37.8
258,38.1
258,38.1
258,38.1
258,38.5
259,37.8
259,37.4
259,37.4
259,37.6
259,37.4
259,37.4
259,37.8
259,37.8
259,37.9
259,37.9
260,37.9
260,37.8
260,37.8
260,37.6
260,37.9
260,38.3
260,38.3
260,37.2
260,37.9
260,37.9
261,38.1
261,37.6
261,38.5
261,38.5
261,37.4
261,37.4
261,37.4
261,38.1
261,37.8
261,37.9
262,37.9
262,37.6
262,37.8
262,37.8
262,37.6
262,38.3
262,37.9
262,37.9
262,38.3
262,37.6
263,37.6
263,38.1
263,37.9
263,38.3
263,38.3
263,38.3
263,37.6
263,38.3
263,38.3
264,37.6
264,37.2
264,37.2
264,37.4
264,38.1
264,37.8
264,37.8
264,38.3
264,37.9
264,37.9
264,38.3
265,38.5
265,38.3
265,38.3
265,37.9
265,38.1
265,38.1
265,37.6
265,37.9
265,38.7
265,38.7
266,37.4
266,38.3
266,38.3
266,38.8
266,38.1
266,37.6
266,37.6
266,38.1
266,37.6
266,37.6
267,38.1
267,38.3
267,38.3
267,38.3
267,37.6
267,38.1
267,38.1
267,37.6
267,37.8
267,38.1
268,38.1
268,38.3
268,38.5
268,38.5
268,38.1
268,37.8
268,37.2
268,37.2
268,37.8
268,37.8
269,37.8
269,38.5
269,37.2
269,37.4
269,37.4
269,37.8
269,37.9
269,37.9
269,37.9
270,38.1
270,38.1
270,38.1
270,38.1
270,38.1
270,38.1
270,37.9
270,37.9
270,38.3
270,38.3
271,37.8
271,38.3
271,38.3
271,38.7
271,38.1
271,37.8
271,37.8
271,38.5
271,39.0
271,39.0
271,38.3
272,37.9
272,37.9
272,37.9
272,38.1
272,37.9
272,37.9
272,37.8
272,37.8
272,37.6
272,37.6
273,37.9
273,38.3
273,38.1
273,38.1
273,37.9
273,38.1
273,38.1
273,37.9
273,38.1
273,37.9
274,37.9
274,37.9
274,37.9
274,37.9
274,37.9
274,38.3
274,37.8
274,37.8
274,37.8
274,38.1
275,38.1
275,36.8
275,37.9
275,38.8
275,38.8
275,38.5
275,37.9
275,37.9
275,37.9
275,37.2
276,38.3
276,38.3
276,37.6
276,38.3
276,38.3
276,38.3
276,37.8
276,38.1
276,38.1
277,37.8
277,38.3
277,38.3
277,38.1
277,38.3
277,37.8
277,37.8
277,38.1
277,38.1
277,38.1
278,38.7
278,38.7
278,37.9
278,37.9
278,37.8
278,37.4
278,37.4
278,38.7
278,38.1
278,38.1
278,38.5
279,38.3
279,38.1
279,38.1
279,38.3
279,37.8
279,37.8
279,38.8
279,37.4
279,38.8
279,38.8
280,38.5
280,37.9
280,37.9
280,38.3
280,37.8
280,37.9
280,37.9
280,37.8
280,38.1
280,38.1
281,38.3
281,38.1
281,38.1
281,38.1
281,37.2
281,38.1
281,38.1
281,37.8
281,37.9
281,37.9
282,37.9
282,37.9
282,38.1
282,38.1
282,37.9
282,37.9
282,37.8
282,37.8
282,37.8
282,38.1
283,38.1
283,37.9
283,37.8
283,37.8
283,37.8
283,37.9
283,38.1
283,38.1
283,37.9
283,38.3
284,38.5
284,38.5
284,37.8
284,38.5
284,38.5
284,38.1
284,38.1
284,38.7
284,38.7
285,38.1
285,37.9
285,37.9
285,38.1
285,38.5
285,37.8
285,37.8
285,37.9
285,38.3
285,38.3
286,37.9
286,37.9
286,37.9
286,37.8
286,37.9
286,38.7
286,38.7
286,38.1
286,38.5
286,38.5
287,37.8
287,38.3
287,38.3
287,38.3
287,38.7
287,37.8
287,37.8
287,38.8
287,38.1
287,37.9
287,37.9
288,38.1
288,37.8
288,38.3
288,38.3
288,37.9
288,38.3
288,38.5
288,38.5
288,37.4
288,37.8
289,37.8
289,37.2
289,37.9
289,38.3
289,38.3
289,38.3
289,38.7
289,38.7
289,37.0
289,37.4
290,37.9
290,37.9
290,37.8
290,38.7
290,38.7
290,37.9
290,37.9
290,38.3
290,38.3
291,38.5
291,37.4
291,37.4
291,38.5
291,37.6
291,37.9
291,37.9
291,38.5
291,37.8
291,37.8
292,37.9
292,38.3
292,37.9
292,37.9
292,37.9
292,38.7
292,38.7
292,37.6
292,37.9
292,38.3
292,38.3
293,37.9
293,37.9
293,37.9
293,38.7
293,37.2
293,37.4
293,37.4
293,38.1
293,38.7
293,38.7
294,37.9
294,38.7
294,37.6
294,37.6
294,37.9
294,37.9
294,37.9
294,38.5
294,38.3
294,37.8
295,37.8
295,38.3
295,37.8
295,37.8
295,37.6
295,37.4
295,38.8
295,38.8
295,37.9
295,38.7
296,38.7
296,38.1
296,37.6
296,37.6
296,37.6
296,38.5
296,37.8
296,37.8
296,37.0
296,38.1
297,37.9
297,37.9
297,37.9
297,37.8
297,37.8
297,38.8
297,37.8
297,37.8
297,38.1
298,37.9
298,38.7
298,38.7
298,38.5
298,38.1
298,38.1
298,37.9
298,38.1
298,37.6
298,37.6
299,38.3
299,37.8
299,37.8
299,37.9
299,37.8
299,37.8
299,37.8
299,37.8
299,37.8
299,37.8
300,38.3
300,38.8
300,37.8
300,37.8
300,38.1
300,37.8
300,37.8
300,37.2
300,38.8
300,38.3
301,38.3
301,38.1
301,38.3
301,38.3
301,38.7
301,38.7
301,38.7
301,38.1
301,38.5
301,37.8
301,37.8
302,37.9
302,37.9
302,37.9
302,38.3
302,37.9
302,38.1
302,38.1
302,38.7
302,37.9
302,37.9
303,37.8
303,38.7
303,37.9
303,37.9
303,37.4
303,37.9
303,37.9
303,37.9
303,38.7
303,38.3
304,38.3
304,38.5
304,37.9
304,37.9
304,37.8
304,37.8
304,37.8
304,38.5
304,38.7
304,37.9
305,37.9
305,37.0
305,38.5
305,38.5
305,38.5
305,38.5
305,37.2
305,37.2
305,37.8
305,37.8
306,37.8
306,37.8
306,37.9
306,37.9
306,37.9
306,37.4
306,38.1
306,38.1
306,37.0
306,38.5
307,37.6
307,37.6
307,37.8
307,37.8
307,37.8
307,37.9
307,38.3
307,37.8
307,37.8
308,37.4
308,37.6
308,37.6
308,37.9
308,37.9
308,38.1
308,38.1
308,37.4
308,37.6
308,37.6
309,37.9
309,37.8
309,37.9
309,37.9
309,38.5
309,37.6
309,37.6
309,38.1
309,37.9
309,37.6
310,37.6
310,37.9
310,37.8
310,37.8
310,38.1
310,38.3
310,38.3
310,38.7
310,38.7
310,37.8
311,37.8
311,38.3
311,38.1
311,38.1
311,38.1
311,37.9
311,38.3
311,38.3
311,37.4
311,37.9
311,37.9
312,38.5
312,37.6
312,38.5
312,38.5
312,38.1
312,37.9
312,37.9
312,38.1
312,38.8
312,38.3
313,38.3
313,38.5
313,37.2
313,37.9
313,37.9
313,38.1
313,38.3
313,38.1
313,38.1
314,37.9
314,37.8
314,37.9
314,37.9
314,37.8
314,37.8
314,37.8
314,37.2
314,37.2
314,37.2
315,37.9
315,37.9
315,38.3
315,38.3
315,38.5
315,37.6
315,37.6
315,37.2
315,38.1
315,37.4
316,37.4
316,37.8
316,37.6
316,37.6
316,36.8
316,37.8
316,38.3
316,38.3
316,37.4
316,37.9
317,37.9
317,37.9
317,38.1
317,37.8
317,37.8
317,37.8
317,37.6
317,37.6
317,38.1
317,38.3
317,38.3
318,38.7
318,38.5
318,37.8
318,37.8
318,36.7
318,38.3
318,38.3
318,38.3
318,38.1
318,38.5
319,38.5
319,37.9
319,38.5
319,38.5
319,37.8
319,37.4
319,37.8
319,37.8
319,38.1
319,37.8
320,37.8
320,39.0
320,38.1
320,37.8
320,37.8
320,37.6
320,37.6
320,37.6
320,38.1
320,38.3
321,38.3
321,38.5
321,37.9
321,37.4
321,37.4
321,37.9
321,37.9
321,37.9
321,38.3
322,37.4
322,38.1
322,38.1
322,38.7
322,37.8
322,37.8
322,37.9
322,38.3
322,37.8
322,37.8
323,37.6
323,37.9
323,37.9
323,38.3
323,38.3
323,38.3
323,37.4
323,38.1
323,37.9
323,37.9
324,38.5
324,37.4
324,39.0
324,39.0
324,37.4
324,37.6
324,37.6
324,37.8
324,38.7
324,38.7
325,38.1
325,38.1
325,37.0
325,37.0
325,38.1
325,37.8
325,37.8
325,37.2
325,38.3
325,38.1
326,38.1
326,38.3
326,37.9
326,37.9
326,37.8
326,37.6
326,37.8
326,37.8
326,37.6
326,37.6
327,37.6
327,38.1
327,38.1
327,37.6
327,37.6
327,37.8
327,37.9
327,37.9
327,37.8
327,38.1
327,38.1
328,38.1
328,38.5
328,37.9
328,37.9
328,36.8
328,37.6
328,37.8
328,37.8
328,37.8
328,38.1
329,38.1
329,37.8
329,37.0
329,37.6
329,37.6
329,37.4
329,37.2
329,37.2
329,37.9
330,37.6
330,37.0
330,37.0
330,37.9
330,37.4
330,37.4
330,38.1
330,37.4
330,37.8
330,37.8
331,37.9
331,38.1
331,38.1
331,37.2
331,36.8
331,38.3
331,38.3
331,38.5
331,38.5
331,37.8
332,37.8
332,37.6
332,37.8
332,37.8
332,37.6
332,37.9
332,37.9
332,37.9
332,38.3
332,37.8
333,37.8
333,37.9
333,38.1
333,37.9
333,37.9
333,38.1
333,38.1
333,38.1
333,38.3
333,38.3
334,38.3
334,38.5
334,37.2
334,37.6
334,37.6
334,38.5
334,38.1
334,38.1
334,38.3
335,38.1
335,37.9
335,37.9
335,37.9
335,37.6
335,37.4
335,37.4
335,39.0
335,37.4
335,37.4
335,37.4
335,37.8
336,38.3
336,38.3
336,37.9
336,38.1
336,38.1
336,37.8
336,37.8
336,38.3
336,38.3
337,38.3
337,38.8
337,38.8
337,38.1
337,37.9
337,38.7
337,38.7
337,38.3
337,37.9
337,37.9
338,38.5
338,37.0
338,38.1
338,38.1
338,37.8
338,37.6
338,37.9
338,37.9
338,37.8
338,38.1
339,38.3
339,38.3
339,38.3
339,38.1
339,37.2
339,37.2
339,37.2
339,37.9
339,37.9
339,38.7
340,38.5
340,37.6
340,37.6
340,36.8
340,37.4
340,37.4
340,38.1
340,37.9
340,37.9
340,37.9
341,37.9
341,37.2
341,37.2
341,38.3
341,38.3
341,38.3
341,38.3
341,37.2
341,37.9
341,37.9
342,37.8
342,37.9
342,38.1
342,38.1
342,37.9
342,36.8
342,36.8
342,38.7
342,38.8
342,37.8
343,37.8
343,37.9
343,37.4
343,37.4
343,38.3
343,37.9
343,38.3
343,38.3
343,37.9
343,38.3
344,38.3
344,38.5
344,37.8
344,37.8
344,37.2
344,37.9
344,37.6
344,37.6
344,37.2
344,38.8
345,37.9
345,37.9
345,37.9
345,38.3
345,38.3
345,38.5
345,37.6
345,38.3
345,38.3
346,37.9
346,36.8
346,36.8
346,38.7
346,38.7
346,38.7
346,38.5
346,37.4
346,37.8
346,37.8
347,37.6
347,37.4
347,37.4
347,37.6
347,37.6
347,38.5
347,38.5
347,37.6
347,38.1
347,38.1
347,38.5
348,37.6
348,37.9
348,37.9
348,38.1
348,38.3
348,38.3
348,37.2
348,37.6
348,38.5
348,38.5
349,38.1
349,37.9
349,37.9
349,37.9
349,38.7
349,37.6
349,37.6
349,38.7
349,37.8
349,37.8
350,37.2
350,38.5
350,37.6
350,37.6
350,38.1
350,38.1
350,38.1
350,37.6
350,37.4
350,37.4
351,37.6
351,38.5
351,37.4
351,37.4
351,37.9
351,37.6
351,37.6
351,37.4
351,37.2
351,38.1
352,38.1
352,37.8
352,38.3
352,38.3
352,38.3
352,37.9
352,38.3
352,38.3
352,36.7
353,37.8
353,37.4
353,37.4
353,38.3
353,37.6
353,37.6
353,38.1
353,38.5
353,37.9
353,37.9
354,38.3
354,38.1
354,38.1
354,37.9
354,38.7
354,37.9
354,37.9
354,38.8
354,37.6
354,37.6
355,37.2
355,37.8
355,37.6
355,37.6
355,38.7
355,37.9
355,37.9
355,37.6
355,37.6
355,38.7
355,38.7
356,38.1
356,37.8
356,37.8
356,37.9
356,37.4
356,37.6
356,37.6
356,38.3
356,37.4
356,37.4
357,38.3
357,37.8
357,37.9
357,37.9
357,37.4
357,37.6
357,37.6
357,38.1
357,38.1
357,37.8
358,37.8
358,37.6
358,37.8
358,37.8
358,37.9
358,37.4
358,38.1
358,38.1
358,37.6
358,37.0
359,37.0
359,38.7
359,37.9
359,38.7
359,38.7
359,37.9
359,37.9
359,37.9
359,37.4
360,38.7
360,38.7
360,38.7
360,38.1
360,38.1
360,38.1
360,37.4
360,38.7
360,37.8
360,37.8
361,37.2
361,37.8
361,37.8
361,38.8
361,37.6
361,37.6
361,37.6
361,37.9
361,38.1
361,38.1
362,37.8
362,38.1
362,38.3
362,38.3
362,37.8
362,37.4
362,37.4
362,37.4
362,38.1
362,37.9
363,37.9
363,38.1
363,37.9
363,37.9
363,38.5
363,38.5
363,37.4
363,37.4
363,38.1
363,37.9
364,37.9
364,38.1
364,38.1
364,38.1
364,37.6
364,37.0
364,37.2
364,37.2
364,38.5
364,37.4
365,37.4
365,37.9
365,37.4
365,37.4
365,37.4
365,38.3
365,37.6
365,37.6
365,37.4
365,38.1
365,38.1
366,37.4
366,37.8
366,37.2
366,37.2
366,37.4
366,37.8
366,37.8
366,37.8
366,37.9
366,38.3
367,38.3
367,38.5
367,37.8
367,37.8
367,37.8
367,38.1
367,37.6
367,37.6
367,36.7
367,37.8
368,37.8
368,37.2
368,37.9
368,38.3
368,38.3
368,36.8
368,37.6
368,37.6
368,37.2
369,37.8
369,37.9
369,37.9
369,37.9
369,38.1
369,38.1
369,38.3
369,38.1
369,37.2
369,37.2
370,37.9
370,37.4
370,37.4
370,37.9
370,37.8
370,37.4
370,37.4
370,38.3
370,37.6
370,37.6
371,37.8
371,37.8
371,37.2
371,37.2
371,37.6
371,37.2
371,37.2
371,38.3
371,37.4
371,37.4
372,37.6
372,37.0
372,38.1
372,38.1
372,38.5
372,37.9
372,37.9
372,37.6
372,37.4
372,37.8
373,37.8
373,37.8
373,37.8
373,37.8
373,37.8
373,38.3
373,38.3
373,38.3
373,37.9
373,37.6
374,37.6
374,37.8
374,37.9
374,37.8
374,37.8
374,37.8
374,37.9
374,37.9
374,37.8
374,37.6
374,37.9
375,37.9
375,37.8
375,38.1
375,38.1
375,37.2
375,38.1
375,37.6
375,37.6
375,37.9
375,37.8
376,37.8
376,37.8
376,38.5
376,38.1
376,38.1
376,38.5
376,37.4
376,37.4
376,38.1
376,37.2
377,37.2
377,38.1
377,37.6
377,37.8
377,37.8
377,37.4
377,37.4
377,37.4
377,37.9
378,38.1
378,37.9
378,37.9
378,37.4
378,38.1
378,38.1
378,37.4
378,37.6
378,37.4
378,37.4
379,37.8
379,37.6
379,37.6
379,37.8
379,37.9
379,37.6
379,37.6
379,37.8
379,38.1
379,38.1
380,37.8
380,38.3
380,37.9
380,37.9
380,37.9
380,37.6
380,37.6
380,37.4
380,37.9
380,37.8
381,37.8
381,37.9
381,37.2
381,37.2
381,37.9
381,37.2
381,37.9
381,37.9
381,37.9
381,37.8
382,37.8
382,37.6
382,37.9
382,37.2
382,37.2
382,38.5
382,38.1
382,38.1
382,38.3
382,37.0
382,38.1
383,38.1
383,37.8
383,37.8
383,37.8
383,37.4
383,37.2
383,38.1
383,38.1
383,37.8
383,37.8
384,37.8
384,38.7
384,37.9
384,36.5
384,36.5
384,38.7
384,38.7
384,38.7
384,37.0
385,37.4
385,38.3
385,38.3
385,38.5
385,37.8
385,37.8
385,37.6
385,37.2
385,37.8
385,37.8
386,37.6
386,37.9
386,37.9
386,38.5
386,37.6
386,37.6
386,37.2
386,37.0
386,37.4
386,37.4
387,38.5
387,37.9
387,38.5
387,38.5
387,38.1
387,37.6
387,37.6
387,37.4
387,37.8
387,37.4
388,37.4
388,37.6
388,38.1
388,38.1
388,37.6
388,37.8
388,37.8
388,37.6
388,37.6
388,37.4
389,37.4
389,37.9
389,37.6
389,37.6
389,37.0
389,37.2
389,37.2
389,37.2
389,38.5
389,37.6
390,37.6
390,37.9
390,37.6
390,37.2
390,37.2
390,38.3
390,37.6
390,37.6
390,37.6
390,37.8
390,37.2
391,37.2
391,38.8
391,37.2
391,37.2
391,37.6
391,37.8
391,37.6
391,37.6
391,37.9
391,37.9
392,37.9
392,36.8
392,37.9
392,37.6
392,37.6
392,37.6
392,37.2
392,37.2
392,37.0
393,37.8
393,37.0
393,37.0
393,37.8
393,37.6
393,37.0
393,37.0
393,37.6
393,37.2
393,37.2
394,37.6
394,37.8
394,37.9
394,37.9
394,37.2
394,38.3
394,38.3
394,37.9
394,37.4
394,38.7
395,38.7
395,37.4
395,38.1
395,37.9
395,37.9
395,37.8
395,37.8
395,37.8
395,38.1
396,37.6
396,37.4
396,37.4
396,37.2
396,38.1
396,38.1
396,37.4
396,37.8
396,37.0
396,37.0
396,37.6
396,37.2
397,37.2
397,37.6
397,37.4
397,37.2
397,37.2
397,37.9
397,38.1
397,38.1
397,37.4
398,37.9
398,37.4
398,37.4
398,37.9
398,37.2
398,37.2
398,37.9
398,36.8
398,37.4
398,37.4
399,37.4
399,37.4
399,37.4
399,37.9
399,38.3
399,38.3
399,37.8
399,37.6
399,38.1
399,38.1
400,37.8
400,37.0
400,37.0
400,37.0
400,37.8
400,38.5
400,38.5
400,37.2
400,37.0
400,37.6
401,37.6
401,38.1
401,38.1
401,38.1
401,36.8
401,37.8
401,37.8
401,37.8
401,38.3
401,37.8
402,37.8
402,37.2
402,37.8
402,37.2
402,37.2
402,37.2
402,37.6
402,37.6
402,37.0
402,36.8
403,36.8
403,37.0
403,37.4
403,37.0
403,37.0
403,37.8
403,37.4
403,37.4
403,37.9
404,37.4
404,37.2
404,37.2
404,37.8
404,37.0
404,37.0
404,37.8
404,37.9
404,37.8
404,37.8
405,38.3
405,38.3
405,38.3
405,37.8
405,37.9
405,37.2
405,37.2
405,37.9
405,38.5
405,38.5
405,37.9
405,37.4
406,37.6
406,37.6
406,37.8
406,37.2
406,37.2
406,37.8
406,37.6
406,37.2
406,37.2
407,38.1
407,37.6
407,37.6
407,38.5
407,38.1
407,38.5
407,38.5
407,37.6
407,37.4
407,37.4
408,38.3
408,37.4
408,37.4
408,37.4
408,37.4
408,37.8
408,37.8
408,37.6
408,37.8
408,37.9
409,37.9
409,37.4
409,37.0
409,37.0
409,37.4
409,37.0
409,37.9
409,37.9
409,37.4
409,37.6
410,37.6
410,37.6
410,38.3
410,37.8
410,37.8
410,37.0
410,37.6
410,37.6
410,37.9
411,37.8
411,37.0
411,37.0
411,38.1
411,37.6
411,37.6
411,38.1
411,37.0
411,37.0
411,37.0
412,37.6
412,37.6
412,37.6
412,37.6
412,37.9
412,37.9
412,37.9
412,37.4
412,37.4
412,37.4
413,37.8
413,38.3
413,37.6
413,37.6
413,37.8
413,37.6
413,37.6
413,36.8
413,37.2
413,37.2
414,37.8
414,36.7
414,37.6
414,37.6
414,38.3
414,37.8
414,37.8
414,37.0
414,37.6
414,37.6
414,37.6
415,37.6
415,37.8
415,37.8
415,37.9
415,37.4
415,37.4
415,37.4
415,37.8
415,37.4
415,37.4
416,37.2
416,37.9
416,37.2
416,37.2
416,37.0
416,38.5
416,38.5
416,37.4
416,37.6
416,37.6
417,37.6
417,37.0
417,37.8
417,37.8
417,37.9
417,38.1
417,37.6
417,37.6
417,37.9
417,37.8
418,37.8
418,37.2
418,37.8
418,37.9
418,37.9
418,37.4
418,38.1
418,38.1
418,37.4
419,37.0
419,37.0
419,37.0
419,36.8
419,37.9
419,37.9
419,37.4
419,37.8
419,37.2
419,37.2
420,37.4
420,37.4
420,37.4
420,38.1
420,37.0
420,38.1
420,38.1
420,36.8
420,37.6
420,37.6
421,37.0
421,37.6
421,37.6
421,37.6
421,37.6
421,37.9
421,37.9
421,37.6
421,37.2
421,37.8
421,37.8
422,37.6
422,37.8
422,37.8
422,37.6
422,37.8
422,37.8
422,37.8
422,37.0
422,37.4
422,37.4
423,37.0
423,37.6
423,38.1
423,38.1
423,37.8
423,38.1
423,38.1
423,38.1
423,37.4
423,39.0
424,39.0
424,37.2
424,37.2
424,37.2
424,36.7
424,37.0
424,37.0
424,37.0
424,37.9
424,37.0
425,37.0
425,37.6
425,37.2
425,38.3
425,38.3
425,38.3
425,37.0
425,37.0
425,37.4
425,37.4
426,37.9
426,37.9
426,37.8
426,37.8
426,37.8
426,37.8
426,38.1
426,37.9
426,37.9
427,37.9
427,37.6
427,37.4
427,37.4
427,37.8
427,37.4
427,37.6
427,37.6
427,37.9
427,37.9
427,37.9
428,37.4
428,37.0
428,37.8
428,37.8
428,36.8
428,37.0
428,37.0
428,37.6
428,36.5
428,38.3
429,38.3
429,37.9
429,37.6
429,37.6
429,37.8
429,37.4
429,37.0
429,37.0
429,37.4
429,37.0
430,37.0
430,37.4
430,37.9
430,37.4
430,37.4
430,37.6
430,36.8
430,36.8
430,37.6
431,37.6
431,37.4
431,37.4
431,37.2
431,38.1
431,38.1
431,37.0
431,37.6
431,37.4
431,37.4
432,38.1
432,37.8
432,37.8
432,38.1
432,37.8
432,37.0
432,37.0
432,37.0
432,37.6
432,37.6
433,37.9
433,37.0
433,37.2
433,37.2
433,37.2
433,36.7
433,36.7
433,37.6
433,37.6
433,37.0
434,37.0
434,37.2
434,37.2
434,37.2
434,37.8
434,37.6
434,37.8
434,37.8
434,37.6
434,38.7
434,38.7
435,37.9
435,37.4
435,37.6
435,37.6
435,36.8
435,36.3
435,36.3
435,37.4
435,37.8
435,37.0
436,37.0
436,37.9
436,37.4
436,37.4
436,37.4
436,36.8
436,37.9
436,37.9
436,37.2
436,36.3
437,36.3
437,37.0
437,37.6
437,37.9
437,37.9
437,37.0
437,37.9
437,37.9
437,37.4
438,37.8
438,37.4
438,37.4
438,36.8
438,37.8
438,37.8
438,37.6
438,37.8
438,36.8
438,36.8
439,37.2
439,37.9
439,37.9
439,38.1
439,37.0
439,38.3
439,38.3
439,37.8
439,38.7
439,38.7
440,38.3
440,37.6
440,37.6
440,37.6
440,38.1
440,37.9
440,37.9
440,38.3
440,37.2
440,37.2
441,37.6
441,38.1
441,37.6
441,37.6
441,37.6
441,36.8
441,36.8
441,37.6
441,37.4
441,37.6
442,37.6
442,36.8
442,37.8
442,37.8
442,37.4
442,37.6
442,37.4
442,37.4
442,38.7
442,37.6
443,37.6
443,38.3
443,37.0
443,37.4
443,37.4
443,37.4
443,37.8
443,37.8
443,37.8
443,37.2
443,37.9
444,37.9
444,38.5
444,37.4
444,37.4
444,37.6
444,37.9
444,37.9
444,37.9
444,38.1
444,36.8
445,36.8
445,37.8
445,37.8
445,37.4
445,37.4
445,37.9
445,37.6
445,37.6
445,37.6
446,37.0
446,37.4
446,37.4
446,38.1
446,37.6
446,37.6
446,37.6
446,37.8
446,37.2
446,37.2
447,37.2
447,37.2
447,38.3
447,38.3
447,37.6
447,37.4
447,37.4
447,37.4
447,37.4
447,38.1
448,38.1
448,37.8
448,37.8
448,37.8
448,37.9
448,36.7
448,37.8
448,37.8
448,37.8
448,37.2
449,37.2
449,37.0
449,37.8
449,37.2
449,37.2
449,37.0
449,37.4
449,37.4
449,38.1
449,37.8
450,37.8
450,37.4
450,38.3
450,37.9
450,37.9
450,37.2
450,37.9
450,37.9
450,37.6
451,37.6
451,37.6
451,37.6
451,37.6
451,37.4
451,37.4
451,37.6
451,37.4
451,37.8
451,37.8
451,37.9
451,37.8
452,37.8
452,37.0
452,37.6
452,37.6
452,37.6
452,36.8
452,37.9
452,37.9
452,37.8
453,37.8
453,37.8
453,37.8
453,37.2
453,37.4
453,37.4
453,37.6
453,38.1
453,37.6
453,37.6
454,37.0
454,37.4
454,37.4
454,37.2
454,37.9
454,37.9
454,37.9
454,37.2
454,37.9
454,37.8
455,37.8
455,37.2
455,37.4
455,38.1
455,38.1
455,37.4
455,37.4
455,37.8
455,37.8
456,37.6
456,37.6
456,37.6
456,37.6
456,37.6
456,37.8
456,37.8
456,37.6
456,37.6
456,37.6
456,37.6
457,37.6
457,37.8
457,37.8
457,38.1
457,37.4
457,37.4
457,37.8
457,37.4
457,38.3
457,38.3
458,37.6
458,37.8
458,37.8
458,37.6
458,37.0
458,37.6
458,37.6
458,37.4
458,37.9
458,37.9
459,37.8
459,37.4
459,37.4
459,37.2
459,37.8
459,38.7
459,38.7
459,37.9
459,37.4
459,37.8
460,37.8
460,37.2
460,37.9
460,37.9
460,37.4
460,37.8
460,37.8
460,37.4
460,37.4
460,37.9
461,37.9
461,37.9
461,37.8
461,37.8
461,38.1
461,37.9
461,38.5
461,38.5
461,37.9
461,37.9
462,37.9
462,37.6
462,37.9
462,37.0
462,37.0
462,38.5
462,37.8
462,37.0
462,37.0
463,37.9
463,37.2
463,37.2
463,38.3
463,37.2
463,37.2
463,37.6
463,37.6
463,36.5
463,36.5
464,37.9
464,37.8
464,37.8
464,37.6
464,37.4
464,37.9
464,37.9
464,38.3
464,37.9
464,37.9
465,37.0
465,36.7
465,37.8
465,37.8
465,37.8
465,37.6
465,37.6
465,37.0
465,37.2
465,37.6
465,37.6
466,37.6
466,36.8
466,36.8
466,38.1
466,37.9
466,37.4
466,37.4
466,37.8
466,37.0
466,37.0
467,37.2
467,37.8
467,37.6
467,37.6
467,37.9
467,37.6
467,37.6
467,37.8
467,37.8
467,37.6
468,37.6
468,37.6
468,37.8
468,37.8
468,37.4
468,37.8
468,37.0
468,37.0
468,37.4
468,37.6
469,37.6
469,37.8
469,36.1
469,36.8
469,36.8
469,37.4
469,37.6
469,37.6
469,37.6
470,37.0
470,37.8
470,37.8
470,37.6
470,38.5
470,37.2
470,37.2
470,37.4
470,37.2
470,37.2
471,37.6
471,37.4
471,36.8
471,36.8
471,37.4
471,37.6
471,37.6
471,37.2
471,38.3
471,38.3
472,37.6
472,37.8
472,37.4
472,37.4
472,37.6
472,37.8
472,37.8
472,37.8
472,37.6
472,37.6
472,37.6
473,37.8
473,37.8
473,37.8
473,38.5
473,37.0
473,38.1
473,38.1
473,37.6
473,37.4
473,37.4
474,37.4
474,37.9
474,37.0
474,37.0
474,38.3
474,37.2
474,37.2
474,37.0
474,37.4
474,37.2
475,37.2
475,37.6
475,37.6
475,37.6
475,37.6
475,37.2
475,37.9
475,37.9
475,36.8
475,37.2
476,37.2
476,37.0
476,37.8
476,36.8
476,36.8
476,37.4
476,37.4
476,37.4
476,37.2
477,37.6
477,37.0
477,37.0
477,37.2
477,37.0
477,37.0
477,37.6
477,37.0
477,37.9
477,37.9
478,37.8
478,37.6
478,37.6
478,37.6
478,37.2
478,37.9
478,37.9
478,37.6
478,37.8
478,37.9
478,37.9
479,37.6
479,37.4
479,37.0
479,37.0
479,38.3
479,37.2
479,37.2
479,37.9
479,37.6
479,37.4
480,37.4
480,36.8
480,37.4
480,37.4
480,37.4
480,37.6
480,37.4
480,37.4
480,38.7
480,37.9
481,37.8
481,37.8
481,37.4
481,37.6
481,37.6
481,37.8
481,37.6
481,37.6
481,37.8
482,37.8
482,37.0
482,37.0
482,37.9
482,37.8
482,37.8
482,37.6
482,38.1
482,36.7
482,36.7
483,37.8
483,37.2
483,37.2
483,37.9
483,36.7
483,37.8
483,37.8
483,37.0
483,37.9
483,37.9
484,37.4
484,37.4
484,37.6
484,37.6
484,37.6
484,37.2
484,37.2
484,38.1
484,37.0
484,37.8
485,37.8
485,37.2
485,37.2
485,37.2
485,37.6
485,37.8
485,37.4
485,37.4
485,37.6
485,38.1
485,38.1
486,37.4
486,37.6
486,36.8
486,36.8
486,37.0
486,37.2
486,37.2
486,37.6
486,36.3
486,38.1
487,38.1
487,37.6
487,38.1
487,38.1
487,38.1
487,37.0
487,37.8
487,37.8
487,37.8
487,37.2
488,37.2
488,37.4
488,36.8
488,38.1
488,38.1
488,38.1
488,36.8
488,36.8
488,37.8
488,36.8
489,36.8
489,37.6
489,37.4
489,37.4
489,37.4
489,38.1
489,37.0
489,37.0
489,37.0
490,37.4
490,37.4
490,37.4
490,37.2
490,37.8
490,37.8
490,37.6
490,37.0
490,37.8
490,37.8
491,37.6
491,37.2
491,37.2
491,36.3
491,37.0
491,38.1
491,38.1
491,37.9
491,37.2
491,37.2
492,37.0
492,37.6
492,37.0
492,37.0
492,37.6
492,37.9
492,37.9
492,37.4
492,37.8
492,37.4
493,37.4
493,37.0
493,37.4
493,37.4
493,37.4
493,36.8
493,37.0
493,37.0
493,37.4
493,37.2
494,37.2
494,37.8
494,37.4
494,37.9
494,37.9
494,37.8
494,37.6
494,37.6
494,37.6
494,37.2
494,37.9
495,37.9
495,37.4
495,37.6
495,37.6
495,37.8
495,37.8
495,37.9
495,37.9
495,37.4
495,38.3
496,38.3
496,37.8
496,36.8
496,37.6
496,37.6
496,37.8
496,36.3
496,36.3
496,36.5
496,37.0
497,37.4
497,37.4
497,37.4
497,37.2
497,37.2
497,37.9
497,37.0
497,37.2
497,37.2
498,37.8
498,37.4
498,37.4
498,37.2
498,37.8
498,36.8
498,36.8
498,37.6
498,37.6
498,37.6
499,37.2
499,37.2
499,37.8
499,37.8
499,37.4
499,36.8
499,36.8
499,36.8
499,37.6
499,37.8
500,37.8
500,37.2
500,36.7
500,36.7
500,37.4
500,37.0
500,37.4
500,37.4
500,37.0
500,36.7
501,36.7
501,37.2
501,37.8
501,36.8
501,36.8
501,37.9
501,38.1
501,38.1
501,37.8
501,38.3
501,37.0
502,37.0
502,37.8
502,37.2
502,37.4
502,37.4
502,37.6
502,37.0
502,37.0
502,37.2
503,37.4
503,37.6
503,37.6
503,36.5
503,37.9
503,37.9
503,37.0
503,36.5
503,37.0
503,37.0
504,37.2
504,37.9
504,37.9
504,37.0
504,36.5
504,36.5
504,37.0
504,36.5
504,37.9
504,37.9
505,36.8
505,37.2
505,37.4
505,37.4
505,36.8
505,36.8
505,36.8
505,37.2
505,37.8
505,37.0
506,37.0
506,37.0
506,37.9
506,37.9
506,37.4
506,37.6
506,37.9
506,37.9
506,36.8
506,37.8
507,37.8
507,37.0
507,37.8
507,37.0
507,37.0
507,37.2
507,36.5
507,36.5
507,37.2
507,37.0
508,37.0
508,37.6
508,37.0
508,37.6
508,37.6
508,36.5
508,37.4
508,37.4
508,37.4
509,37.0
509,37.0
509,37.0
509,37.0
509,37.8
509,37.8
509,37.0
509,36.3
509,37.6
509,37.6
509,37.0
509,36.8
510,36.8
510,37.6
510,37.8
510,37.4
510,37.4
510,37.6
510,37.4
510,37.4
510,37.2
511,36.7
511,37.2
511,37.2
511,36.7
511,37.2
511,37.2
511,37.6
511,37.2
511,37.4
511,37.4
512,38.3
512,37.0
512,37.0
512,37.6
512,37.2
512,37.4
512,37.4
512,37.0
512,37.2
512,37.2
513,37.6
513,37.6
513,36.8
513,36.8
513,37.2
513,37.0
513,37.0
513,37.0
513,37.4
513,37.8
514,37.8
514,37.6
514,35.9
514,35.9
514,37.9
514,36.1
514,37.9
514,37.9
514,37.9
514,37.6
515,37.6
515,37.4
515,37.6
515,36.8
515,36.8
515,37.4
515,37.2
515,37.2
515,36.8
516,37.8
516,37.4
516,37.4
516,37.2
516,37.0
516,37.0
516,37.8
516,36.7
516,37.6
516,37.6
517,37.2
517,37.0
517,37.0
517,36.8
517,37.2
517,36.8
517,36.8
517,37.4
517,37.2
517,37.2
517,36.3
518,37.9
518,36.5
518,36.5
518,37.2
518,37.4
518,37.4
518,37.2
518,36.8
518,37.4
518,37.4
519,36.8
519,37.6
519,37.6
519,37.6
519,37.2
519,36.8
519,36.8
519,38.3
519,36.7
519,36.7
520,37.2
520,37.8
520,37.4
520,37.4
520,37.6
520,37.2
520,37.2
520,37.0
520,37.2
520,37.2
521,36.8
521,37.0
521,37.0
521,37.0
521,36.8
521,36.5
521,37.6
521,37.6
521,36.8
521,36.8
522,36.8
522,37.2
522,37.8
522,37.8
522,37.9
522,37.6
522,37.8
522,37.8
522,36.8
522,37.6
523,37.6
523,37.8
523,37.0
523,36.8
523,36.8
523,37.4
523,37.0
523,37.0
523,37.0
524,37.4
524,37.0
524,37.0
524,37.6
524,37.8
524,37.8
524,36.8
524,37.0
524,37.4
524,37.4
525,36.8
525,36.7
525,36.7
525,37.6
525,37.2
525,37.0
525,37.0
525,36.8
525,37.0
525,37.0
525,37.4
526,37.0
526,37.4
526,37.4
526,37.9
526,38.1
526,38.1
526,37.8
526,37.8
526,37.6
526,37.6
527,37.4
527,37.2
527,37.2
527,37.4
527,36.8
527,37.4
527,37.4
527,37.6
527,38.1
527,38.1
528,37.2
528,37.2
528,37.2
528,37.2
528,36.7
528,37.2
528,37.2
528,37.2
528,37.0
528,36.8
529,36.8
529,38.1
529,37.2
529,37.2
529,37.6
529,36.5
529,36.8
529,36.8
529,36.8
529,37.2
530,37.2
530,36.8
530,36.8
530,37.4
530,37.4
530,37.2
530,38.3
530,38.3
530,37.6
531,36.8
531,37.6
531,37.6
531,37.8
531,37.0
531,37.0
531,37.0
531,37.2
531,36.7
531,36.7
532,37.8
532,37.2
532,37.2
532,37.8
532,37.0
532,37.2
532,37.2
532,37.9
532,37.4
532,37.4
533,37.0
533,37.6
533,37.8
533,37.8
533,37.4
533,37.4
533,37.4
533,37.0
533,38.1
533,36.5
533,36.5
534,37.9
534,37.4
534,37.4
534,36.5
534,37.0
534,36.5
534,36.5
534,36.5
534,37.4
534,37.4
535,36.8
535,36.7
535,37.2
535,37.2
535,36.5
535,37.0
535,37.0
535,37.8
535,37.0
535,37.8
536,37.8
536,37.6
536,37.2
536,37.2
536,36.7
536,36.7
536,37.0
536,37.0
536,37.4
536,37.2
537,37.2
537,36.8
537,36.3
537,37.6
537,37.6
537,37.6
537,37.2
537,37.2
537,37.2
537,36.1
538,36.1
538,36.8
538,37.6
538,37.6
538,37.6
538,36.8
538,37.4
538,37.4
538,37.4
539,37.8
539,36.5
539,36.5
539,37.6
539,36.3
539,36.3
539,36.3
539,37.0
539,37.8
539,37.8
540,37.0
540,37.2
540,36.5
540,36.5
540,37.2
540,36.5
540,36.5
540,37.2
540,37.4
540,36.7
540,36.7
541,37.6
541,37.0
541,37.0
541,37.4
541,37.0
541,37.6
541,37.6
541,37.6
541,36.8
541,36.8
542,37.2
542,37.0
542,37.8
542,37.8
542,36.8
542,37.0
542,37.4
542,37.4
542,37.2
542,36.8
543,36.8
543,36.7
543,36.8
543,37.0
543,37.0
543,37.0
543,37.0
543,37.0
543,36.8
544,37.4
544,37.2
544,37.2
544,36.7
544,37.0
544,37.0
544,37.8
544,37.8
544,37.4
544,37.4
545,36.3
545,37.0
545,37.0
545,36.7
545,37.8
545,36.8
545,36.8
545,37.0
545,37.2
545,37.2
546,36.5
546,37.0
546,36.7
546,36.7
546,37.4
546,37.9
546,37.9
546,37.2
546,37.0
546,36.7
547,36.7
547,36.8
547,36.8
547,36.8
547,36.5
547,36.7
547,37.6
547,37.6
547,37.4
547,37.2
547,37.2
548,37.6
548,36.5
548,36.5
548,36.5
548,37.8
548,37.2
548,37.2
548,36.7
548,37.8
548,37.6
549,37.6
549,37.0
549,37.4
549,37.4
549,36.8
549,37.2
549,37.4
549,37.4
549,36.3
549,36.7
550,36.7
550,37.6
550,36.5
550,37.2
550,37.2
550,37.6
550,37.4
550,37.4
550,36.8
551,36.8
551,37.0
551,37.0
551,37.2
551,36.8
551,36.8
551,37.0
551,37.2
551,37.8
551,37.8
552,36.7
552,36.7
552,36.7
552,36.7
552,37.4
552,37.2
552,37.2
552,36.7
552,37.0
552,37.0
553,37.4
553,36.7
553,37.2
553,37.2
553,37.2
553,37.2
553,37.2
553,36.5
553,37.4
553,37.0
553,37.0
554,37.6
554,36.8
554,36.8
554,37.0
554,37.0
554,37.2
554,37.2
554,36.7
554,37.2
554,37.2
555,36.3
555,37.4
555,37.8
555,37.8
555,36.8
555,36.8
555,36.8
555,37.6
555,36.5
555,36.8
556,36.5
556,36.5
556,37.4
556,37.8
556,37.8
556,36.7
556,36.5
556,36.8
556,36.8
557,36.3
557,37.6
557,37.4
557,37.4
557,36.7
557,37.4
557,37.4
557,37.0
557,36.8
557,37.4
558,37.4
558,37.8
558,37.6
558,37.6
558,37.4
558,36.8
558,36.8
558,36.5
558,37.0
558,37.4
558,37.4
559,37.4
559,37.6
559,36.3
559,36.3
559,36.7
559,37.2
559,37.2
559,37.2
559,36.7
559,37.0
560,37.0
560,37.2
560,37.2
560,37.2
560,37.2
560,37.2
560,37.6
560,37.6
560,37.0
560,36.7
561,36.7
561,37.4
561,37.0
561,37.4
561,37.4
561,38.3
561,36.8
561,36.8
561,37.2
561,37.0
562,37.2
562,37.2
562,37.0
562,37.6
562,37.6
562,37.6
562,36.7
562,36.5
562,36.5
563,36.5
563,37.4
563,37.4
563,36.8
563,37.0
563,36.8
563,36.8
563,37.2
563,36.8
563,36.8
564,37.6
564,37.0
564,37.0
564,37.9
564,36.7
564,36.7
564,36.7
564,37.0
564,36.5
564,37.0
565,37.0
565,36.8
565,37.4
565,37.4
565,36.5
565,37.2
565,37.2
565,37.4
565,37.8
565,37.2
566,37.2
566,37.4
566,37.2
566,37.2
566,37.6
566,37.2
566,36.8
566,36.8
566,37.8
566,37.2
566,37.2
567,36.7
567,36.8
567,37.2
567,37.2
567,37.4
567,37.2
567,37.2
567,37.2
567,36.7
567,36.8
568,36.8
568,37.4
568,37.6
568,37.6
568,37.6
568,36.8
568,37.2
568,37.2
568,36.8
569,37.6
569,37.2
569,37.2
569,37.4
569,36.8
569,36.1
569,36.1
569,37.0
569,37.4
569,37.2
570,37.2
570,36.5
570,36.7
570,36.7
570,36.7
570,37.2
570,36.5
570,36.5
570,37.6
570,37.4
570,37.0
571,37.0
571,37.2
571,36.5
571,36.5
571,36.5
571,36.5
571,37.4
571,37.4
571,36.7
571,37.0
572,37.0
572,36.5
572,37.0
572,37.0
572,36.7
572,36.1
572,36.3
572,36.3
572,37.4
572,36.5
573,36.5
573,37.0
573,36.7
573,36.8
573,36.8
573,37.0
573,36.7
573,37.2
573,37.2
574,36.5
574,37.8
574,37.8
574,37.0
574,36.7
574,36.5
574,36.5
574,36.7
574,36.3
574,36.3
575,36.7
575,37.2
575,37.9
575,37.9
575,37.0
575,36.8
575,36.8
575,36.7
575,36.8
575,36.5
576,36.5
576,36.8
576,36.5
576,36.7
576,36.7
576,36.7
576,37.6
576,37.6
576,37.4
576,37.0
577,36.8
577,36.8
577,37.6
577,36.8
577,36.8
577,36.8
577,36.7
577,37.6
577,37.6
577,36.8
577,37.6
578,37.6
578,36.3
578,37.0
578,36.8
578,36.8
578,37.0
578,36.5
578,36.5
578,37.2
578,36.8
579,36.8
579,37.4
579,36.8
579,36.7
579,36.7
579,37.6
579,37.2
579,36.8
579,36.8
580,37.2
580,37.2
580,37.2
580,37.4
580,36.5
580,37.2
580,37.2
580,36.5
580,37.6
580,37.6
581,37.2
581,37.0
581,37.8
581,37.8
581,36.3
581,37.2
581,37.2
581,36.1
581,36.8
581,37.4
582,37.4
582,37.8
582,36.7
582,36.7
582,37.0
582,37.2
582,37.2
582,37.2
582,36.1
582,36.8
583,36.8
583,37.0
583,37.0
583,37.0
583,37.2
583,37.0
583,37.2
583,37.2
583,37.0
583,37.6
584,36.7
584,36.7
584,36.8
584,36.7
584,36.7
584,37.0
584,37.9
584,37.9
584,37.2
585,37.0
585,36.8
585,36.8
585,36.5
585,37.2
585,37.2
585,36.3
585,36.7
585,36.7
585,36.7
585,36.7
586,36.1
586,36.7
586,36.7
586,37.2
586,37.6
586,37.6
586,37.2
586,37.2
586,37.2
586,37.2
587,36.8
587,37.2
587,37.2
587,37.0
587,36.7
587,36.8
587,36.8
587,36.7
587,36.8
587,36.8
588,37.4
588,37.0
588,36.5
588,36.5
588,36.3
588,36.8
588,36.8
588,36.8
588,36.3
588,36.5
589,36.5
589,37.0
589,37.0
589,37.0
589,37.2
589,36.8
589,37.2
589,37.2
589,36.5
589,37.6
590,37.6
590,36.5
590,36.8
590,36.7
590,36.7
590,37.0
590,37.2
590,37.2
590,37.0
591,36.5
591,36.8
591,36.8
591,36.8
591,37.0
591,37.0
591,36.7
591,36.7
591,37.0
591,37.0
592,36.1
592,37.0
592,37.0
592,37.4
592,36.7
592,37.2
592,37.2
592,37.4
592,37.4
592,37.4
592,37.6
592,36.1
593,37.0
593,37.0
593,37.4
593,36.8
593,36.8
593,36.3
593,36.7
593,36.5
593,36.5
594,36.5
594,37.0
594,37.0
594,37.6
594,36.8
594,36.8
594,36.8
594,36.7
594,36.8
594,36.8
595,36.3
595,35.7
595,36.7
595,36.7
595,37.2
