0,0
0,0
0,0.0
0,0.0
0,0.0
0,0.0
0,0.0
0,0.0
0,0.0
0,0.0
0,0.0
1,0.0
1,0.0
1,0.0
1,0.0
1,0.0
1,0.0
1,0.0
1,0.0
1,0.0
1,0.0
2,0.0
2,0.0
2,0.0
2,0.0
2,0.0
2,0.0
2,0.0
2,0.0
2,0.0
2,0.0
3,0.0
3,0.0
3,0.0
3,0.0
3,0.0
3,0.0
3,0.0
3,0.0
3,0.0
3,0.0
4,0.0
4,0.0
4,0.0
4,0.0
4,0.0
4,0.0
4,0.0
4,0.0
4,0.0
4,0.0
4,0.0
5,0.0
5,0.0
5,0.0
5,0.0
5,0.0
5,0.0
5,0.0
5,0.0
5,0.0
5,0.0
6,0.0
6,0.0
6,0.0
6,0.0
6,0.0
6,0.0
6,0.0
6,0.0
6,0.0
7,0.0
7,0.0
7,0.0
7,0.0
7,0.0
7,0.0
7,0.0
7,0.0
7,0.0
7,0.0
8,0.0
8,0.0
8,0.0
8,0.0
8,0.0
8,0.0
8,0.0
8,0.0
8,0.0
8,0.0
9,0.0
9,0.0
9,0.0
9,0.0
9,0.0
9,0.0
9,0.0
9,0.0
9,0.0
9,0.0
10,0.0
10,0.0
10,0.0
10,0.0
10,0.0
10,0.0
10,0.0
10,0.0
10,0.0
10,0.0
11,0.0
11,0.0
11,0.0
11,0.0
11,0.0
11,0.0
11,0.0
11,0.0
11,0.0
11,0.0
12,0.0
12,0.0
12,0.0
12,0.0
12,0.0
12,0.0
12,0.0
12,0.0
12,0.0
13,0.0
13,0.0
13,0.0
13,0.0
13,0.0
13,0.0
13,0.0
13,0.0
13,0.0
13,0.0
13,0.0
13,0.0
14,0.0
14,0.0
14,0.0
14,0.0
14,0.0
14,0.0
14,0.0
14,0.0
14,0.0
15,0.0
15,0.0
15,0.0
15,0.0
15,0.0
15,0.0
15,0.0
15,0.0
15,0.0
15,0.0
16,0.0
16,0.0
16,0.0
16,0.0
16,0.0
16,0.0
16,0.0
16,0.0
16,0.0
16,0.0
17,0.0
17,0.0
17,0.0
17,0.0
17,0.0
17,0.0
17,0.0
17,0.0
17,0.0
17,0.0
18,0.0
18,0.0
18,0.0
18,0.0
18,0.0
18,0.0
18,0.0
18,0.0
18,0.0
18,0.0
19,0.0
19,0.0
19,0.0
19,0.0
19,0.0
19,0.0
19,0.0
19,0.0
19,0.0
20,0.0
20,0.0
20,0.0
20,0.0
20,0.0
20,0.0
20,0.0
20,0.0
20,0.0
20,0.0
20,0.0
21,0.0
21,0.0
21,0.0
21,0.0
21,0.0
21,0.0
21,0.0
21,0.0
21,0.0
21,0.0
22,0.0
22,0.0
22,0.0
22,0.0
22,0.0
22,0.0
22,0.0
22,0.0
22,0.0
22,0.0
23,0.0
23,0.0
23,0.0
23,0.0
23,0.0
23,0.0
23,0.0
23,0.0
23,0.0
23,0.0
24,0.0
24,0.0
24,0.0
24,0.0
24,0.0
24,0.0
24,0.0
24,0.0
24,0.0
24,0.0
25,0.0
25,0.0
25,0.0
25,0.0
25,0.0
25,0.0
25,0.0
25,0.0
25,0.0
25,0.0
26,0.0
26,0.0
26,0.0
26,0.0
26,0.0
26,0.0
26,0.0
26,0.0
26,0.0
27,0.0
27,0.0
27,0.0
27,0.0
27,0.0
27,0.0
27,0.0
27,0.0
27,0.0
27,0.0
28,0.0
28,0.0
28,0.0
28,0.0
28,0.0
28,0.0
28,0.0
28,0.0
28,0.0
28,0.0
29,0.0
29,0.0
29,0.0
29,0.0
29,0.0
29,0.0
29,0.0
29,0.0
29,0.0
29,0.0
29,0.0
30,0.0
30,0.0
30,0.0
30,0.0
30,0.0
30,0.0
30,0.0
30,0.0
30,0.0
30,0.0
31,0.0
31,0.0
31,0.0
31,0.0
31,0.0
31,0.0
31,0.0
31,0.0
31,0.0
31,0.0
32,0.0
32,0.0
32,0.0
32,0.0
32,0.0
32,0.0
32,0.0
32,0.0
32,0.0
32,0.0
33,0.0
33,0.0
33,0.0
33,0.0
33,0.0
33,0.0
33,0.0
33,0.0
33,0.0
34,0.0
34,0.0
34,0.0
34,0.0
34,0.0
34,0.0
34,0.0
34,0.0
34,0.0
34,0.0
35,0.0
35,0.0
35,0.0
35,0.0
35,0.0
35,0.0
35,0.0
35,0.0
35,0.0
35,0.0
35,0.0
36,0.0
36,0.0
36,0.0
36,0.0
36,0.0
36,0.0
36,0.0
36,0.0
36,0.0
36,0.0
37,0.0
37,0.0
37,0.0
37,0.0
37,0.0
37,0.0
37,0.0
37,0.0
37,0.0
37,0.0
38,0.0
38,0.0
38,0.0
38,0.0
38,0.0
38,0.0
38,0.0
38,0.0
38,0.0
38,0.0
39,0.0
39,0.0
39,0.0
39,0.0
39,0.0
39,0.0
39,0.0
39,0.0
39,0.0
39,0.0
40,0.0
40,0.0
40,0.0
40,0.0
40,0.0
40,0.0
40,0.0
40,0.0
40,0.0
41,0.0
41,0.0
41,0.0
41,0.0
41,0.0
41,0.0
41,0.0
41,0.0
41,0.0
41,0.0
42,0.0
42,0.0
42,0.0
42,0.0
42,0.0
42,0.0
42,0.0
42,0.0
42,0.0
42,0.0
43,0.0
43,0.0
43,0.0
43,0.0
43,0.0
43,0.0
43,0.0
43,0.0
43,0.0
43,0.0
44,0.0
44,0.0
44,0.0
44,0.0
44,0.0
44,0.0
44,0.0
44,0.0
44,0.0
44,0.0
45,0.0
45,0.0
45,0.0
45,0.0
45,0.0
45,0.0
45,0.0
45,0.0
45,0.0
45,0.0
45,0.0
46,0.0
46,0.0
46,0.0
46,0.0
46,0.0
46,0.0
46,0.0
46,0.0
46,0.0
46,0.0
47,0.0
47,0.0
47,0.0
47,0.0
47,0.0
47,0.0
47,0.0
47,0.0
47,0.0
47,0.0
48,0.0
48,0.0
48,0.0
48,0.0
48,0.0
48,0.0
48,0.0
48,0.0
48,0.0
48,0.0
49,0.0
49,0.0
49,0.0
49,0.0
49,0.0
49,0.0
49,0.0
49,0.0
49,0.0
50,0.0
50,0.0
50,0.0
50,0.0
50,0.0
50,0.0
50,0.0
50,0.0
50,0.0
50,0.0
51,0.0
51,0.0
51,0.0
51,0.0
51,0.0
51,0.0
51,0.0
51,0.0
51,0.0
51,0.0
51,0.0
52,0.0
52,0.0
52,0.0
52,0.0
52,0.0
52,0.0
52,0.0
52,0.0
52,0.0
52,0.0
53,0.0
53,0.0
53,0.0
53,0.0
53,0.0
53,0.0
53,0.0
53,0.0
53,0.0
53,0.0
54,0.0
54,0.0
54,0.0
54,0.0
54,0.0
54,0.0
54,0.0
54,0.0
54,0.0
55,0.0
55,0.0
55,0.0
55,0.0
55,0.0
55,0.0
55,0.0
55,0.0
55,0.0
55,0.0
56,0.0
56,0.0
56,0.0
56,0.0
56,0.0
56,0.0
56,0.0
56,0.0
56,0.0
56,0.0
57,0.0
57,0.0
57,0.0
57,0.0
57,0.0
57,0.0
57,0.0
57,0.0
57,0.0
57,0.0
58,0.0
58,0.0
58,0.0
58,0.0
58,0.0
58,0.0
58,0.0
58,0.0
58,0.0
58,0.0
59,0.0
59,0.0
59,0.0
59,0.0
59,0.0
59,0.0
59,0.0
59,0.0
59,0.0
59,0.0
59,0.0
60,0.0
60,0.0
60,0.0
60,0.0
60,0.0
60,0.0
60,0.0
60,0.0
60,0.0
60,0.0
61,0.0
61,0.0
61,0.0
61,0.0
61,0.0
61,0.0
61,0.0
61,0.0
61,0.0
62,0.0
62,0.0
62,0.0
62,0.0
62,0.0
62,0.0
62,0.0
62,0.0
62,0.0
62,0.0
63,0.0
63,0.0
63,0.0
63,0.0
63,0.0
63,0.0
63,0.0
63,0.0
63,0.0
63,0.0
64,0.0
64,0.0
64,0.0
64,0.0
64,0.0
64,0.0
64,0.0
64,0.0
64,0.0
64,0.0
65,0.0
65,0.0
65,0.0
65,0.0
65,0.0
65,0.0
65,0.0
65,0.0
65,0.0
65,0.0
65,0.0
66,0.0
66,0.0
66,0.0
66,0.0
66,0.0
66,0.0
66,0.0
66,0.0
66,0.0
67,0.0
67,0.0
67,0.0
67,0.0
67,0.0
67,0.0
67,0.0
67,0.0
67,0.0
67,0.0
68,0.0
68,0.0
68,0.0
68,0.0
68,0.0
68,0.0
68,0.0
68,0.0
68,0.0
68,0.0
69,0.0
69,0.0
69,0.0
69,0.0
69,0.0
69,0.0
69,0.0
69,0.0
69,0.0
69,0.0
70,0.0
70,0.0
70,0.0
70,0.0
70,0.0
70,0.0
70,0.0
70,0.0
70,0.0
70,0.0
71,0.0
71,0.0
71,0.0
71,0.0
71,0.0
71,0.0
71,0.0
71,0.0
71,0.0
71,0.0
71,0.0
72,0.0
72,0.0
72,0.0
72,0.0
72,0.0
72,0.0
72,0.0
72,0.0
72,0.0
73,0.0
73,0.0
73,0.0
73,0.0
73,0.0
73,0.0
73,0.0
73,0.0
73,0.0
73,0.0
74,0.0
74,0.0
74,0.0
74,0.0
74,0.0
74,0.0
74,0.0
74,0.0
74,0.0
74,0.0
75,0.0
75,0.0
75,0.0
75,0.0
75,0.0
75,0.0
75,0.0
75,0.0
75,0.0
75,0.0
76,0.0
76,0.0
76,0.0
76,0.0
76,0.0
76,0.0
76,0.0
76,0.0
76,0.0
76,0.0
77,0.0
77,0.0
77,0.0
77,0.0
77,0.0
77,0.0
77,0.0
77,0.0
77,0.0
77,0.0
78,0.0
78,0.0
78,0.0
78,0.0
78,0.0
78,0.0
78,0.0
78,0.0
78,0.0
79,0.0
79,0.0
79,0.0
79,0.0
79,0.0
79,0.0
79,0.0
79,0.0
79,0.0
79,0.0
80,0.0
80,0.0
80,0.0
80,0.0
80,0.0
80,0.0
80,0.0
80,0.0
80,0.0
80,0.0
80,0.0
80,0.0
81,0.0
81,0.0
81,0.0
81,0.0
81,0.0
81,0.0
81,0.0
81,0.0
81,0.0
82,0.0
82,0.0
82,0.0
82,0.0
82,0.0
82,0.0
82,0.0
82,0.0
82,0.0
82,0.0
83,0.0
83,0.0
83,0.0
83,0.0
83,0.0
83,0.0
83,0.0
83,0.0
83,0.0
83,0.0
84,0.0
84,0.0
84,0.0
84,0.0
84,0.0
84,0.0
84,0.0
84,0.0
84,0.0
84,0.0
85,0.0
85,0.0
85,0.0
85,0.0
85,0.0
85,0.0
85,0.0
85,0.0
85,0.0
85,0.0
86,0.0
86,0.0
86,0.0
86,0.0
86,0.0
86,0.0
86,0.0
86,0.0
86,0.0
86,0.0
87,0.0
87,0.0
87,0.0
87,0.0
87,0.0
87,0.0
87,0.0
87,0.0
87,0.0
88,0.0
88,0.0
88,0.0
88,0.0
88,0.0
88,0.0
88,0.0
88,0.0
88,0.0
88,0.0
88,0.0
89,0.0
89,0.0
89,0.0
89,0.0
89,0.0
89,0.0
89,0.0
89,0.0
89,0.0
89,0.0
90,0.0
90,0.0
90,0.0
90,0.0
90,0.0
90,0.0
90,0.0
90,0.0
90,0.0
90,0.0
91,0.0
91,0.0
91,0.0
91,0.0
91,0.0
91,0.0
91,0.0
91,0.0
91,0.0
91,0.0
92,0.0
92,0.0
92,0.0
92,0.0
92,0.0
92,0.0
92,0.0
92,0.0
92,0.0
92,0.0
93,0.0
93,0.0
93,0.0
93,0.0
93,0.0
93,0.0
93,0.0
93,0.0
93,0.0
94,0.0
94,0.0
94,0.0
94,0.0
94,0.0
94,0.0
94,0.0
94,0.0
94,0.0
94,0.0
95,0.0
95,0.0
95,0.0
95,0.0
95,0.0
95,0.0
95,0.0
95,0.0
95,0.0
95,0.0
95,0.0
96,0.0
96,0.0
96,0.0
96,0.0
96,0.0
96,0.0
96,0.0
96,0.0
96,0.0
96,0.0
97,0.0
97,0.0
97,0.0
97,0.0
97,0.0
97,0.0
97,0.0
97,0.0
97,0.0
97,0.0
98,0.0
98,0.0
98,0.0
98,0.0
98,0.0
98,0.0
98,0.0
98,0.0
98,0.0
98,0.0
99,0.0
99,0.0
99,0.0
99,0.0
99,0.0
99,0.0
99,0.0
99,0.0
99,0.0
99,0.0
100,0.0
100,0.0
100,0.0
100,0.0
100,0.0
100,0.0
100,0.0
100,0.0
100,0.0
100,0.0
101,0.0
101,0.0
101,0.0
101,0.0
101,0.0
101,0.0
101,0.0
101,0.0
101,0.0
102,0.0
102,0.0
102,0.0
102,0.0
102,0.0
102,0.0
102,0.0
102,0.0
102,0.0
102,0.0
102,0.0
102,0.0
103,0.0
103,0.0
103,0.0
103,0.0
103,0.0
103,0.0
103,0.0
103,0.0
103,0.0
104,0.0
104,0.0
104,0.0
104,0.0
104,0.0
104,0.0
104,0.0
104,0.0
104,0.0
104,0.0
105,0.0
105,0.0
105,0.0
105,0.0
105,0.0
105,0.0
105,0.0
105,0.0
105,0.0
105,0.0
106,0.0
106,0.0
106,0.0
106,0.0
106,0.0
106,0.0
106,0.0
106,0.0
106,0.0
107,0.0
107,0.0
107,0.0
107,0.0
107,0.0
107,0.0
107,0.0
107,0.0
107,0.0
107,0.0
108,0.0
108,0.0
108,0.0
108,0.0
108,0.0
108,0.0
108,0.0
108,0.0
108,0.0
108,0.0
108,0.0
109,0.0
109,0.0
109,0.0
109,0.0
109,0.0
109,0.0
109,0.0
109,0.0
109,0.0
109,0.0
110,0.0
110,0.0
110,0.0
110,0.0
110,0.0
110,0.0
110,0.0
110,0.0
110,0.0
110,0.0
111,0.0
111,0.0
111,0.0
111,0.0
111,0.0
111,0.0
111,0.0
111,0.0
111,0.0
111,0.0
112,0.0
112,0.0
112,0.0
112,0.0
112,0.0
112,0.0
112,0.0
112,0.0
112,0.0
112,0.0
113,0.0
113,0.0
113,0.0
113,0.0
113,0.0
113,0.0
113,0.0
113,0.0
113,0.0
114,0.0
114,0.0
114,0.0
114,0.0
114,0.0
114,0.0
114,0.0
114,0.0
114,0.0
114,0.0
115,0.0
115,0.0
115,0.0
115,0.0
115,0.0
115,0.0
115,0.0
115,0.0
115,0.0
115,0.0
115,0.0
116,0.0
116,0.0
116,0.0
116,0.0
116,0.0
116,0.0
116,0.0
116,0.0
116,0.0
116,0.0
117,0.0
117,0.0
117,0.0
117,0.0
117,0.0
117,0.0
117,0.0
117,0.0
117,0.0
117,0.0
118,0.0
118,0.0
118,0.0
118,0.0
118,0.0
118,0.0
118,0.0
118,0.0
118,0.0
118,0.0
119,0.0
119,0.0
119,0.0
119,0.0
119,0.0
119,0.0
119,0.0
119,0.0
119,0.0
120,0.0
120,0.0
120,0.0
120,0.0
120,0.0
120,0.0
120,0.0
120,0.0
120,0.0
120,0.0
121,0.0
121,0.0
121,0.0
121,0.0
121,0.0
121,0.0
121,0.0
121,0.0
121,0.0
121,0.0
122,0.0
122,0.0
122,0.0
122,0.0
122,0.0
122,0.0
122,0.0
122,0.0
122,0.0
122,0.0
122,0.0
123,0.0
123,0.0
123,0.0
123,0.0
123,0.0
123,0.0
123,0.0
123,0.0
123,0.0
123,0.0
124,0.0
124,0.0
124,0.0
124,0.0
124,0.0
124,0.0
124,0.0
124,0.0
124,0.0
124,0.0
125,0.0
125,0.0
125,0.0
125,0.0
125,0.0
125,0.0
125,0.0
125,0.0
125,0.0
125,0.0
126,0.0
126,0.0
126,0.0
126,0.0
126,0.0
126,0.0
126,0.0
126,0.0
126,0.0
126,0.0
127,0.0
127,0.0
127,0.0
127,0.0
127,0.0
127,0.0
127,0.0
127,0.0
127,0.0
128,0.0
128,0.0
128,0.0
128,0.0
128,0.0
128,0.0
128,0.0
128,0.0
128,0.0
128,0.0
129,0.0
129,0.0
129,0.0
129,0.0
129,0.0
129,0.0
129,0.0
129,0.0
129,0.0
129,0.0
130,0.0
130,0.0
130,0.0
130,0.0
130,0.0
130,0.0
130,0.0
130,0.0
130,0.0
130,0.0
131,0.0
131,0.0
131,0.0
131,0.0
131,0.0
131,0.0
131,0.0
131,0.0
131,0.0
131,0.0
131,0.0
132,0.0
132,0.0
132,0.0
132,0.0
132,0.0
132,0.0
132,0.0
132,0.0
132,0.0
132,0.0
133,0.0
133,0.0
133,0.0
133,0.0
133,0.0
133,0.0
133,0.0
133,0.0
133,0.0
133,0.0
134,0.0
134,0.0
134,0.0
134,0.0
134,0.0
134,0.0
134,0.0
134,0.0
134,0.0
134,0.0
135,0.0
135,0.0
135,0.0
135,0.0
135,0.0
135,0.0
135,0.0
135,0.0
135,0.0
136,0.0
136,0.0
136,0.0
136,0.0
136,0.0
136,0.0
136,0.0
136,0.0
136,0.0
136,0.0
137,0.0
137,0.0
137,0.0
137,0.0
137,0.0
137,0.0
137,0.0
137,0.0
137,0.0
137,0.0
138,0.0
138,0.0
138,0.0
138,0.0
138,0.0
138,0.0
138,0.0
138,0.0
138,0.0
138,0.0
138,0.0
139,0.0
139,0.0
139,0.0
139,0.0
139,0.0
139,0.0
139,0.0
139,0.0
139,0.0
139,0.0
140,0.0
140,0.0
140,0.0
140,0.0
140,0.0
140,0.0
140,0.0
140,0.0
140,0.0
140,0.0
141,0.0
141,0.0
141,0.0
141,0.0
141,0.0
141,0.0
141,0.0
141,0.0
141,0.0
141,0.0
142,0.0
142,0.0
142,0.0
142,0.0
142,0.0
142,0.0
142,0.0
142,0.0
142,0.0
143,0.0
143,0.0
143,0.0
143,0.0
143,0.0
143,0.0
143,0.0
143,0.0
143,0.0
143,0.0
144,0.0
144,0.0
144,0.0
144,0.0
144,0.0
144,0.0
144,0.0
144,0.0
144,0.0
144,0.0
145,0.0
145,0.0
145,0.0
145,0.0
145,0.0
145,0.0
145,0.0
145,0.0
145,0.0
145,0.0
146,0.0
146,0.0
146,0.0
146,0.0
146,0.0
146,0.0
146,0.0
146,0.0
146,0.0
146,0.0
147,0.0
147,0.0
147,0.0
147,0.0
147,0.0
147,0.0
147,0.0
147,0.0
147,0.0
147,0.0
148,0.0
148,0.0
148,0.0
148,0.0
148,0.0
148,0.0
148,0.0
148,0.0
148,0.0
148,0.0
148,0.0
149,0.0
149,0.0
149,0.0
149,0.0
149,0.0
149,0.0
149,0.0
149,0.0
149,0.0
149,0.0
150,0.0
150,0.0
150,0.0
150,0.0
150,0.0
150,0.0
150,0.0
150,0.0
150,0.0
150,0.0
151,0.0
151,0.0
151,0.0
151,0.2
151,0.2
151,1.5
151,1.1
151,2.2
151,2.2
152,1.8
152,3.7
152,3.9
152,3.9
152,3.5
152,4.4
152,4.4
152,5.1
152,5.9
152,6.0
153,6.0
153,7.3
153,7.5
153,7.5
153,7.7
153,9.1
153,9.0
153,9.0
153,9.7
153,10.1
154,10.1
154,10.8
154,12.4
154,12.4
154,12.4
154,12.8
154,14.4
154,14.4
154,13.5
154,14.8
154,15.7
155,15.7
155,15.9
155,16.6
155,16.6
155,17.7
155,18.3
155,19.4
155,19.4
155,20.1
155,21.4
156,21.4
156,21.4
156,22.3
156,23.4
156,23.4
156,23.4
156,24.8
156,24.8
156,25.0
156,26.1
157,26.1
157,26.7
157,27.6
157,28.1
157,28.1
157,30.1
157,30.3
157,30.8
157,30.8
158,31.9
158,32.3
158,32.3
158,34.5
158,35.8
158,35.2
158,35.2
158,37.4
158,38.0
158,38.0
159,38.7
159,39.8
159,40.5
159,40.5
159,41.6
159,42.3
159,42.3
159,44.2
159,44.5
159,44.5
160,45.8
160,46.9
160,48.5
160,48.5
160,49.3
160,49.6
160,50.9
160,50.9
160,52.2
160,53.5
161,53.5
161,54.6
161,55.1
161,56.9
161,56.9
161,58.0
161,59.3
161,59.3
161,60.9
161,60.9
162,62.6
162,62.6
162,64.2
162,64.8
162,64.8
162,66.6
162,67.5
162,68.6
162,68.6
162,70.1
162,71.7
163,71.7
163,71.9
163,73.9
163,75.5
163,75.5
163,75.9
163,77.9
163,77.9
163,79.5
163,80.8
164,80.8
164,82.3
164,84.1
164,84.8
164,84.8
164,85.6
164,86.8
164,88.9
164,88.9
165,90.1
165,92.0
165,92.0
165,93.2
165,95.2
165,95.8
165,95.8
165,97.6
165,98.9
165,98.9
