0,0
0,83
0,83
0,83
0,83
0,83
0,83
0,83
0,83
0,83
0,83
0,83
0,83
0,83
1,83
1,83
1,83
1,83
1,83
1,83
1,83
1,83
1,83
1,83
1,83
1,83
1,83
2,83
2,83
2,83
2,83
2,83
2,83
3,83
3,83
3,83
3,83
3,83
3,83
3,83
3,83
3,83
3,83
3,83
3,83
4,83
4,83
4,83
4,83
4,83
4,83
4,83
5,84
5,84
5,84
5,84
5,84
5,84
5,83
5,83
5,83
5,83
5,83
5,83
6,83
6,83
6,83
6,83
6,83
6,83
6,83
7,83
7,83
7,83
7,83
7,83
7,83
7,83
7,83
7,83
7,83
7,83
7,83
8,83
8,83
8,83
8,83
8,83
8,83
8,83
8,83
8,83
8,83
8,83
8,83
8,83
9,83
9,83
9,83
9,83
9,83
9,83
10,83
10,83
10,83
10,83
10,83
10,83
10,83
10,83
10,83
10,83
10,83
10,83
10,83
11,83
11,83
11,83
11,83
11,83
11,83
12,83
12,83
12,83
12,83
12,83
12,83
12,83
12,83
12,83
12,83
12,83
12,83
12,83
13,83
13,83
13,83
13,83
13,83
13,83
13,83
13,83
13,83
13,83
13,83
13,83
14,83
14,83
14,83
14,83
14,83
14,83
15,83
15,83
15,83
15,83
15,83
15,83
15,83
15,83
15,83
15,83
15,83
15,83
15,83
16,83
16,83
16,83
16,83
16,83
16,83
17,83
17,83
17,83
17,83
17,83
17,83
17,83
17,83
17,83
17,83
17,83
17,83
17,83
18,83
18,83
18,83
18,83
18,83
18,83
19,83
19,83
19,83
19,83
19,83
19,83
19,83
19,83
19,83
19,83
19,83
19,83
19,83
20,83
20,83
20,83
20,83
20,83
20,83
20,83
20,83
20,83
20,83
20,83
20,83
21,82
21,82
21,82
21,82
21,82
21,82
21,82
22,82
22,82
22,82
22,82
22,82
22,82
22,82
22,82
22,82
22,82
22,82
22,82
23,83
23,83
23,83
23,83
23,83
23,83
23,83
24,82
24,82
24,82
24,82
24,82
24,82
24,82
24,82
24,82
24,82
24,82
24,82
25,82
25,82
25,82
25,82
25,82
25,82
25,82
25,82
25,82
25,82
25,82
25,82
25,82
26,82
26,82
26,82
26,82
26,82
26,82
27,82
27,82
27,82
27,82
27,82
27,82
27,82
27,82
27,82
27,82
27,82
27,82
27,82
28,82
28,82
28,82
28,82
28,82
28,82
29,82
29,82
29,82
29,82
29,82
29,82
29,81
29,81
29,81
29,81
29,81
29,81
29,81
30,82
30,82
30,82
30,82
30,82
30,82
31,82
31,82
31,82
31,82
31,82
31,82
31,82
31,82
31,82
31,82
31,82
31,82
32,81
32,81
32,81
32,81
32,81
32,81
32,81
32,81
32,81
32,81
32,81
32,81
32,81
33,81
33,81
33,81
33,81
33,81
33,81
34,81
34,81
34,81
34,81
34,81
34,81
34,81
34,82
34,82
34,82
34,82
34,82
34,82
35,81
35,81
35,81
35,81
35,81
35,81
36,81
36,81
36,81
36,81
36,81
36,81
36,81
36,82
36,82
36,82
36,82
36,82
36,82
37,81
37,81
37,81
37,81
37,81
37,81
37,81
37,81
37,81
37,81
37,81
37,81
38,81
38,81
38,81
38,81
38,81
38,81
38,81
39,81
39,81
39,81
39,81
39,81
39,81
39,81
39,81
39,81
39,81
39,81
39,81
40,81
40,81
40,81
40,81
40,81
40,81
40,81
41,81
41,81
41,81
41,81
41,81
41,81
41,80
41,80
41,80
41,80
41,80
41,80
42,81
42,81
42,81
42,81
42,81
42,81
42,81
42,81
42,81
42,81
42,81
42,81
42,81
43,80
43,80
43,80
43,80
43,80
43,80
44,81
44,81
44,81
44,81
44,81
44,81
44,81
44,81
44,81
44,81
44,81
44,81
44,81
45,80
45,80
45,80
45,80
45,80
45,80
46,81
46,81
46,81
46,81
46,81
46,81
46,80
46,80
46,80
46,80
46,80
46,80
46,80
47,80
47,80
47,80
47,80
47,80
47,80
48,80
48,80
48,80
48,80
48,80
48,80
48,80
48,80
48,80
48,80
48,80
48,80
49,80
49,80
49,80
49,80
49,80
49,80
49,80
49,80
49,80
49,80
49,80
49,80
49,80
50,81
50,81
50,81
50,81
50,81
50,81
51,80
51,80
51,80
51,80
51,80
51,80
51,80
51,80
51,80
51,80
51,80
51,80
51,80
52,80
52,80
52,80
52,80
52,80
52,80
53,80
53,80
53,80
53,80
53,80
53,80
53,80
53,80
53,80
53,80
53,80
53,80
53,80
54,80
54,80
54,80
54,80
54,80
54,80
54,80
54,80
54,80
54,80
54,80
54,80
55,80
55,80
55,80
55,80
55,80
55,80
55,80
56,80
56,80
56,80
56,80
56,80
56,80
56,80
56,80
56,80
56,80
56,80
56,80
57,79
57,79
57,79
57,79
57,79
57,79
57,79
58,79
58,79
58,79
58,79
58,79
58,79
58,79
58,79
58,79
58,79
58,79
58,79
59,80
59,80
59,80
59,80
59,80
59,80
60,80
60,80
60,80
60,80
60,80
60,80
60,80
60,80
60,80
60,80
60,80
60,80
60,80
61,80
61,80
61,80
61,80
61,80
61,80
61,80
61,80
61,80
61,80
61,80
61,80
61,80
62,79
62,79
62,79
62,79
62,79
62,79
63,80
63,80
63,80
63,80
63,80
63,80
63,79
63,79
63,79
63,79
63,79
63,79
63,79
64,80
64,80
64,80
64,80
64,80
64,80
65,79
65,79
65,79
65,79
65,79
65,79
65,79
65,79
65,79
65,79
65,79
65,79
66,79
66,79
66,79
66,79
66,79
66,79
66,79
66,79
66,79
66,79
66,79
66,79
66,79
67,79
67,79
67,79
67,79
67,79
67,79
68,79
68,79
68,79
68,79
68,79
68,79
68,79
68,79
68,79
68,79
68,79
68,79
68,79
69,79
69,79
69,79
69,79
69,79
69,79
70,79
70,79
70,79
70,79
70,79
70,79
70,79
70,79
70,79
70,79
70,79
70,79
70,79
71,79
71,79
71,79
71,79
71,79
71,79
72,79
72,79
72,79
72,79
72,79
72,79
72,79
72,79
72,79
72,79
72,79
72,79
72,79
73,79
73,79
73,79
73,79
73,79
73,79
73,79
73,79
73,79
73,79
73,79
73,79
74,79
74,79
74,79
74,79
74,79
74,79
74,79
75,79
75,79
75,79
75,79
75,79
75,79
75,79
75,79
75,79
75,79
75,79
75,79
76,78
76,78
76,78
76,78
76,78
76,78
76,78
77,79
77,79
77,79
77,79
77,79
77,79
77,78
77,78
77,78
77,78
77,78
77,78
78,79
78,79
78,79
78,79
78,79
78,79
78,79
78,79
78,79
78,79
78,79
78,79
78,79
79,79
79,79
79,79
79,79
79,79
79,79
80,78
80,78
80,78
80,78
80,78
80,78
80,79
80,79
80,79
80,79
80,79
80,79
80,79
81,79
81,79
81,79
81,79
81,79
81,79
82,78
82,78
82,78
82,78
82,78
82,78
82,78
82,78
82,78
82,78
82,78
82,78
82,78
83,78
83,78
83,78
83,78
83,78
83,78
84,78
84,78
84,78
84,78
84,78
84,78
84,78
84,78
84,78
84,78
84,78
84,78
85,78
85,78
85,78
85,78
85,78
85,78
85,78
85,78
85,78
85,78
85,78
85,78
85,78
86,79
86,79
86,79
86,79
86,79
86,79
87,78
87,78
87,78
87,78
87,78
87,78
87,78
87,78
87,78
87,78
87,78
87,78
87,78
88,78
88,78
88,78
88,78
88,78
88,78
89,78
89,78
89,78
89,78
89,78
89,78
89,78
89,78
89,78
89,78
89,78
89,78
89,78
90,78
90,78
90,78
90,78
90,78
90,78
90,78
90,78
90,78
90,78
90,78
90,78
91,78
91,78
91,78
91,78
91,78
91,78
91,78
92,78
92,78
92,78
92,78
92,78
92,78
92,78
92,78
92,78
92,78
92,78
92,78
93,78
93,78
93,78
93,78
93,78
93,78
93,78
94,78
94,78
94,78
94,78
94,78
94,78
94,77
94,77
94,77
94,77
94,77
94,77
95,77
95,77
95,77
95,77
95,77
95,77
95,77
95,77
95,77
95,77
95,77
95,77
95,77
96,77
96,77
96,77
96,77
96,77
96,77
97,78
97,78
97,78
97,78
97,78
97,78
97,78
97,78
97,78
97,78
97,78
97,78
97,78
98,78
98,78
98,78
98,78
98,78
98,78
99,78
99,78
99,78
99,78
99,78
99,78
99,78
99,78
99,78
99,78
99,78
99,78
99,78
100,78
100,78
100,78
100,78
100,78
100,78
101,77
101,77
101,77
101,77
101,77
101,77
101,78
101,78
101,78
101,78
101,78
101,78
102,78
102,78
102,78
102,78
102,78
102,78
102,78
102,77
102,77
102,77
102,77
102,77
102,77
103,77
103,77
103,77
103,77
103,77
103,77
104,77
104,77
104,77
104,77
104,77
104,77
104,77
104,78
104,78
104,78
104,78
104,78
104,78
105,78
105,78
105,78
105,78
105,78
105,78
106,77
106,77
106,77
106,77
106,77
106,77
106,77
106,77
106,77
106,77
106,77
106,77
106,77
107,77
107,77
107,77
107,77
107,77
107,77
107,78
107,78
107,78
107,78
107,78
107,78
108,77
108,77
108,77
108,77
108,77
108,77
108,77
109,77
109,77
109,77
109,77
109,77
109,77
109,78
109,78
109,78
109,78
109,78
109,78
110,77
110,77
110,77
110,77
110,77
110,77
110,77
111,77
111,77
111,77
111,77
111,77
111,77
111,77
111,77
111,77
111,77
111,77
111,77
112,77
112,77
112,77
112,77
112,77
112,77
112,77
113,77
113,77
113,77
113,77
113,77
113,77
113,77
113,77
113,77
113,77
113,77
113,77
114,77
114,77
114,77
114,77
114,77
114,77
114,77
114,77
114,77
114,77
114,77
114,77
114,77
115,77
115,77
115,77
115,77
115,77
115,77
116,77
116,77
116,77
116,77
116,77
116,77
116,77
116,77
116,77
116,77
116,77
116,77
116,77
117,77
117,77
117,77
117,77
117,77
117,77
118,77
118,77
118,77
118,77
118,77
118,77
118,77
118,77
118,77
118,77
118,77
118,77
119,77
119,77
119,77
119,77
119,77
119,77
119,77
119,77
119,77
119,77
119,77
119,77
119,77
120,77
120,77
120,77
120,77
120,77
120,77
121,77
121,77
121,77
121,77
121,77
121,77
121,77
121,77
121,77
121,77
121,77
121,77
121,77
122,77
122,77
122,77
122,77
122,77
122,77
123,76
123,76
123,76
123,76
123,76
123,76
123,76
123,77
123,77
123,77
123,77
123,77
123,77
124,77
124,77
124,77
124,77
124,77
124,77
125,77
125,77
125,77
125,77
125,77
125,77
125,76
125,76
125,76
125,76
125,76
125,76
125,76
126,77
126,77
126,77
126,77
126,77
126,77
126,77
126,77
126,77
126,77
126,77
126,77
127,76
127,76
127,76
127,76
127,76
127,76
127,76
128,77
128,77
128,77
128,77
128,77
128,77
128,77
128,77
128,77
128,77
128,77
128,77
129,76
129,76
129,76
129,76
129,76
129,76
130,77
130,77
130,77
130,77
130,77
130,77
130,77
130,77
130,77
130,77
130,77
130,77
130,77
131,77
131,77
131,77
131,77
131,77
131,77
131,77
131,77
131,77
131,77
131,77
131,77
131,77
132,76
132,76
132,76
132,76
132,76
132,76
133,76
133,76
133,76
133,76
133,76
133,76
133,77
133,77
133,77
133,77
133,77
133,77
133,77
134,77
134,77
134,77
134,77
134,77
134,77
135,77
135,77
135,77
135,77
135,77
135,77
135,76
135,76
135,76
135,76
135,76
135,76
136,76
136,76
136,76
136,76
136,76
136,76
136,76
137,76
137,76
137,76
137,76
137,76
137,76
137,77
137,77
137,77
137,77
137,77
137,77
138,76
138,76
138,76
138,76
138,76
138,76
138,76
138,77
138,77
138,77
138,77
138,77
138,77
139,77
139,77
139,77
139,77
139,77
139,77
140,76
140,76
140,76
140,76
140,76
140,76
140,76
140,76
140,76
140,76
140,76
140,76
140,76
141,77
141,77
141,77
141,77
141,77
141,77
142,76
142,76
142,76
142,76
142,76
142,76
142,77
142,77
142,77
142,77
142,77
142,77
142,77
143,77
143,77
143,77
143,77
143,77
143,77
143,77
143,77
143,77
143,77
143,77
143,77
144,76
144,76
144,76
144,76
144,76
144,76
144,76
145,76
145,76
145,76
145,76
145,76
145,76
145,77
145,77
145,77
145,77
145,77
145,77
146,76
146,76
146,76
146,76
146,76
146,76
146,76
147,76
147,76
147,76
147,76
147,76
147,76
147,76
147,76
147,76
147,76
147,76
147,76
148,76
148,76
148,76
148,76
148,76
148,76
149,76
149,76
149,76
149,76
149,76
149,76
149,76
149,76
149,76
149,76
149,76
149,76
149,76
150,76
150,76
150,76
150,76
150,76
150,76
150,77
150,77
150,77
150,77
150,77
150,77
150,77
151,76
151,76
151,76
151,76
151,76
151,76
152,77
152,77
152,77
152,77
152,77
152,77
152,76
152,76
152,76
152,76
152,76
152,76
153,76
153,76
153,76
153,76
153,76
153,76
153,76
154,76
154,76
154,76
154,76
154,76
154,76
154,76
154,76
154,76
154,76
154,76
154,76
155,76
155,76
155,76
155,76
155,76
155,76
155,76
155,76
155,76
155,76
155,76
155,76
155,76
156,76
156,76
156,76
156,76
156,76
156,76
157,76
157,76
157,76
157,76
157,76
157,76
157,76
157,76
157,76
157,76
157,76
157,76
157,76
158,76
158,76
158,76
158,76
158,76
158,76
159,76
159,76
159,76
159,76
159,76
159,76
159,76
159,76
159,76
159,76
159,76
159,76
159,76
160,77
160,77
160,77
160,77
160,77
160,77
160,76
160,76
160,76
160,76
160,76
160,76
161,76
161,76
161,76
161,76
161,76
161,76
161,76
162,76
162,76
162,76
162,76
162,76
162,76
162,76
162,76
162,76
162,76
162,76
162,76
163,76
163,76
163,76
163,76
163,76
163,76
164,76
164,76
164,76
164,76
164,76
164,76
164,76
164,76
164,76
164,76
164,76
164,76
164,76
165,76
165,76
165,76
165,76
165,76
165,76
166,76
166,76
166,76
166,76
166,76
166,76
166,76
166,76
166,76
166,76
166,76
166,76
166,76
167,76
167,76
167,76
167,76
167,76
167,76
167,76
167,76
167,76
167,76
167,76
167,76
168,76
168,76
168,76
168,76
168,76
168,76
168,76
169,76
169,76
169,76
169,76
169,76
169,76
169,76
169,76
169,76
169,76
169,76
169,76
170,76
170,76
170,76
170,76
170,76
170,76
170,76
171,76
171,76
171,76
171,76
171,76
171,76
171,76
171,76
171,76
171,76
171,76
171,76
172,76
172,76
172,76
172,76
172,76
172,76
172,76
172,76
172,76
172,76
172,76
172,76
172,76
173,76
173,76
173,76
173,76
173,76
173,76
174,76
174,76
174,76
174,76
174,76
174,76
174,76
174,76
174,76
174,76
174,76
174,76
174,76
175,76
175,76
175,76
175,76
175,76
175,76
176,76
176,76
176,76
176,76
176,76
176,76
176,76
176,76
176,76
176,76
176,76
176,76
176,76
177,76
177,76
177,76
177,76
177,76
177,76
178,76
178,76
178,76
178,76
178,76
178,76
178,76
178,76
178,76
178,76
178,76
178,76
178,76
179,75
179,75
179,75
179,75
179,75
179,75
179,76
179,76
179,76
179,76
179,76
179,76
180,76
180,76
180,76
180,76
180,76
180,76
181,76
181,76
181,76
181,76
181,76
181,76
181,76
181,76
181,76
181,76
181,76
181,76
181,76
182,76
182,76
182,76
182,76
182,76
182,76
183,76
183,76
183,76
183,76
183,76
183,76
183,76
183,75
183,75
183,75
183,75
183,75
183,75
184,75
184,75
184,75
184,75
184,75
184,75
184,75
184,75
184,75
184,75
184,75
184,75
185,76
185,76
185,76
185,76
185,76
185,76
185,76
186,76
186,76
186,76
186,76
186,76
186,76
186,76
186,76
186,76
186,76
186,76
186,76
187,76
187,76
187,76
187,76
187,76
187,76
187,76
188,76
188,76
188,76
188,76
188,76
188,76
188,76
188,76
188,76
188,76
188,76
188,76
189,76
189,76
189,76
189,76
189,76
189,76
189,76
190,76
190,76
190,76
190,76
190,76
190,76
190,75
190,75
190,75
190,75
190,75
190,75
191,76
191,76
191,76
191,76
191,76
191,76
191,76
191,76
191,76
191,76
191,76
191,76
191,76
192,76
192,76
192,76
192,76
192,76
192,76
193,76
193,76
193,76
193,76
193,76
193,76
193,75
193,75
193,75
193,75
193,75
193,75
193,75
194,76
194,76
194,76
194,76
194,76
194,76
195,76
195,76
195,76
195,76
195,76
195,76
195,76
195,76
195,76
195,76
195,76
195,76
196,76
196,76
196,76
196,76
196,76
196,76
196,76
196,76
196,76
196,76
196,76
196,76
196,76
197,76
197,76
197,76
197,76
197,76
197,76
198,76
198,76
198,76
198,76
198,76
198,76
198,76
198,76
198,76
198,76
198,76
198,76
198,76
199,76
199,76
199,76
199,76
199,76
199,76
200,75
200,75
200,75
200,75
200,75
200,75
200,75
200,76
200,76
200,76
200,76
200,76
200,76
201,76
201,76
201,76
201,76
201,76
201,76
202,75
202,75
202,75
202,75
202,75
202,75
202,75
202,75
202,75
202,75
202,75
202,75
202,75
203,76
203,76
203,76
203,76
203,76
203,76
203,75
203,75
203,75
203,75
203,75
203,75
204,76
204,76
204,76
204,76
204,76
204,76
204,76
205,76
205,76
205,76
205,76
205,76
205,76
205,76
205,76
205,76
205,76
205,76
205,76
206,75
206,75
206,75
206,75
206,75
206,75
206,75
207,76
207,76
207,76
207,76
207,76
207,76
207,76
207,76
207,76
207,76
207,76
207,76
208,76
208,76
208,76
208,76
208,76
208,76
208,75
208,75
208,75
208,75
208,75
208,75
208,75
209,76
209,76
209,76
209,76
209,76
209,76
210,76
210,76
210,76
210,76
210,76
210,76
210,75
210,75
210,75
210,75
210,75
210,75
210,75
211,76
211,76
211,76
211,76
211,76
211,76
212,76
212,76
212,76
212,76
212,76
212,76
212,76
212,76
212,76
212,76
212,76
212,76
212,76
213,76
213,76
213,76
213,76
213,76
213,76
214,76
214,76
214,76
214,76
214,76
214,76
214,76
214,76
214,76
214,76
214,76
214,76
215,76
215,76
215,76
215,76
215,76
215,76
215,76
215,75
215,75
215,75
215,75
215,75
215,75
216,76
216,76
216,76
216,76
216,76
216,76
217,76
217,76
217,76
217,76
217,76
217,76
217,76
217,76
217,76
217,76
217,76
217,76
217,76
218,76
218,76
218,76
218,76
218,76
218,76
219,75
219,75
219,75
219,75
219,75
219,75
219,75
219,75
219,75
219,75
219,75
219,75
219,75
220,76
220,76
220,76
220,76
220,76
220,76
220,75
220,75
220,75
220,75
220,75
220,75
221,75
221,75
221,75
221,75
221,75
221,75
221,75
222,75
222,75
222,75
222,75
222,75
222,75
222,75
222,75
222,75
222,75
222,75
222,75
223,75
223,75
223,75
223,75
223,75
223,75
223,75
224,75
224,75
224,75
224,75
224,75
224,75
224,76
224,76
224,76
224,76
224,76
224,76
225,75
225,75
225,75
225,75
225,75
225,75
225,75
225,75
225,75
225,75
225,75
225,75
225,75
226,75
226,75
226,75
226,75
226,75
226,75
227,75
227,75
227,75
227,75
227,75
227,75
227,75
227,75
227,75
227,75
227,75
227,75
227,75
228,75
228,75
228,75
228,75
228,75
228,75
229,76
229,76
229,76
229,76
229,76
229,76
229,76
229,76
229,76
229,76
229,76
229,76
230,75
230,75
230,75
230,75
230,75
230,75
230,75
231,75
231,75
231,75
231,75
231,75
231,75
231,75
231,75
231,75
231,75
231,75
231,75
232,75
232,75
232,75
232,75
232,75
232,75
232,75
232,75
232,75
232,75
232,75
232,75
232,75
233,75
233,75
233,75
233,75
233,75
233,75
234,76
234,76
234,76
234,76
234,76
234,76
234,76
234,76
234,76
234,76
234,76
234,76
234,76
235,76
235,76
235,76
235,76
235,76
235,76
236,75
236,75
236,75
236,75
236,75
236,75
236,75
236,75
236,75
236,75
236,75
236,75
236,75
237,76
237,76
237,76
237,76
237,76
237,76
237,76
237,76
237,76
237,76
237,76
237,76
238,75
238,75
238,75
238,75
238,75
238,75
238,75
239,76
239,76
239,76
239,76
239,76
239,76
239,75
239,75
239,75
239,75
239,75
239,75
240,75
240,75
240,75
240,75
240,75
240,75
240,75
241,75
241,75
241,75
241,75
241,75
241,75
241,75
241,75
241,75
241,75
241,75
241,75
242,75
242,75
242,75
242,75
242,75
242,75
243,76
243,76
243,76
243,76
243,76
243,76
243,76
243,75
243,75
243,75
243,75
243,75
243,75
244,75
244,75
244,75
244,75
244,75
244,75
244,75
244,75
244,75
244,75
244,75
244,75
244,75
245,75
245,75
245,75
245,75
245,75
245,75
246,75
246,75
246,75
246,75
246,75
246,75
246,75
246,75
246,75
246,75
246,75
246,75
246,75
247,76
247,76
247,76
247,76
247,76
247,76
248,75
248,75
248,75
248,75
248,75
248,75
248,75
248,75
248,75
248,75
248,75
248,75
249,75
249,75
249,75
249,75
249,75
249,75
249,75
249,75
249,75
249,75
249,75
249,75
249,75
250,75
250,75
250,75
250,75
250,75
250,75
251,75
251,75
251,75
251,75
251,75
251,75
251,75
251,76
251,76
251,76
251,76
251,76
251,76
252,75
252,75
252,75
252,75
252,75
252,75
253,75
253,75
253,75
253,75
253,75
253,75
253,75
253,75
253,75
253,75
253,75
253,75
253,75
254,75
254,75
254,75
254,75
254,75
254,75
255,75
255,75
255,75
255,75
255,75
255,75
255,76
255,76
255,76
255,76
255,76
255,76
255,76
256,75
256,75
256,75
256,75
256,75
256,75
256,75
256,75
256,75
256,75
256,75
256,75
257,76
257,76
257,76
257,76
257,76
257,76
257,76
258,75
258,75
258,75
258,75
258,75
258,75
258,75
258,75
258,75
258,75
258,75
258,75
259,75
259,75
259,75
259,75
259,75
259,75
260,75
260,75
260,75
260,75
260,75
260,75
260,75
260,75
260,75
260,75
260,75
260,75
260,75
261,75
261,75
261,75
261,75
261,75
261,75
261,75
261,75
261,75
261,75
261,75
261,75
261,75
262,75
262,75
262,75
262,75
262,75
262,75
263,75
263,75
263,75
263,75
263,75
263,75
263,75
263,75
263,75
263,75
263,75
263,75
263,75
264,75
264,75
264,75
264,75
264,75
264,75
265,75
265,75
265,75
265,75
265,75
265,75
265,75
265,75
265,75
265,75
265,75
265,75
266,75
266,75
266,75
266,75
266,75
266,75
266,75
267,75
267,75
267,75
267,75
267,75
267,75
267,75
267,75
267,75
267,75
267,75
267,75
268,75
268,75
268,75
268,75
268,75
268,75
268,75
268,75
268,75
268,75
268,75
268,75
268,75
269,75
269,75
269,75
269,75
269,75
269,75
270,75
270,75
270,75
270,75
270,75
270,75
270,75
270,75
270,75
270,75
270,75
270,75
270,75
271,75
271,75
271,75
271,75
271,75
271,75
272,75
272,75
272,75
272,75
272,75
272,75
272,76
272,76
272,76
272,76
272,76
272,76
272,76
273,75
273,75
273,75
273,75
273,75
273,75
273,75
273,75
273,75
273,75
273,75
273,75
274,75
274,75
274,75
274,75
274,75
274,75
274,75
275,75
275,75
275,75
275,75
275,75
275,75
275,75
275,75
275,75
275,75
275,75
275,75
276,75
276,75
276,75
276,75
276,75
276,75
277,75
277,75
277,75
277,75
277,75
277,75
277,75
277,75
277,75
277,75
277,75
277,75
277,75
278,75
278,75
278,75
278,75
278,75
278,75
278,75
278,75
278,75
278,75
278,75
278,75
278,75
279,75
279,75
279,75
279,75
279,75
279,75
280,75
280,75
280,75
280,75
280,75
280,75
280,75
280,75
280,75
280,75
280,75
280,75
281,75
281,75
281,75
281,75
281,75
281,75
281,75
282,75
282,75
282,75
282,75
282,75
282,75
282,75
282,75
282,75
282,75
282,75
282,75
283,75
283,75
283,75
283,75
283,75
283,75
283,75
284,75
284,75
284,75
284,75
284,75
284,75
284,75
284,75
284,75
284,75
284,75
284,75
285,75
285,75
285,75
285,75
285,75
285,75
285,75
285,75
285,75
285,75
285,75
285,75
285,75
286,76
286,76
286,76
286,76
286,76
286,76
287,75
287,75
287,75
287,75
287,75
287,75
287,75
287,75
287,75
287,75
287,75
287,75
287,75
288,75
288,75
288,75
288,75
288,75
288,75
289,75
289,75
289,75
289,75
289,75
289,75
289,75
289,75
289,75
289,75
289,75
289,75
289,75
290,75
290,75
290,75
290,75
290,75
290,75
290,76
290,76
290,76
290,76
290,76
290,76
291,75
291,75
291,75
291,75
291,75
291,75
292,75
292,75
292,75
292,75
292,75
292,75
292,75
292,75
292,75
292,75
292,75
292,75
292,75
293,75
293,75
293,75
293,75
293,75
293,75
294,75
294,75
294,75
294,75
294,75
294,75
294,75
294,75
294,75
294,75
294,75
294,75
294,75
295,75
295,75
295,75
295,75
295,75
295,75
296,75
296,75
296,75
296,75
296,75
296,75
296,75
296,75
296,75
296,75
296,75
296,75
296,75
297,75
297,75
297,75
297,75
297,75
297,75
297,75
297,75
297,75
297,75
297,75
297,75
298,75
298,75
298,75
298,75
298,75
298,75
298,75
299,75
299,75
299,75
299,75
299,75
299,75
299,74
299,74
299,74
299,74
299,74
299,74
300,75
300,75
300,75
300,75
300,75
300,75
300,75
301,75
301,75
301,75
301,75
301,75
301,75
301,75
301,75
301,75
301,75
301,75
301,75
302,75
302,75
302,75
302,75
302,75
302,75
302,75
302,75
302,75
302,75
302,75
302,75
302,75
303,75
303,75
303,75
303,75
303,75
303,75
304,75
304,75
304,75
304,75
304,75
304,75
304,74
304,74
304,74
304,74
304,74
304,74
304,74
305,75
305,75
305,75
305,75
305,75
305,75
306,75
306,75
306,75
306,75
306,75
306,75
306,74
306,74
306,74
306,74
306,74
306,74
306,74
307,74
307,74
307,74
307,74
307,74
307,74
308,74
308,74
308,74
308,74
308,74
308,74
308,75
308,75
308,75
308,75
308,75
308,75
308,75
309,75
309,75
309,75
309,75
309,75
309,75
309,75
309,75
309,75
309,75
309,75
309,75
310,75
310,75
310,75
310,75
310,75
310,75
311,75
311,75
311,75
311,75
311,75
311,75
311,75
311,75
311,75
311,75
311,75
311,75
311,75
312,75
312,75
312,75
312,75
312,75
312,75
313,75
313,75
313,75
313,75
313,75
313,75
313,75
313,75
313,75
313,75
313,75
313,75
313,75
314,75
314,75
314,75
314,75
314,75
314,75
314,75
314,75
314,75
314,75
314,75
314,75
315,75
315,75
315,75
315,75
315,75
315,75
315,75
316,74
316,74
316,74
316,74
316,74
316,74
316,75
316,75
316,75
316,75
316,75
316,75
317,74
317,74
317,74
317,74
317,74
317,74
317,74
318,75
318,75
318,75
318,75
318,75
318,75
318,75
318,75
318,75
318,75
318,75
318,75
319,75
319,75
319,75
319,75
319,75
319,75
319,75
320,74
320,74
320,74
320,74
320,74
320,74
320,75
320,75
320,75
320,75
320,75
320,75
321,75
321,75
321,75
321,75
321,75
321,75
321,74
321,74
321,74
321,74
321,74
321,74
321,74
322,75
322,75
322,75
322,75
322,75
322,75
323,74
323,74
323,74
323,74
323,74
323,74
323,75
323,75
323,75
323,75
323,75
323,75
323,75
324,75
324,75
324,75
324,75
324,75
324,75
325,75
325,75
325,75
325,75
325,75
325,75
325,75
325,75
325,75
325,75
325,75
325,75
326,75
326,75
326,75
326,75
326,75
326,75
326,75
326,75
326,75
326,75
326,75
326,75
326,75
327,75
327,75
327,75
327,75
327,75
327,75
328,75
328,75
328,75
328,75
328,75
328,75
328,75
328,75
328,75
328,75
328,75
328,75
328,75
329,75
329,75
329,75
329,75
329,75
329,75
330,75
330,75
330,75
330,75
330,75
330,75
330,75
330,75
330,75
330,75
330,75
330,75
330,75
331,75
331,75
331,75
331,75
331,75
331,75
331,76
331,76
331,76
331,76
331,76
331,76
332,75
332,75
332,75
332,75
332,75
332,75
332,75
333,75
333,75
333,75
333,75
333,75
333,75
333,75
333,75
333,75
333,75
333,75
333,75
334,75
334,75
334,75
334,75
334,75
334,75
334,75
335,75
335,75
335,75
335,75
335,75
335,75
335,74
335,74
335,74
335,74
335,74
335,74
336,75
336,75
336,75
336,75
336,75
336,75
336,75
337,75
337,75
337,75
337,75
337,75
337,75
337,75
337,75
337,75
337,75
337,75
337,75
338,75
338,75
338,75
338,75
338,75
338,75
338,75
338,75
338,75
338,75
338,75
338,75
338,75
339,75
339,75
339,75
339,75
339,75
339,75
340,74
340,74
340,74
340,74
340,74
340,74
340,74
340,74
340,74
340,74
340,74
340,74
340,74
341,74
341,74
341,74
341,74
341,74
341,74
342,74
342,74
342,74
342,74
342,74
342,74
342,73
342,73
342,73
342,73
342,73
342,73
343,73
343,73
343,73
343,73
343,73
343,73
343,73
343,73
343,73
343,73
343,73
343,73
343,73
344,73
344,73
344,73
344,73
344,73
344,73
345,72
345,72
345,72
345,72
345,72
345,72
345,72
345,72
345,72
345,72
345,72
345,72
345,72
346,72
346,72
346,72
346,72
346,72
346,72
347,72
347,72
347,72
347,72
347,72
347,72
347,72
347,71
347,71
347,71
347,71
347,71
347,71
348,72
348,72
348,72
348,72
348,72
348,72
349,72
349,72
349,72
349,72
349,72
349,72
349,71
349,71
349,71
349,71
349,71
349,71
349,71
350,72
350,72
350,72
350,72
350,72
350,72
350,71
350,71
350,71
350,71
350,71
350,71
351,72
351,72
351,72
351,72
351,72
351,72
351,72
352,72
352,72
352,72
352,72
352,72
352,72
352,71
352,71
352,71
352,71
352,71
352,71
353,72
353,72
353,72
353,72
353,72
353,72
353,72
354,72
354,72
354,72
354,72
354,72
354,72
354,71
354,71
354,71
354,71
354,71
354,71
355,72
355,72
355,72
355,72
355,72
355,72
355,72
355,72
355,72
355,72
355,72
355,72
355,72
356,73
356,73
356,73
356,73
356,73
356,73
357,73
357,73
357,73
357,73
357,73
357,73
357,73
357,73
357,73
357,73
357,73
357,73
357,73
358,74
358,74
358,74
358,74
358,74
358,74
359,74
359,74
359,74
359,74
359,74
359,74
359,74
359,74
359,74
359,74
359,74
359,74
359,74
360,74
360,74
360,74
360,74
360,74
360,74
361,74
361,74
361,74
361,74
361,74
361,74
361,74
361,74
361,74
361,74
361,74
361,74
362,74
362,74
362,74
362,74
362,74
362,74
362,74
362,74
362,74
362,74
362,74
362,74
362,74
363,74
363,74
363,74
363,74
363,74
363,74
364,74
364,74
364,74
364,74
364,74
364,74
364,74
364,73
364,73
364,73
364,73
364,73
364,73
365,73
365,73
365,73
365,73
365,73
365,73
366,73
366,73
366,73
366,73
366,73
366,73
366,72
366,72
366,72
366,72
366,72
366,72
366,72
367,72
367,72
367,72
367,72
367,72
367,72
367,72
367,72
367,72
367,72
367,72
367,72
368,71
368,71
368,71
368,71
368,71
368,71
368,71
369,71
369,71
369,71
369,71
369,71
369,71
369,70
369,70
369,70
369,70
369,70
369,70
370,70
370,70
370,70
370,70
370,70
370,70
370,70
371,69
371,69
371,69
371,69
371,69
371,69
371,69
371,69
371,69
371,69
371,69
371,69
372,68
372,68
372,68
372,68
372,68
372,68
373,68
373,68
373,68
373,68
373,68
373,68
373,68
373,67
373,67
373,67
373,67
373,67
373,67
374,67
374,67
374,67
374,67
374,67
374,67
374,67
374,67
374,67
374,67
374,67
374,67
374,67
375,67
375,67
375,67
375,67
375,67
375,67
376,67
376,67
376,67
376,67
376,67
376,67
376,67
376,67
376,67
376,67
376,67
376,67
376,67
377,67
377,67
377,67
377,67
377,67
377,67
378,66
378,66
378,66
378,66
378,66
378,66
378,67
378,67
378,67
378,67
378,67
378,67
379,66
379,66
379,66
379,66
379,66
379,66
379,66
379,67
379,67
379,67
379,67
379,67
379,67
380,67
380,67
380,67
380,67
380,67
380,67
381,67
381,67
381,67
381,67
381,67
381,67
381,67
381,67
381,67
381,67
381,67
381,67
381,67
382,67
382,67
382,67
382,67
382,67
382,67
383,68
383,68
383,68
383,68
383,68
383,68
383,68
383,68
383,68
383,68
383,68
383,68
383,68
384,68
384,68
384,68
384,68
384,68
384,68
385,68
385,68
385,68
385,68
385,68
385,68
385,69
385,69
385,69
385,69
385,69
385,69
385,69
386,69
386,69
386,69
386,69
386,69
386,69
386,69
386,69
386,69
386,69
386,69
386,69
387,69
387,69
387,69
387,69
387,69
387,69
387,69
388,69
388,69
388,69
388,69
388,69
388,69
388,68
388,68
388,68
388,68
388,68
388,68
389,69
389,69
389,69
389,69
389,69
389,69
390,69
390,69
390,69
390,69
390,69
390,69
390,69
390,69
390,69
390,69
390,69
390,69
390,69
391,69
391,69
391,69
391,69
391,69
391,69
391,68
391,68
391,68
391,68
391,68
391,68
391,68
392,68
392,68
392,68
392,68
392,68
392,68
393,68
393,68
393,68
393,68
393,68
393,68
393,68
393,68
393,68
393,68
393,68
393,68
394,67
394,67
394,67
394,67
394,67
394,67
394,67
395,67
395,67
395,67
395,67
395,67
395,67
395,66
395,66
395,66
395,66
395,66
395,66
396,66
396,66
396,66
396,66
396,66
396,66
396,66
396,65
396,65
396,65
396,65
396,65
396,65
397,65
397,65
397,65
397,65
397,65
397,65
398,64
398,64
398,64
398,64
398,64
398,64
398,64
398,64
398,64
398,64
398,64
398,64
398,64
399,64
399,64
399,64
399,64
399,64
399,64
400,63
400,63
400,63
400,63
400,63
400,63
400,63
400,63
400,63
400,63
400,63
400,63
400,63
401,62
401,62
401,62
401,62
401,62
401,62
402,61
402,61
402,61
402,61
402,61
402,61
402,61
402,61
402,61
402,61
402,61
402,61
402,61
403,60
403,60
403,60
403,60
403,60
403,60
403,59
403,59
403,59
403,59
403,59
403,59
404,59
404,59
404,59
404,59
404,59
404,59
404,59
405,58
405,58
405,58
405,58
405,58
405,58
405,57
405,57
405,57
405,57
405,57
405,57
406,57
406,57
406,57
406,57
406,57
406,57
407,56
407,56
407,56
407,56
407,56
407,56
407,56
407,55
407,55
407,55
407,55
407,55
407,55
408,55
408,55
408,55
408,55
408,55
408,55
408,54
408,54
408,54
408,54
408,54
408,54
408,54
409,53
409,53
409,53
409,53
409,53
409,53
410,52
410,52
410,52
410,52
410,52
410,52
410,51
410,51
410,51
410,51
410,51
410,51
410,51
411,50
411,50
411,50
411,50
411,50
411,50
412,49
412,49
412,49
412,49
412,49
412,49
412,48
412,48
412,48
412,48
412,48
412,48
413,47
413,47
413,47
413,47
413,47
413,47
413,47
414,46
414,46
414,46
414,46
414,46
414,46
414,45
414,45
414,45
414,45
414,45
414,45
415,43
415,43
415,43
415,43
415,43
415,43
415,43
415,43
415,43
415,43
415,43
415,43
415,43
416,41
416,41
416,41
416,41
416,41
416,41
417,40
417,40
417,40
417,40
417,40
417,40
417,39
417,39
417,39
417,39
417,39
417,39
417,39
418,38
418,38
418,38
418,38
418,38
418,38
419,36
419,36
419,36
419,36
419,36
419,36
419,34
419,34
419,34
419,34
419,34
419,34
419,34
420,33
420,33
420,33
420,33
420,33
420,33
420,31
420,31
420,31
420,31
420,31
420,31
421,30
421,30
421,30
421,30
421,30
421,30
421,30
422,28
422,28
422,28
422,28
422,28
422,28
422,26
422,26
422,26
422,26
422,26
422,26
423,24
423,24
423,24
423,24
423,24
423,24
424,23
424,23
424,23
424,23
424,23
424,23
424,23
424,21
424,21
424,21
424,21
424,21
424,21
425,18
425,18
425,18
425,18
425,18
425,18
426,16
426,16
426,16
426,16
426,16
426,16
426,16
426,13
426,13
426,13
426,13
426,13
426,13
427,11
427,11
427,11
427,11
427,11
427,11
427,8
427,8
427,8
427,8
427,8
427,8
427,8
428,5
428,5
428,5
428,5
428,5
428,5
429,2
429,2
429,2
429,2
429,2
429,2
429,0
429,0
429,0
429,0
429,0
429,0
430,-2
430,-2
430,-2
430,-2
430,-2
430,-2
430,-2
431,-1
431,-1
431,-1
431,-1
431,-1
431,-1
431,0
431,0
431,0
431,0
431,0
431,0
432,0
432,0
432,0
432,0
432,0
432,0
432,0
432,0
432,0
432,0
432,0
432,0
432,0
433,1
433,1
433,1
433,1
433,1
433,1
434,0
434,0
434,0
434,0
434,0
434,0
434,0
434,0
434,0
434,0
434,0
434,0
434,0
435,0
435,0
435,0
435,0
435,0
435,0
436,0
436,0
436,0
436,0
436,0
436,0
436,-1
436,-1
436,-1
436,-1
436,-1
436,-1
436,-1
437,-1
437,-1
437,-1
437,-1
437,-1
437,-1
438,-1
438,-1
438,-1
438,-1
438,-1
438,-1
438,-1
438,-1
438,-1
438,-1
438,-1
438,-1
438,-1
439,-1
439,-1
439,-1
439,-1
439,-1
439,-1
439,-1
439,-1
439,-1
439,-1
439,-1
439,-1
440,-1
440,-1
440,-1
440,-1
440,-1
440,-1
441,-2
441,-2
441,-2
441,-2
441,-2
441,-2
441,-2
441,-2
441,-2
441,-2
441,-2
441,-2
441,-2
442,-2
442,-2
442,-2
442,-2
442,-2
442,-2
443,-2
443,-2
443,-2
443,-2
443,-2
443,-2
443,-2
443,-1
443,-1
443,-1
443,-1
443,-1
443,-1
444,-2
444,-2
444,-2
444,-2
444,-2
444,-2
444,-1
444,-1
444,-1
444,-1
444,-1
444,-1
444,-1
445,-1
445,-1
445,-1
445,-1
445,-1
445,-1
446,-1
446,-1
446,-1
446,-1
446,-1
446,-1
446,-2
446,-2
446,-2
446,-2
446,-2
446,-2
447,-2
447,-2
447,-2
447,-2
447,-2
447,-2
447,-2
448,-1
448,-1
448,-1
448,-1
448,-1
448,-1
448,-2
448,-2
448,-2
448,-2
448,-2
448,-2
449,-2
449,-2
449,-2
449,-2
449,-2
449,-2
449,-2
449,-2
449,-2
449,-2
449,-2
449,-2
449,-2
450,-2
450,-2
450,-2
450,-2
450,-2
450,-2
451,-1
451,-1
451,-1
451,-1
451,-1
451,-1
451,-1
451,-1
451,-1
451,-1
451,-1
451,-1
451,-1
452,-2
452,-2
452,-2
452,-2
452,-2
452,-2
453,-2
453,-2
453,-2
453,-2
453,-2
453,-2
453,-2
453,-2
453,-2
453,-2
453,-2
453,-2
453,-2
454,-2
454,-2
454,-2
454,-2
454,-2
454,-2
455,-2
455,-2
455,-2
455,-2
455,-2
455,-2
455,-1
455,-1
455,-1
455,-1
455,-1
455,-1
455,-1
456,-1
456,-1
456,-1
456,-1
456,-1
456,-1
456,-2
456,-2
456,-2
456,-2
456,-2
456,-2
457,-1
457,-1
457,-1
457,-1
457,-1
457,-1
458,-1
458,-1
458,-1
458,-1
458,-1
458,-1
458,-1
458,-1
458,-1
458,-1
458,-1
458,-1
458,-1
459,-2
459,-2
459,-2
459,-2
459,-2
459,-2
460,-1
460,-1
460,-1
460,-1
460,-1
460,-1
460,-1
460,-1
460,-1
460,-1
460,-1
460,-1
460,-1
461,-2
461,-2
461,-2
461,-2
461,-2
461,-2
461,-2
461,-2
461,-2
461,-2
461,-2
461,-2
461,-2
462,-2
462,-2
462,-2
462,-2
462,-2
462,-2
463,-1
463,-1
463,-1
463,-1
463,-1
463,-1
463,-2
463,-2
463,-2
463,-2
463,-2
463,-2
464,-1
464,-1
464,-1
464,-1
464,-1
464,-1
464,-1
465,-2
465,-2
465,-2
465,-2
465,-2
465,-2
465,-1
465,-1
465,-1
465,-1
465,-1
465,-1
466,-1
466,-1
466,-1
466,-1
466,-1
466,-1
466,-1
467,-2
467,-2
467,-2
467,-2
467,-2
467,-2
467,-2
467,-2
467,-2
467,-2
467,-2
467,-2
468,-2
468,-2
468,-2
468,-2
468,-2
468,-2
468,-1
468,-1
468,-1
468,-1
468,-1
468,-1
468,-1
469,-2
469,-2
469,-2
469,-2
469,-2
469,-2
470,-2
470,-2
470,-2
470,-2
470,-2
470,-2
470,-2
470,-2
470,-2
470,-2
470,-2
470,-2
470,-2
471,-1
471,-1
471,-1
471,-1
471,-1
471,-1
472,-2
472,-2
472,-2
472,-2
472,-2
472,-2
472,-1
472,-1
472,-1
472,-1
472,-1
472,-1
472,-1
473,-2
473,-2
473,-2
473,-2
473,-2
473,-2
473,-1
473,-1
473,-1
473,-1
473,-1
473,-1
474,-2
474,-2
474,-2
474,-2
474,-2
474,-2
475,-2
475,-2
475,-2
475,-2
475,-2
475,-2
475,-2
475,-1
475,-1
475,-1
475,-1
475,-1
475,-1
476,-2
476,-2
476,-2
476,-2
476,-2
476,-2
477,-2
477,-2
477,-2
477,-2
477,-2
477,-2
477,-2
477,-2
477,-2
477,-2
477,-2
477,-2
477,-2
478,-1
478,-1
478,-1
478,-1
478,-1
478,-1
479,-1
479,-1
479,-1
479,-1
479,-1
479,-1
479,-1
479,-2
479,-2
479,-2
479,-2
479,-2
479,-2
480,-2
480,-2
480,-2
480,-2
480,-2
480,-2
480,-1
480,-1
480,-1
480,-1
480,-1
480,-1
481,-1
481,-1
481,-1
481,-1
481,-1
481,-1
481,-1
482,-2
482,-2
482,-2
482,-2
482,-2
482,-2
482,-2
482,-2
482,-2
482,-2
482,-2
482,-2
483,-2
483,-2
483,-2
483,-2
483,-2
483,-2
483,-2
484,-1
484,-1
484,-1
484,-1
484,-1
484,-1
484,-2
484,-2
484,-2
484,-2
484,-2
484,-2
485,-2
485,-2
485,-2
485,-2
485,-2
485,-2
485,-2
485,-2
485,-2
485,-2
485,-2
485,-2
485,-2
486,-2
486,-2
486,-2
486,-2
486,-2
486,-2
487,-1
487,-1
487,-1
487,-1
487,-1
487,-1
487,-2
487,-2
487,-2
487,-2
487,-2
487,-2
487,-2
488,-1
488,-1
488,-1
488,-1
488,-1
488,-1
489,-1
489,-1
489,-1
489,-1
489,-1
489,-1
489,-1
489,-1
489,-1
489,-1
489,-1
489,-1
489,-1
490,-1
490,-1
490,-1
490,-1
490,-1
490,-1
491,-2
491,-2
491,-2
491,-2
491,-2
491,-2
491,-2
491,-2
491,-2
491,-2
491,-2
491,-2
492,-2
492,-2
492,-2
492,-2
492,-2
492,-2
492,-2
492,-2
492,-2
492,-2
492,-2
492,-2
492,-2
493,-2
493,-2
493,-2
493,-2
493,-2
493,-2
494,-1
494,-1
494,-1
494,-1
494,-1
494,-1
494,-1
494,-2
494,-2
494,-2
494,-2
494,-2
494,-2
495,-2
495,-2
495,-2
495,-2
495,-2
495,-2
496,-2
496,-2
496,-2
496,-2
496,-2
496,-2
496,-2
496,-1
496,-1
496,-1
496,-1
496,-1
496,-1
497,-1
497,-1
497,-1
497,-1
497,-1
497,-1
497,-2
497,-2
497,-2
497,-2
497,-2
497,-2
498,-2
498,-2
498,-2
498,-2
498,-2
498,-2
498,-2
499,-2
499,-2
499,-2
499,-2
499,-2
499,-2
499,-2
499,-2
499,-2
499,-2
499,-2
499,-2
500,-1
500,-1
500,-1
500,-1
500,-1
500,-1
500,-1
501,-1
501,-1
501,-1
501,-1
501,-1
501,-1
501,-2
501,-2
501,-2
501,-2
501,-2
501,-2
502,-1
502,-1
502,-1
502,-1
502,-1
502,-1
502,-1
503,-2
503,-2
503,-2
503,-2
503,-2
503,-2
503,-2
503,-2
503,-2
503,-2
503,-2
503,-2
504,-2
504,-2
504,-2
504,-2
504,-2
504,-2
504,-1
504,-1
504,-1
504,-1
504,-1
504,-1
504,-1
505,-1
505,-1
505,-1
505,-1
505,-1
505,-1
506,-1
506,-1
506,-1
506,-1
506,-1
506,-1
506,-1
506,-1
506,-1
506,-1
506,-1
506,-1
506,-1
507,-1
507,-1
507,-1
507,-1
507,-1
507,-1
508,-1
508,-1
508,-1
508,-1
508,-1
508,-1
508,0
508,0
508,0
508,0
508,0
508,0
509,0
509,0
509,0
509,0
509,0
509,0
509,0
509,0
509,0
509,0
509,0
509,0
509,0
510,0
510,0
510,0
510,0
510,0
510,0
511,1
511,1
511,1
511,1
511,1
511,1
511,1
511,0
511,0
511,0
511,0
511,0
511,0
512,0
512,0
512,0
512,0
512,0
512,0
513,1
513,1
513,1
513,1
513,1
513,1
513,1
513,0
513,0
513,0
513,0
513,0
513,0
514,1
514,1
514,1
514,1
514,1
514,1
514,1
514,1
514,1
514,1
514,1
514,1
515,1
515,1
515,1
515,1
515,1
515,1
515,1
516,1
516,1
516,1
516,1
516,1
516,1
516,1
516,1
516,1
516,1
516,1
516,1
517,1
517,1
517,1
517,1
517,1
517,1
517,1
518,1
518,1
518,1
518,1
518,1
518,1
518,1
518,1
518,1
518,1
518,1
518,1
519,1
519,1
519,1
519,1
519,1
519,1
519,1
520,2
520,2
520,2
520,2
520,2
520,2
520,1
520,1
520,1
520,1
520,1
520,1
521,2
521,2
521,2
521,2
521,2
521,2
521,3
521,3
521,3
521,3
521,3
521,3
521,3
522,2
522,2
522,2
522,2
522,2
522,2
523,2
523,2
523,2
523,2
523,2
523,2
523,3
523,3
523,3
523,3
523,3
523,3
523,3
524,4
524,4
524,4
524,4
524,4
524,4
525,4
525,4
525,4
525,4
525,4
525,4
525,5
525,5
525,5
525,5
525,5
525,5
526,6
526,6
526,6
526,6
526,6
526,6
526,6
526,6
526,6
526,6
526,6
526,6
526,6
527,7
527,7
527,7
527,7
527,7
527,7
528,8
528,8
528,8
528,8
528,8
528,8
528,8
528,10
528,10
528,10
528,10
528,10
528,10
529,10
529,10
529,10
529,10
529,10
529,10
530,12
530,12
530,12
530,12
530,12
530,12
530,12
530,13
530,13
530,13
530,13
530,13
530,13
531,14
531,14
531,14
531,14
531,14
531,14
532,17
532,17
532,17
532,17
532,17
532,17
532,18
532,18
532,18
532,18
532,18
532,18
532,18
533,19
533,19
533,19
533,19
533,19
533,19
533,21
533,21
533,21
533,21
533,21
533,21
534,24
534,24
534,24
534,24
534,24
534,24
534,24
535,26
535,26
535,26
535,26
535,26
535,26
535,29
535,29
535,29
535,29
535,29
535,29
536,32
536,32
536,32
536,32
536,32
536,32
536,32
537,35
537,35
537,35
537,35
537,35
537,35
537,38
537,38
537,38
537,38
537,38
537,38
538,41
538,41
538,41
538,41
538,41
538,41
538,45
538,45
538,45
538,45
538,45
538,45
538,45
539,49
539,49
539,49
539,49
539,49
539,49
540,52
540,52
540,52
540,52
540,52
540,52
540,56
540,56
540,56
540,56
540,56
540,56
540,56
541,61
541,61
541,61
541,61
541,61
541,61
542,65
542,65
542,65
542,65
542,65
542,65
542,71
542,71
542,71
542,71
542,71
542,71
543,74
543,74
543,74
543,74
543,74
543,74
543,74
544,75
544,75
544,75
544,75
544,75
544,75
544,74
544,74
544,74
544,74
544,74
544,74
545,74
545,74
545,74
545,74
545,74
545,74
545,74
545,74
545,74
545,74
545,74
545,74
545,74
546,75
546,75
546,75
546,75
546,75
546,75
547,74
547,74
547,74
547,74
547,74
547,74
547,74
547,75
547,75
547,75
547,75
547,75
547,75
548,75
548,75
548,75
548,75
548,75
548,75
549,74
549,74
549,74
549,74
549,74
549,74
549,75
549,75
549,75
549,75
549,75
549,75
549,75
550,75
550,75
550,75
550,75
550,75
550,75
550,75
550,75
550,75
550,75
550,75
550,75
551,74
551,74
551,74
551,74
551,74
551,74
551,74
552,75
552,75
552,75
552,75
552,75
552,75
552,74
552,74
552,74
552,74
552,74
552,74
553,75
553,75
553,75
553,75
553,75
553,75
554,74
554,74
554,74
554,74
554,74
554,74
554,74
554,75
554,75
554,75
554,75
554,75
554,75
555,74
555,74
555,74
555,74
555,74
555,74
556,75
556,75
556,75
556,75
556,75
556,75
556,75
556,74
556,74
556,74
556,74
556,74
556,74
557,75
557,75
557,75
557,75
557,75
557,75
557,75
557,75
557,75
557,75
557,75
557,75
557,75
558,74
558,74
558,74
558,74
558,74
558,74
559,74
559,74
559,74
559,74
559,74
559,74
559,75
559,75
559,75
559,75
559,75
559,75
560,75
560,75
560,75
560,75
560,75
560,75
560,75
561,75
561,75
561,75
561,75
561,75
561,75
561,74
561,74
561,74
561,74
561,74
561,74
562,75
562,75
562,75
562,75
562,75
562,75
562,75
562,75
562,75
562,75
562,75
562,75
562,75
563,74
563,74
563,74
563,74
563,74
563,74
564,75
564,75
564,75
564,75
564,75
564,75
564,75
564,74
564,74
564,74
564,74
564,74
564,74
565,75
565,75
565,75
565,75
565,75
565,75
566,75
566,75
566,75
566,75
566,75
566,75
566,75
566,75
566,75
566,75
566,75
566,75
566,75
567,75
567,75
567,75
567,75
567,75
567,75
568,75
568,75
568,75
568,75
568,75
568,75
568,75
568,75
568,75
568,75
568,75
568,75
568,75
569,75
569,75
569,75
569,75
569,75
569,75
569,75
569,75
569,75
569,75
569,75
569,75
570,74
570,74
570,74
570,74
570,74
570,74
571,75
571,75
571,75
571,75
571,75
571,75
571,75
571,75
571,75
571,75
571,75
571,75
571,75
572,75
572,75
572,75
572,75
572,75
572,75
573,74
573,74
573,74
573,74
573,74
573,74
573,74
573,74
573,74
573,74
573,74
573,74
573,74
574,74
574,74
574,74
574,74
574,74
574,74
574,74
574,74
574,74
574,74
574,74
574,74
574,74
575,75
575,75
575,75
575,75
575,75
575,75
576,75
576,75
576,75
576,75
576,75
576,75
576,75
576,75
576,75
576,75
576,75
576,75
577,74
577,74
577,74
577,74
577,74
577,74
577,74
578,74
578,74
578,74
578,74
578,74
578,74
578,73
578,73
578,73
578,73
578,73
578,73
579,75
579,75
579,75
579,75
579,75
579,75
579,75
579,74
579,74
579,74
579,74
579,74
579,74
580,74
580,74
580,74
580,74
580,74
580,74
581,74
581,74
581,74
581,74
581,74
581,74
581,75
581,75
581,75
581,75
581,75
581,75
581,75
582,74
582,74
582,74
582,74
582,74
582,74
583,75
583,75
583,75
583,75
583,75
583,75
583,75
583,75
583,75
583,75
583,75
583,75
583,75
584,75
584,75
584,75
584,75
584,75
584,75
585,74
585,74
585,74
585,74
585,74
585,74
585,74
585,74
585,74
585,74
585,74
585,74
585,74
586,75
586,75
586,75
586,75
586,75
586,75
586,75
586,75
586,75
586,75
586,75
586,75
587,75
587,75
587,75
587,75
587,75
587,75
588,75
588,75
588,75
588,75
588,75
588,75
588,75
588,75
588,75
588,75
588,75
588,75
588,75
589,75
589,75
589,75
589,75
589,75
589,75
590,74
590,74
590,74
590,74
590,74
590,74
590,74
590,75
590,75
590,75
590,75
590,75
590,75
591,75
591,75
591,75
591,75
591,75
591,75
591,75
591,75
591,75
591,75
591,75
591,75
592,75
592,75
592,75
592,75
592,75
592,75
592,75
593,74
593,74
593,74
593,74
593,74
593,74
593,74
593,74
593,74
593,74
593,74
593,74
594,75
594,75
594,75
594,75
594,75
594,75
594,75
595,74
595,74
595,74
595,74
595,74
595,74
595,75
595,75
595,75
595,75
595,75
595,75
596,75
596,75
596,75
596,75
596,75
596,75
596,75
597,74
597,74
597,74
597,74
597,74
597,74
597,74
597,74
597,74
597,74
597,74
597,74
598,75
598,75
598,75
598,75
598,75
598,75
598,74
598,74
598,74
598,74
598,74
598,74
598,74
599,75
599,75
599,75
599,75
599,75
599,75
600,75
600,75
600,75
600,75
600,75
600,75
600,75
600,75
600,75
600,75
600,75
600,75
600,75
601,75
601,75
601,75
601,75
601,75
601,75
602,75
602,75
602,75
602,75
602,75
602,75
602,75
602,75
602,75
602,75
602,75
602,75
602,75
603,75
603,75
603,75
603,75
603,75
603,75
603,75
603,75
603,75
603,75
603,75
603,75
604,74
604,74
604,74
604,74
604,74
604,74
605,75
605,75
605,75
605,75
605,75
605,75
605,75
605,74
605,74
605,74
605,74
605,74
605,74
606,75
606,75
606,75
606,75
606,75
606,75
607,75
607,75
607,75
607,75
607,75
607,75
607,75
607,75
607,75
607,75
607,75
607,75
607,75
608,75
608,75
608,75
608,75
608,75
608,75
609,75
609,75
609,75
609,75
609,75
609,75
609,75
609,75
609,75
609,75
609,75
609,75
609,75
610,75
610,75
610,75
610,75
610,75
610,75
610,75
610,75
610,75
610,75
610,75
610,75
611,75
611,75
611,75
611,75
611,75
611,75
611,75
612,75
612,75
612,75
612,75
612,75
612,75
612,75
612,75
612,75
612,75
612,75
612,75
613,75
613,75
613,75
613,75
613,75
613,75
613,75
614,75
614,75
614,75
614,75
614,75
614,75
614,75
614,75
614,75
614,75
614,75
614,75
615,75
615,75
615,75
615,75
615,75
615,75
615,75
615,75
615,75
615,75
615,75
615,75
615,75
616,75
616,75
616,75
616,75
616,75
616,75
617,75
617,75
617,75
617,75
617,75
617,75
617,75
617,75
617,75
617,75
617,75
617,75
617,75
618,75
618,75
618,75
618,75
618,75
618,75
619,75
619,75
619,75
619,75
619,75
619,75
619,75
619,75
619,75
619,75
619,75
619,75
620,75
620,75
620,75
620,75
620,75
620,75
620,75
621,75
621,75
621,75
621,75
621,75
621,75
621,75
621,75
621,75
621,75
621,75
621,75
622,75
622,75
622,75
622,75
622,75
622,75
622,75
622,75
622,75
622,75
622,75
622,75
622,75
623,75
623,75
623,75
623,75
623,75
623,75
624,75
624,75
624,75
624,75
624,75
624,75
624,75
624,75
624,75
624,75
624,75
624,75
624,75
625,76
625,76
625,76
625,76
625,76
625,76
626,75
626,75
626,75
626,75
626,75
626,75
626,75
