0,0
0,79
0,79
0,79
0,79
0,79
0,79
0,79
0,79
0,79
0,79
0,79
0,79
0,79
1,79
1,79
1,79
1,79
1,79
1,79
1,79
1,79
1,79
1,79
1,79
1,79
1,79
2,79
2,79
2,79
2,79
2,79
2,79
3,79
3,79
3,79
3,79
3,79
3,79
3,79
3,79
3,79
3,79
3,79
3,79
4,79
4,79
4,79
4,79
4,79
4,79
4,79
5,79
5,79
5,79
5,79
5,79
5,79
5,79
5,79
5,79
5,79
5,79
5,79
6,79
6,79
6,79
6,79
6,79
6,79
6,79
7,79
7,79
7,79
7,79
7,79
7,79
7,80
7,80
7,80
7,80
7,80
7,80
8,79
8,79
8,79
8,79
8,79
8,79
8,79
8,79
8,79
8,79
8,79
8,79
8,79
9,79
9,79
9,79
9,79
9,79
9,79
10,79
10,79
10,79
10,79
10,79
10,79
10,80
10,80
10,80
10,80
10,80
10,80
10,80
11,79
11,79
11,79
11,79
11,79
11,79
12,79
12,79
12,79
12,79
12,79
12,79
12,79
12,79
12,79
12,79
12,79
12,79
13,80
13,80
13,80
13,80
13,80
13,80
13,80
13,79
13,79
13,79
13,79
13,79
13,79
14,79
14,79
14,79
14,79
14,79
14,79
15,79
15,79
15,79
15,79
15,79
15,79
15,79
15,79
15,79
15,79
15,79
15,79
15,79
16,79
16,79
16,79
16,79
16,79
16,79
17,80
17,80
17,80
17,80
17,80
17,80
17,80
17,80
17,80
17,80
17,80
17,80
17,80
18,80
18,80
18,80
18,80
18,80
18,80
19,80
19,80
19,80
19,80
19,80
19,80
19,79
19,79
19,79
19,79
19,79
19,79
19,79
20,79
20,79
20,79
20,79
20,79
20,79
20,80
20,80
20,80
20,80
20,80
20,80
21,80
21,80
21,80
21,80
21,80
21,80
21,80
22,79
22,79
22,79
22,79
22,79
22,79
22,80
22,80
22,80
22,80
22,80
22,80
23,80
23,80
23,80
23,80
23,80
23,80
24,80
24,80
24,80
24,80
24,80
24,80
24,80
24,80
24,80
24,80
24,80
24,80
24,80
25,79
25,79
25,79
25,79
25,79
25,79
25,80
25,80
25,80
25,80
25,80
25,80
25,80
26,80
26,80
26,80
26,80
26,80
26,80
27,80
27,80
27,80
27,80
27,80
27,80
27,80
27,80
27,80
27,80
27,80
27,80
27,80
28,80
28,80
28,80
28,80
28,80
28,80
29,80
29,80
29,80
29,80
29,80
29,80
29,80
29,80
29,80
29,80
29,80
29,80
30,80
30,80
30,80
30,80
30,80
30,80
30,80
31,79
31,79
31,79
31,79
31,79
31,79
31,80
31,80
31,80
31,80
31,80
31,80
32,80
32,80
32,80
32,80
32,80
32,80
32,80
32,80
32,80
32,80
32,80
32,80
32,80
33,80
33,80
33,80
33,80
33,80
33,80
34,80
34,80
34,80
34,80
34,80
34,80
34,80
34,80
34,80
34,80
34,80
34,80
34,80
35,80
35,80
35,80
35,80
35,80
35,80
36,80
36,80
36,80
36,80
36,80
36,80
36,80
36,80
36,80
36,80
36,80
36,80
36,80
37,80
37,80
37,80
37,80
37,80
37,80
37,80
37,80
37,80
37,80
37,80
37,80
38,79
38,79
38,79
38,79
38,79
38,79
38,79
39,80
39,80
39,80
39,80
39,80
39,80
39,80
39,80
39,80
39,80
39,80
39,80
40,80
40,80
40,80
40,80
40,80
40,80
41,80
41,80
41,80
41,80
41,80
41,80
41,80
41,80
41,80
41,80
41,80
41,80
41,80
42,80
42,80
42,80
42,80
42,80
42,80
42,80
42,80
42,80
42,80
42,80
42,80
42,80
43,80
43,80
43,80
43,80
43,80
43,80
44,80
44,80
44,80
44,80
44,80
44,80
44,80
44,80
44,80
44,80
44,80
44,80
44,80
45,80
45,80
45,80
45,80
45,80
45,80
46,80
46,80
46,80
46,80
46,80
46,80
46,80
46,80
46,80
46,80
46,80
46,80
47,80
47,80
47,80
47,80
47,80
47,80
47,80
48,80
48,80
48,80
48,80
48,80
48,80
48,80
48,80
48,80
48,80
48,80
48,80
49,80
49,80
49,80
49,80
49,80
49,80
49,80
49,80
49,80
49,80
49,80
49,80
49,80
50,80
50,80
50,80
50,80
50,80
50,80
51,80
51,80
51,80
51,80
51,80
51,80
51,80
51,80
51,80
51,80
51,80
51,80
51,80
52,80
52,80
52,80
52,80
52,80
52,80
53,80
53,80
53,80
53,80
53,80
53,80
53,80
53,80
53,80
53,80
53,80
53,80
53,80
54,80
54,80
54,80
54,80
54,80
54,80
54,80
54,80
54,80
54,80
54,80
54,80
55,80
55,80
55,80
55,80
55,80
55,80
55,80
56,80
56,80
56,80
56,80
56,80
56,80
56,80
56,80
56,80
56,80
56,80
56,80
57,79
57,79
57,79
57,79
57,79
57,79
58,80
58,80
58,80
58,80
58,80
58,80
58,80
58,80
58,80
58,80
58,80
58,80
58,80
59,80
59,80
59,80
59,80
59,80
59,80
60,80
60,80
60,80
60,80
60,80
60,80
60,80
60,80
60,80
60,80
60,80
60,80
60,80
61,80
61,80
61,80
61,80
61,80
61,80
61,80
61,80
61,80
61,80
61,80
61,80
61,80
62,80
62,80
62,80
62,80
62,80
62,80
63,80
63,80
63,80
63,80
63,80
63,80
63,80
63,80
63,80
63,80
63,80
63,80
64,80
64,80
64,80
64,80
64,80
64,80
64,80
65,80
65,80
65,80
65,80
65,80
65,80
65,80
65,80
65,80
65,80
65,80
65,80
66,80
66,80
66,80
66,80
66,80
66,80
66,80
66,80
66,80
66,80
66,80
66,80
66,80
67,80
67,80
67,80
67,80
67,80
67,80
68,80
68,80
68,80
68,80
68,80
68,80
68,80
68,80
68,80
68,80
68,80
68,80
68,80
69,80
69,80
69,80
69,80
69,80
69,80
70,80
70,80
70,80
70,80
70,80
70,80
70,80
70,80
70,80
70,80
70,80
70,80
70,80
71,80
71,80
71,80
71,80
71,80
71,80
72,80
72,80
72,80
72,80
72,80
72,80
72,80
72,80
72,80
72,80
72,80
72,80
73,80
73,80
73,80
73,80
73,80
73,80
73,80
73,80
73,80
73,80
73,80
73,80
73,80
74,80
74,80
74,80
74,80
74,80
74,80
75,80
75,80
75,80
75,80
75,80
75,80
75,80
75,80
75,80
75,80
75,80
75,80
75,80
76,80
76,80
76,80
76,80
76,80
76,80
77,80
77,80
77,80
77,80
77,80
77,80
77,80
77,80
77,80
77,80
77,80
77,80
77,80
78,80
78,80
78,80
78,80
78,80
78,80
78,80
78,80
78,80
78,80
78,80
78,80
79,80
79,80
79,80
79,80
79,80
79,80
79,80
80,80
80,80
80,80
80,80
80,80
80,80
80,80
80,80
80,80
80,80
80,80
80,80
81,81
81,81
81,81
81,81
81,81
81,81
81,81
82,80
82,80
82,80
82,80
82,80
82,80
82,80
82,80
82,80
82,80
82,80
82,80
83,80
83,80
83,80
83,80
83,80
83,80
84,80
84,80
84,80
84,80
84,80
84,80
84,80
84,80
84,80
84,80
84,80
84,80
84,80
85,80
85,80
85,80
85,80
85,80
85,80
85,80
85,80
85,80
85,80
85,80
85,80
85,80
86,80
86,80
86,80
86,80
86,80
86,80
87,80
87,80
87,80
87,80
87,80
87,80
87,80
87,80
87,80
87,80
87,80
87,80
87,80
88,80
88,80
88,80
88,80
88,80
88,80
89,81
89,81
89,81
89,81
89,81
89,81
89,80
89,80
89,80
89,80
89,80
89,80
90,80
90,80
90,80
90,80
90,80
90,80
90,80
90,80
90,80
90,80
90,80
90,80
90,80
91,80
91,80
91,80
91,80
91,80
91,80
92,80
92,80
92,80
92,80
92,80
92,80
92,80
92,80
92,80
92,80
92,80
92,80
92,80
93,81
93,81
93,81
93,81
93,81
93,81
94,80
94,80
94,80
94,80
94,80
94,80
94,80
94,80
94,80
94,80
94,80
94,80
94,80
95,81
95,81
95,81
95,81
95,81
95,81
95,80
95,80
95,80
95,80
95,80
95,80
96,80
96,80
96,80
96,80
96,80
96,80
96,80
97,80
97,80
97,80
97,80
97,80
97,80
97,80
97,80
97,80
97,80
97,80
97,80
98,80
98,80
98,80
98,80
98,80
98,80
98,80
99,80
99,80
99,80
99,80
99,80
99,80
99,80
99,80
99,80
99,80
99,80
99,80
100,80
100,80
100,80
100,80
100,80
100,80
101,80
101,80
101,80
101,80
101,80
101,80
101,80
101,80
101,80
101,80
101,80
101,80
101,80
102,80
102,80
102,80
102,80
102,80
102,80
102,80
102,80
102,80
102,80
102,80
102,80
102,80
103,80
103,80
103,80
103,80
103,80
103,80
104,80
104,80
104,80
104,80
104,80
104,80
104,80
104,80
104,80
104,80
104,80
104,80
104,80
105,80
105,80
105,80
105,80
105,80
105,80
106,80
106,80
106,80
106,80
106,80
106,80
106,81
106,81
106,81
106,81
106,81
106,81
107,80
107,80
107,80
107,80
107,80
107,80
107,80
107,81
107,81
107,81
107,81
107,81
107,81
108,80
108,80
108,80
108,80
108,80
108,80
109,80
109,80
109,80
109,80
109,80
109,80
109,80
109,80
109,80
109,80
109,80
109,80
109,80
110,81
110,81
110,81
110,81
110,81
110,81
111,80
111,80
111,80
111,80
111,80
111,80
111,80
111,80
111,80
111,80
111,80
111,80
111,80
112,80
112,80
112,80
112,80
112,80
112,80
113,81
113,81
113,81
113,81
113,81
113,81
113,80
113,80
113,80
113,80
113,80
113,80
113,80
114,80
114,80
114,80
114,80
114,80
114,80
114,80
114,80
114,80
114,80
114,80
114,80
115,80
115,80
115,80
115,80
115,80
115,80
115,80
116,80
116,80
116,80
116,80
116,80
116,80
116,81
116,81
116,81
116,81
116,81
116,81
117,80
117,80
117,80
117,80
117,80
117,80
118,81
118,81
118,81
118,81
118,81
118,81
118,81
118,80
118,80
118,80
118,80
118,80
118,80
119,80
119,80
119,80
119,80
119,80
119,80
119,80
119,80
119,80
119,80
119,80
119,80
119,80
120,80
120,80
120,80
120,80
120,80
120,80
121,80
121,80
121,80
121,80
121,80
121,80
121,80
121,80
121,80
121,80
121,80
121,80
121,80
122,80
122,80
122,80
122,80
122,80
122,80
123,80
123,80
123,80
123,80
123,80
123,80
123,80
123,80
123,80
123,80
123,80
123,80
124,80
124,80
124,80
124,80
124,80
124,80
124,80
125,80
125,80
125,80
125,80
125,80
125,80
125,81
125,81
125,81
125,81
125,81
125,81
126,81
126,81
126,81
126,81
126,81
126,81
126,81
126,80
126,80
126,80
126,80
126,80
126,80
127,81
127,81
127,81
127,81
127,81
127,81
128,80
128,80
128,80
128,80
128,80
128,80
128,80
128,81
128,81
128,81
128,81
128,81
128,81
129,81
129,81
129,81
129,81
129,81
129,81
130,80
130,80
130,80
130,80
130,80
130,80
130,80
130,80
130,80
130,80
130,80
130,80
130,80
131,80
131,80
131,80
131,80
131,80
131,80
131,80
131,80
131,80
131,80
131,80
131,80
132,81
132,81
132,81
132,81
132,81
132,81
132,81
133,80
133,80
133,80
133,80
133,80
133,80
133,80
133,80
133,80
133,80
133,80
133,80
134,80
134,80
134,80
134,80
134,80
134,80
135,80
135,80
135,80
135,80
135,80
135,80
135,80
135,80
135,80
135,80
135,80
135,80
135,80
136,80
136,80
136,80
136,80
136,80
136,80
137,80
137,80
137,80
137,80
137,80
137,80
137,80
137,80
137,80
137,80
137,80
137,80
137,80
138,80
138,80
138,80
138,80
138,80
138,80
138,80
138,80
138,80
138,80
138,80
138,80
138,80
139,80
139,80
139,80
139,80
139,80
139,80
140,80
140,80
140,80
140,80
140,80
140,80
140,81
140,81
140,81
140,81
140,81
140,81
141,80
141,80
141,80
141,80
141,80
141,80
141,80
142,80
142,80
142,80
142,80
142,80
142,80
142,80
142,80
142,80
142,80
142,80
142,80
143,80
143,80
143,80
143,80
143,80
143,80
143,80
143,80
143,80
143,80
143,80
143,80
143,80
144,81
144,81
144,81
144,81
144,81
144,81
145,80
145,80
145,80
145,80
145,80
145,80
145,80
145,80
145,80
145,80
145,80
145,80
145,80
146,80
146,80
146,80
146,80
146,80
146,80
147,80
147,80
147,80
147,80
147,80
147,80
147,81
147,81
147,81
147,81
147,81
147,81
147,81
148,81
148,81
148,81
148,81
148,81
148,81
148,80
148,80
148,80
148,80
148,80
148,80
149,80
149,80
149,80
149,80
149,80
149,80
149,80
150,80
150,80
150,80
150,80
150,80
150,80
150,81
150,81
150,81
150,81
150,81
150,81
151,80
151,80
151,80
151,80
151,80
151,80
152,80
152,80
152,80
152,80
152,80
152,80
152,80
152,80
152,80
152,80
152,80
152,80
152,80
153,81
153,81
153,81
153,81
153,81
153,81
154,80
154,80
154,80
154,80
154,80
154,80
154,80
154,80
154,80
154,80
154,80
154,80
154,80
155,80
155,80
155,80
155,80
155,80
155,80
155,81
155,81
155,81
155,81
155,81
155,81
155,81
156,80
156,80
156,80
156,80
156,80
156,80
157,80
157,80
157,80
157,80
157,80
157,80
157,80
157,80
157,80
157,80
157,80
157,80
158,81
158,81
158,81
158,81
158,81
158,81
158,81
159,80
159,80
159,80
159,80
159,80
159,80
159,80
159,80
159,80
159,80
159,80
159,80
160,80
160,80
160,80
160,80
160,80
160,80
160,80
160,80
160,80
160,80
160,80
160,80
160,80
161,80
161,80
161,80
161,80
161,80
161,80
162,80
162,80
162,80
162,80
162,80
162,80
162,80
162,80
162,80
162,80
162,80
162,80
162,80
163,80
163,80
163,80
163,80
163,80
163,80
164,80
164,80
164,80
164,80
164,80
164,80
164,80
164,80
164,80
164,80
164,80
164,80
164,80
165,80
165,80
165,80
165,80
165,80
165,80
166,80
166,80
166,80
166,80
166,80
166,80
166,80
166,80
166,80
166,80
166,80
166,80
166,80
167,80
167,80
167,80
167,80
167,80
167,80
167,80
167,80
167,80
167,80
167,80
167,80
168,81
168,81
168,81
168,81
168,81
168,81
169,80
169,80
169,80
169,80
169,80
169,80
169,80
169,80
169,80
169,80
169,80
169,80
169,80
170,81
170,81
170,81
170,81
170,81
170,81
171,81
171,81
171,81
171,81
171,81
171,81
171,81
171,80
171,80
171,80
171,80
171,80
171,80
172,80
172,80
172,80
172,80
172,80
172,80
172,80
172,80
172,80
172,80
172,80
172,80
173,80
173,80
173,80
173,80
173,80
173,80
173,80
174,80
174,80
174,80
174,80
174,80
174,80
174,80
174,80
174,80
174,80
174,80
174,80
175,80
175,80
175,80
175,80
175,80
175,80
175,80
176,80
176,80
176,80
176,80
176,80
176,80
176,80
176,80
176,80
176,80
176,80
176,80
177,80
177,80
177,80
177,80
177,80
177,80
177,80
178,80
178,80
178,80
178,80
178,80
178,80
178,80
178,80
178,80
178,80
178,80
178,80
179,80
179,80
179,80
179,80
179,80
179,80
179,81
179,81
179,81
179,81
179,81
179,81
179,81
180,80
180,80
180,80
180,80
180,80
180,80
181,80
181,80
181,80
181,80
181,80
181,80
181,81
181,81
181,81
181,81
181,81
181,81
181,81
182,80
182,80
182,80
182,80
182,80
182,80
183,81
183,81
183,81
183,81
183,81
183,81
183,80
183,80
183,80
183,80
183,80
183,80
183,80
184,81
184,81
184,81
184,81
184,81
184,81
184,81
184,81
184,81
184,81
184,81
184,81
185,80
185,80
185,80
185,80
185,80
185,80
186,81
186,81
186,81
186,81
186,81
186,81
186,81
186,80
186,80
186,80
186,80
186,80
186,80
187,81
187,81
187,81
187,81
187,81
187,81
188,80
188,80
188,80
188,80
188,80
188,80
188,80
188,80
188,80
188,80
188,80
188,80
188,80
189,81
189,81
189,81
189,81
189,81
189,81
190,81
190,81
190,81
190,81
190,81
190,81
190,81
190,81
190,81
190,81
190,81
190,81
190,81
191,80
191,80
191,80
191,80
191,80
191,80
191,80
191,80
191,80
191,80
191,80
191,80
192,81
192,81
192,81
192,81
192,81
192,81
192,81
193,81
193,81
193,81
193,81
193,81
193,81
193,80
193,80
193,80
193,80
193,80
193,80
194,80
194,80
194,80
194,80
194,80
194,80
194,80
195,81
195,81
195,81
195,81
195,81
195,81
195,80
195,80
195,80
195,80
195,80
195,80
196,80
196,80
196,80
196,80
196,80
196,80
196,80
196,80
196,80
196,80
196,80
196,80
196,80
197,81
197,81
197,81
197,81
197,81
197,81
198,80
198,80
198,80
198,80
198,80
198,80
198,80
198,80
198,80
198,80
198,80
198,80
198,80
199,80
199,80
199,80
199,80
199,80
199,80
200,80
200,80
200,80
200,80
200,80
200,80
200,81
200,81
200,81
200,81
200,81
200,81
200,81
201,80
201,80
201,80
201,80
201,80
201,80
201,81
201,81
201,81
201,81
201,81
201,81
202,80
202,80
202,80
202,80
202,80
202,80
203,80
203,80
203,80
203,80
203,80
203,80
203,80
203,80
203,80
203,80
203,80
203,80
203,80
204,80
204,80
204,80
204,80
204,80
204,80
205,81
205,81
205,81
205,81
205,81
205,81
205,81
205,80
205,80
205,80
205,80
205,80
205,80
206,81
206,81
206,81
206,81
206,81
206,81
207,80
207,80
207,80
207,80
207,80
207,80
207,81
207,81
207,81
207,81
207,81
207,81
207,81
208,81
208,81
208,81
208,81
208,81
208,81
208,80
208,80
208,80
208,80
208,80
208,80
209,80
209,80
209,80
209,80
209,80
209,80
209,80
210,80
210,80
210,80
210,80
210,80
210,80
210,81
210,81
210,81
210,81
210,81
210,81
211,81
211,81
211,81
211,81
211,81
211,81
211,81
212,81
212,81
212,81
212,81
212,81
212,81
212,80
212,80
212,80
212,80
212,80
212,80
213,81
213,81
213,81
213,81
213,81
213,81
213,80
213,80
213,80
213,80
213,80
213,80
213,80
214,80
214,80
214,80
214,80
214,80
214,80
215,80
215,80
215,80
215,80
215,80
215,80
215,80
215,80
215,80
215,80
215,80
215,80
215,80
216,80
216,80
216,80
216,80
216,80
216,80
217,81
217,81
217,81
217,81
217,81
217,81
217,80
217,80
217,80
217,80
217,80
217,80
217,80
218,81
218,81
218,81
218,81
218,81
218,81
219,80
219,80
219,80
219,80
219,80
219,80
219,81
219,81
219,81
219,81
219,81
219,81
220,80
220,80
220,80
220,80
220,80
220,80
220,80
220,80
220,80
220,80
220,80
220,80
220,80
221,80
221,80
221,80
221,80
221,80
221,80
222,81
222,81
222,81
222,81
222,81
222,81
222,81
222,80
222,80
222,80
222,80
222,80
222,80
223,81
223,81
223,81
223,81
223,81
223,81
224,80
224,80
224,80
224,80
224,80
224,80
224,80
224,80
224,80
224,80
224,80
224,80
224,80
225,80
225,80
225,80
225,80
225,80
225,80
225,80
225,80
225,80
225,80
225,80
225,80
226,80
226,80
226,80
226,80
226,80
226,80
226,80
227,80
227,80
227,80
227,80
227,80
227,80
227,81
227,81
227,81
227,81
227,81
227,81
228,80
228,80
228,80
228,80
228,80
228,80
228,80
229,80
229,80
229,80
229,80
229,80
229,80
229,80
229,80
229,80
229,80
229,80
229,80
230,80
230,80
230,80
230,80
230,80
230,80
231,80
231,80
231,80
231,80
231,80
231,80
231,80
231,80
231,80
231,80
231,80
231,80
231,80
232,80
232,80
232,80
232,80
232,80
232,80
232,80
232,80
232,80
232,80
232,80
232,80
232,80
233,80
233,80
233,80
233,80
233,80
233,80
234,80
234,80
234,80
234,80
234,80
234,80
234,80
234,80
234,80
234,80
234,80
234,80
235,80
235,80
235,80
235,80
235,80
235,80
235,80
236,80
236,80
236,80
236,80
236,80
236,80
236,80
236,80
236,80
236,80
236,80
236,80
237,81
237,81
237,81
237,81
237,81
237,81
237,81
237,81
237,81
237,81
237,81
237,81
237,81
238,80
238,80
238,80
238,80
238,80
238,80
239,80
239,80
239,80
239,80
239,80
239,80
239,80
239,80
239,80
239,80
239,80
239,80
239,80
240,80
240,80
240,80
240,80
240,80
240,80
241,80
241,80
241,80
241,80
241,80
241,80
241,80
241,80
241,80
241,80
241,80
241,80
241,80
242,80
242,80
242,80
242,80
242,80
242,80
243,80
243,80
243,80
243,80
243,80
243,80
243,80
243,80
243,80
243,80
243,80
243,80
243,80
244,80
244,80
244,80
244,80
244,80
244,80
244,80
244,80
244,80
244,80
244,80
244,80
245,80
245,80
245,80
245,80
245,80
245,80
245,80
246,80
246,80
246,80
246,80
246,80
246,80
246,80
246,80
246,80
246,80
246,80
246,80
247,81
247,81
247,81
247,81
247,81
247,81
248,80
248,80
248,80
248,80
248,80
248,80
248,80
248,80
248,80
248,80
248,80
248,80
248,80
249,80
249,80
249,80
249,80
249,80
249,80
249,80
249,80
249,80
249,80
249,80
249,80
249,80
250,80
250,80
250,80
250,80
250,80
250,80
251,80
251,80
251,80
251,80
251,80
251,80
251,80
251,80
251,80
251,80
251,80
251,80
252,80
252,80
252,80
252,80
252,80
252,80
252,80
253,80
253,80
253,80
253,80
253,80
253,80
253,80
253,80
253,80
253,80
253,80
253,80
254,80
254,80
254,80
254,80
254,80
254,80
254,80
254,81
254,81
254,81
254,81
254,81
254,81
255,80
255,80
255,80
255,80
255,80
255,80
256,80
256,80
256,80
256,80
256,80
256,80
256,80
256,80
256,80
256,80
256,80
256,80
256,80
257,80
257,80
257,80
257,80
257,80
257,80
258,80
258,80
258,80
258,80
258,80
258,80
258,80
258,80
258,80
258,80
258,80
258,80
258,80
259,80
259,80
259,80
259,80
259,80
259,80
260,80
260,80
260,80
260,80
260,80
260,80
260,80
260,80
260,80
260,80
260,80
260,80
260,80
261,80
261,80
261,80
261,80
261,80
261,80
261,80
261,80
261,80
261,80
261,80
261,80
262,81
262,81
262,81
262,81
262,81
262,81
263,80
263,80
263,80
263,80
263,80
263,80
263,80
263,80
263,80
263,80
263,80
263,80
263,80
264,80
264,80
264,80
264,80
264,80
264,80
265,80
265,80
265,80
265,80
265,80
265,80
265,80
265,80
265,80
265,80
265,80
265,80
265,80
266,81
266,81
266,81
266,81
266,81
266,81
266,80
266,80
266,80
266,80
266,80
266,80
266,80
267,81
267,81
267,81
267,81
267,81
267,81
268,80
268,80
268,80
268,80
268,80
268,80
268,80
268,80
268,80
268,80
268,80
268,80
269,80
269,80
269,80
269,80
269,80
269,80
269,80
270,80
270,80
270,80
270,80
270,80
270,80
270,80
270,80
270,80
270,80
270,80
270,80
271,80
271,80
271,80
271,80
271,80
271,80
271,80
272,80
272,80
272,80
272,80
272,80
272,80
272,80
272,80
272,80
272,80
272,80
272,80
273,80
273,80
273,80
273,80
273,80
273,80
273,80
273,80
273,80
273,80
273,80
273,80
273,80
274,80
274,80
274,80
274,80
274,80
274,80
275,80
275,80
275,80
275,80
275,80
275,80
275,80
275,80
275,80
275,80
275,80
275,80
275,80
276,80
276,80
276,80
276,80
276,80
276,80
277,80
277,80
277,80
277,80
277,80
277,80
277,80
277,80
277,80
277,80
277,80
277,80
277,80
278,80
278,80
278,80
278,80
278,80
278,80
278,80
278,80
278,80
278,80
278,80
278,80
279,80
279,80
279,80
279,80
279,80
279,80
280,80
280,80
280,80
280,80
280,80
280,80
280,80
280,80
280,80
280,80
280,80
280,80
280,80
281,80
281,80
281,80
281,80
281,80
281,80
282,80
282,80
282,80
282,80
282,80
282,80
282,80
282,80
282,80
282,80
282,80
282,80
282,80
283,80
283,80
283,80
283,80
283,80
283,80
284,80
284,80
284,80
284,80
284,80
284,80
284,80
284,80
284,80
284,80
284,80
284,80
284,80
285,80
285,80
285,80
285,80
285,80
285,80
285,80
285,80
285,80
285,80
285,80
285,80
286,81
286,81
286,81
286,81
286,81
286,81
286,81
287,81
287,81
287,81
287,81
287,81
287,81
287,80
287,80
287,80
287,80
287,80
287,80
288,80
288,80
288,80
288,80
288,80
288,80
288,80
289,80
289,80
289,80
289,80
289,80
289,80
289,80
289,80
289,80
289,80
289,80
289,80
290,80
290,80
290,80
290,80
290,80
290,80
290,80
290,80
290,80
290,80
290,80
290,80
290,80
291,80
291,80
291,80
291,80
291,80
291,80
292,80
292,80
292,80
292,80
292,80
292,80
292,80
292,80
292,80
292,80
292,80
292,80
292,80
293,80
293,80
293,80
293,80
293,80
293,80
294,80
294,80
294,80
294,80
294,80
294,80
294,81
294,81
294,81
294,81
294,81
294,81
295,80
295,80
295,80
295,80
295,80
295,80
295,80
296,80
296,80
296,80
296,80
296,80
296,80
296,80
296,80
296,80
296,80
296,80
296,80
297,80
297,80
297,80
297,80
297,80
297,80
297,80
297,79
297,79
297,79
297,79
297,79
297,79
298,80
298,80
298,80
298,80
298,80
298,80
299,80
299,80
299,80
299,80
299,80
299,80
299,80
299,80
299,80
299,80
299,80
299,80
299,80
300,80
300,80
300,80
300,80
300,80
300,80
301,80
301,80
301,80
301,80
301,80
301,80
301,81
301,81
301,81
301,81
301,81
301,81
301,81
302,80
302,80
302,80
302,80
302,80
302,80
302,81
302,81
302,81
302,81
302,81
302,81
303,80
303,80
303,80
303,80
303,80
303,80
303,80
304,80
304,80
304,80
304,80
304,80
304,80
304,80
304,80
304,80
304,80
304,80
304,80
305,80
305,80
305,80
305,80
305,80
305,80
306,80
306,80
306,80
306,80
306,80
306,80
306,80
306,80
306,80
306,80
306,80
306,80
306,80
307,80
307,80
307,80
307,80
307,80
307,80
307,80
307,80
307,80
307,80
307,80
307,80
307,80
308,80
308,80
308,80
308,80
308,80
308,80
309,80
309,80
309,80
309,80
309,80
309,80
309,80
309,80
309,80
309,80
309,80
309,80
309,80
310,80
310,80
310,80
310,80
310,80
310,80
311,80
311,80
311,80
311,80
311,80
311,80
311,81
311,81
311,81
311,81
311,81
311,81
312,80
312,80
312,80
312,80
312,80
312,80
312,80
313,80
313,80
313,80
313,80
313,80
313,80
313,80
313,80
313,80
313,80
313,80
313,80
314,80
314,80
314,80
314,80
314,80
314,80
314,80
314,80
314,80
314,80
314,80
314,80
314,80
315,80
315,80
315,80
315,80
315,80
315,80
316,80
316,80
316,80
316,80
316,80
316,80
316,80
316,80
316,80
316,80
316,80
316,80
316,80
317,80
317,80
317,80
317,80
317,80
317,80
318,80
318,80
318,80
318,80
318,80
318,80
318,80
318,80
318,80
318,80
318,80
318,80
318,80
319,80
319,80
319,80
319,80
319,80
319,80
319,80
319,80
319,80
319,80
319,80
319,80
320,80
320,80
320,80
320,80
320,80
320,80
320,80
321,80
321,80
321,80
321,80
321,80
321,80
321,80
321,80
321,80
321,80
321,80
321,80
322,80
322,80
322,80
322,80
322,80
322,80
322,80
323,80
323,80
323,80
323,80
323,80
323,80
323,80
323,80
323,80
323,80
323,80
323,80
324,80
324,80
324,80
324,80
324,80
324,80
325,80
325,80
325,80
325,80
325,80
325,80
325,80
325,80
325,80
325,80
325,80
325,80
325,80
326,81
326,81
326,81
326,81
326,81
326,81
326,80
326,80
326,80
326,80
326,80
326,80
326,80
327,80
327,80
327,80
327,80
327,80
327,80
328,80
328,80
328,80
328,80
328,80
328,80
328,80
328,80
328,80
328,80
328,80
328,80
328,80
329,80
329,80
329,80
329,80
329,80
329,80
330,80
330,80
330,80
330,80
330,80
330,80
330,80
330,80
330,80
330,80
330,80
330,80
331,80
331,80
331,80
331,80
331,80
331,80
331,80
331,80
331,80
331,80
331,80
331,80
331,80
332,80
332,80
332,80
332,80
332,80
332,80
333,80
333,80
333,80
333,80
333,80
333,80
333,80
333,80
333,80
333,80
333,80
333,80
333,80
334,80
334,80
334,80
334,80
334,80
334,80
335,80
335,80
335,80
335,80
335,80
335,80
335,80
335,80
335,80
335,80
335,80
335,80
335,80
336,80
336,80
336,80
336,80
336,80
336,80
337,80
337,80
337,80
337,80
337,80
337,80
337,80
337,80
337,80
337,80
337,80
337,80
337,80
338,80
338,80
338,80
338,80
338,80
338,80
338,80
338,80
338,80
338,80
338,80
338,80
339,80
339,80
339,80
339,80
339,80
339,80
339,80
340,80
340,80
340,80
340,80
340,80
340,80
340,80
340,80
340,80
340,80
340,80
340,80
341,80
341,80
341,80
341,80
341,80
341,80
342,80
342,80
342,80
342,80
342,80
342,80
342,80
342,80
342,80
342,80
342,80
342,80
342,80
343,80
343,80
343,80
343,80
343,80
343,80
343,80
343,80
343,80
343,80
343,80
343,80
343,80
344,80
344,80
344,80
344,80
344,80
344,80
345,80
345,80
345,80
345,80
345,80
345,80
345,80
345,80
345,80
345,80
345,80
345,80
345,80
346,80
346,80
346,80
346,80
346,80
346,80
347,80
347,80
347,80
347,80
347,80
347,80
347,80
347,80
347,80
347,80
347,80
347,80
348,80
348,80
348,80
348,80
348,80
348,80
348,80
349,80
349,80
349,80
349,80
349,80
349,80
349,80
349,80
349,80
349,80
349,80
349,80
350,80
350,80
350,80
350,80
350,80
350,80
350,80
350,80
350,80
350,80
350,80
350,80
350,80
351,80
351,80
351,80
351,80
351,80
351,80
352,80
352,80
352,80
352,80
352,80
352,80
352,80
352,80
352,80
352,80
352,80
352,80
352,80
353,80
353,80
353,80
353,80
353,80
353,80
354,80
354,80
354,80
354,80
354,80
354,80
354,80
354,80
354,80
354,80
354,80
354,80
354,80
355,80
355,80
355,80
355,80
355,80
355,80
355,80
355,80
355,80
355,80
355,80
355,80
356,80
356,80
356,80
356,80
356,80
356,80
356,80
357,80
357,80
357,80
357,80
357,80
357,80
357,80
357,80
357,80
357,80
357,80
357,80
358,80
358,80
358,80
358,80
358,80
358,80
359,80
359,80
359,80
359,80
359,80
359,80
359,80
359,81
359,81
359,81
359,81
359,81
359,81
360,80
360,80
360,80
360,80
360,80
360,80
361,80
361,80
361,80
361,80
361,80
361,80
361,80
361,80
361,80
361,80
361,80
361,80
361,80
362,80
362,80
362,80
362,80
362,80
362,80
362,80
362,80
362,80
362,80
362,80
362,80
362,80
363,80
363,80
363,80
363,80
363,80
363,80
364,80
364,80
364,80
364,80
364,80
364,80
364,80
364,80
364,80
364,80
364,80
364,80
365,80
365,80
365,80
365,80
365,80
365,80
365,80
366,80
366,80
366,80
366,80
366,80
366,80
366,79
366,79
366,79
366,79
366,79
366,79
367,80
367,80
367,80
367,80
367,80
367,80
367,80
367,80
367,80
367,80
367,80
367,80
367,80
368,80
368,80
368,80
368,80
368,80
368,80
369,80
369,80
369,80
369,80
369,80
369,80
369,80
369,80
369,80
369,80
369,80
369,80
369,80
370,80
370,80
370,80
370,80
370,80
370,80
371,80
371,80
371,80
371,80
371,80
371,80
371,80
371,80
371,80
371,80
371,80
371,80
371,80
372,80
372,80
372,80
372,80
372,80
372,80
372,81
372,81
372,81
372,81
372,81
372,81
373,80
373,80
373,80
373,80
373,80
373,80
373,80
374,80
374,80
374,80
374,80
374,80
374,80
374,80
374,80
374,80
374,80
374,80
374,80
375,80
375,80
375,80
375,80
375,80
375,80
376,80
376,80
376,80
376,80
376,80
376,80
376,80
376,80
376,80
376,80
376,80
376,80
376,80
377,80
377,80
377,80
377,80
377,80
377,80
378,80
378,80
378,80
378,80
378,80
378,80
378,80
378,80
378,80
378,80
378,80
378,80
378,80
379,80
379,80
379,80
379,80
379,80
379,80
379,80
379,80
379,80
379,80
379,80
379,80
379,80
380,80
380,80
380,80
380,80
380,80
380,80
381,80
381,80
381,80
381,80
381,80
381,80
381,80
381,80
381,80
381,80
381,80
381,80
382,80
382,80
382,80
382,80
382,80
382,80
382,80
383,80
383,80
383,80
383,80
383,80
383,80
383,80
383,80
383,80
383,80
383,80
383,80
384,80
384,80
384,80
384,80
384,80
384,80
384,80
384,80
384,80
384,80
384,80
384,80
384,80
385,80
385,80
385,80
385,80
385,80
385,80
386,80
386,80
386,80
386,80
386,80
386,80
386,80
386,80
386,80
386,80
386,80
386,80
386,80
387,80
387,80
387,80
387,80
387,80
387,80
388,80
388,80
388,80
388,80
388,80
388,80
388,80
388,80
388,80
388,80
388,80
388,80
388,80
389,80
389,80
389,80
389,80
389,80
389,80
390,80
390,80
390,80
390,80
390,80
390,80
390,80
390,80
390,80
390,80
390,80
390,80
391,80
391,80
391,80
391,80
391,80
391,80
391,80
391,80
391,80
391,80
391,80
391,80
391,80
392,80
392,80
392,80
392,80
392,80
392,80
393,80
393,80
393,80
393,80
393,80
393,80
393,80
393,81
393,81
393,81
393,81
393,81
393,81
394,80
394,80
394,80
394,80
394,80
394,80
395,80
395,80
395,80
395,80
395,80
395,80
395,80
395,80
395,80
395,80
395,80
395,80
395,80
396,80
396,80
396,80
396,80
396,80
396,80
396,80
396,80
396,80
396,80
396,80
396,80
397,80
397,80
397,80
397,80
397,80
397,80
397,80
398,80
398,80
398,80
398,80
398,80
398,80
398,80
398,80
398,80
398,80
398,80
398,80
399,80
399,80
399,80
399,80
399,80
399,80
399,80
400,80
400,80
400,80
400,80
400,80
400,80
400,81
400,81
400,81
400,81
400,81
400,81
401,80
401,80
401,80
401,80
401,80
401,80
401,80
402,80
402,80
402,80
402,80
402,80
402,80
402,80
402,80
402,80
402,80
402,80
402,80
403,80
403,80
403,80
403,80
403,80
403,80
403,80
403,80
403,80
403,80
403,80
403,80
403,80
404,80
404,80
404,80
404,80
404,80
404,80
405,80
405,80
405,80
405,80
405,80
405,80
405,80
405,80
405,80
405,80
405,80
405,80
405,80
406,80
406,80
406,80
406,80
406,80
406,80
407,80
407,80
407,80
407,80
407,80
407,80
407,80
407,80
407,80
407,80
407,80
407,80
408,80
408,80
408,80
408,80
408,80
408,80
408,80
408,80
408,80
408,80
408,80
408,80
408,80
409,80
409,80
409,80
409,80
409,80
409,80
410,80
410,80
410,80
410,80
410,80
410,80
410,80
410,80
410,80
410,80
410,80
410,80
410,80
411,80
411,80
411,80
411,80
411,80
411,80
412,80
412,80
412,80
412,80
412,80
412,80
412,80
412,80
412,80
412,80
412,80
412,80
412,80
413,80
413,80
413,80
413,80
413,80
413,80
414,80
414,80
414,80
414,80
414,80
414,80
414,80
414,80
414,80
414,80
414,80
414,80
414,80
415,80
415,80
415,80
415,80
415,80
415,80
415,80
415,80
415,80
415,80
415,80
415,80
416,80
416,80
416,80
416,80
416,80
416,80
416,80
417,80
417,80
417,80
417,80
417,80
417,80
417,79
417,79
417,79
417,79
417,79
417,79
418,80
418,80
418,80
418,80
418,80
418,80
418,80
419,80
419,80
419,80
419,80
419,80
419,80
419,80
419,80
419,80
419,80
419,80
419,80
420,80
420,80
420,80
420,80
420,80
420,80
420,80
420,80
420,80
420,80
420,80
420,80
420,80
421,80
421,80
421,80
421,80
421,80
421,80
422,80
422,80
422,80
422,80
422,80
422,80
422,80
422,80
422,80
422,80
422,80
422,80
422,80
423,80
423,80
423,80
423,80
423,80
423,80
424,80
424,80
424,80
424,80
424,80
424,80
424,80
424,80
424,80
424,80
424,80
424,80
425,80
425,80
425,80
425,80
425,80
425,80
425,80
425,80
425,80
425,80
425,80
425,80
425,80
426,80
426,80
426,80
426,80
426,80
426,80
427,80
427,80
427,80
427,80
427,80
427,80
427,80
427,80
427,80
427,80
427,80
427,80
427,80
428,80
428,80
428,80
428,80
428,80
428,80
429,80
429,80
429,80
429,80
429,80
429,80
429,80
429,80
429,80
429,80
429,80
429,80
429,80
430,80
430,80
430,80
430,80
430,80
430,80
431,80
431,80
431,80
431,80
431,80
431,80
431,80
431,80
431,80
431,80
431,80
431,80
431,80
432,80
432,80
432,80
432,80
432,80
432,80
432,80
432,80
432,80
432,80
432,80
432,80
433,80
433,80
433,80
433,80
433,80
433,80
433,80
434,80
434,80
434,80
434,80
434,80
434,80
434,79
434,79
434,79
434,79
434,79
434,79
435,80
435,80
435,80
435,80
435,80
435,80
436,80
436,80
436,80
436,80
436,80
436,80
436,80
436,80
436,80
436,80
436,80
436,80
436,80
437,80
437,80
437,80
437,80
437,80
437,80
437,80
437,80
437,80
437,80
437,80
437,80
437,80
438,80
438,80
438,80
438,80
438,80
438,80
439,80
439,80
439,80
439,80
439,80
439,80
439,80
439,80
439,80
439,80
439,80
439,80
439,80
440,80
440,80
440,80
440,80
440,80
440,80
441,80
441,80
441,80
441,80
441,80
441,80
441,80
441,80
441,80
441,80
441,80
441,80
442,80
442,80
442,80
442,80
442,80
442,80
442,80
443,80
443,80
443,80
443,80
443,80
443,80
443,80
443,80
443,80
443,80
443,80
443,80
444,80
444,80
444,80
444,80
444,80
444,80
444,80
444,80
444,80
444,80
444,80
444,80
444,80
445,80
445,80
445,80
445,80
445,80
445,80
446,80
446,80
446,80
446,80
446,80
446,80
446,80
446,80
446,80
446,80
446,80
446,80
446,80
447,80
447,80
447,80
447,80
447,80
447,80
448,80
448,80
448,80
448,80
448,80
448,80
448,80
448,80
448,80
448,80
448,80
448,80
448,80
449,80
449,80
449,80
449,80
449,80
449,80
449,79
449,79
449,79
449,79
449,79
449,79
450,80
450,80
450,80
450,80
450,80
450,80
450,80
451,80
451,80
451,80
451,80
451,80
451,80
451,80
451,80
451,80
451,80
451,80
451,80
452,80
452,80
452,80
452,80
452,80
452,80
453,80
453,80
453,80
453,80
453,80
453,80
453,80
453,80
453,80
453,80
453,80
453,80
453,80
454,80
454,80
454,80
454,80
454,80
454,80
455,80
455,80
455,80
455,80
455,80
455,80
455,80
455,80
455,80
455,80
455,80
455,80
455,80
456,80
456,80
456,80
456,80
456,80
456,80
456,80
456,80
456,80
456,80
456,80
456,80
457,80
457,80
457,80
457,80
457,80
457,80
457,80
458,80
458,80
458,80
458,80
458,80
458,80
458,80
458,80
458,80
458,80
458,80
458,80
459,80
459,80
459,80
459,80
459,80
459,80
459,80
460,80
460,80
460,80
460,80
460,80
460,80
460,80
460,80
460,80
460,80
460,80
460,80
461,80
461,80
461,80
461,80
461,80
461,80
461,80
461,80
461,80
461,80
461,80
461,80
461,80
462,80
462,80
462,80
462,80
462,80
462,80
463,80
463,80
463,80
463,80
463,80
463,80
463,80
463,80
463,80
463,80
463,80
463,80
463,80
464,80
464,80
464,80
464,80
464,80
464,80
465,80
465,80
465,80
465,80
465,80
465,80
465,80
465,80
465,80
465,80
465,80
465,80
465,80
466,80
466,80
466,80
466,80
466,80
466,80
466,80
466,80
466,80
466,80
466,80
466,80
467,80
467,80
467,80
467,80
467,80
467,80
468,80
468,80
468,80
468,80
468,80
468,80
468,80
468,80
468,80
468,80
468,80
468,80
468,80
469,80
469,80
469,80
469,80
469,80
469,80
470,80
470,80
470,80
470,80
470,80
470,80
470,80
470,80
470,80
470,80
470,80
470,80
470,80
471,80
471,80
471,80
471,80
471,80
471,80
472,80
472,80
472,80
472,80
472,80
472,80
472,80
472,80
472,80
472,80
472,80
472,80
472,80
473,80
473,80
473,80
473,80
473,80
473,80
473,79
473,79
473,79
473,79
473,79
473,79
474,80
474,80
474,80
474,80
474,80
474,80
474,80
475,80
475,80
475,80
475,80
475,80
475,80
475,80
475,80
475,80
475,80
475,80
475,80
476,80
476,80
476,80
476,80
476,80
476,80
476,80
477,80
477,80
477,80
477,80
477,80
477,80
477,80
477,80
477,80
477,80
477,80
477,80
478,79
478,79
478,79
478,79
478,79
478,79
478,79
478,80
478,80
478,80
478,80
478,80
478,80
479,80
479,80
479,80
479,80
479,80
479,80
480,80
480,80
480,80
480,80
480,80
480,80
480,80
480,80
480,80
480,80
480,80
480,80
480,80
481,80
481,80
481,80
481,80
481,80
481,80
482,80
482,80
482,80
482,80
482,80
482,80
482,80
482,80
482,80
482,80
482,80
482,80
482,80
483,80
483,80
483,80
483,80
483,80
483,80
484,80
484,80
484,80
484,80
484,80
484,80
484,80
484,80
484,80
484,80
484,80
484,80
485,80
485,80
485,80
485,80
485,80
485,80
485,80
485,80
485,80
485,80
485,80
485,80
485,80
486,80
486,80
486,80
486,80
486,80
486,80
487,80
487,80
487,80
487,80
487,80
487,80
487,80
487,79
487,79
487,79
487,79
487,79
487,79
488,80
488,80
488,80
488,80
488,80
488,80
489,80
489,80
489,80
489,80
489,80
489,80
489,80
489,80
489,80
489,80
489,80
489,80
489,80
490,80
490,80
490,80
490,80
490,80
490,80
490,80
490,80
490,80
490,80
490,80
490,80
491,80
491,80
491,80
491,80
491,80
491,80
491,80
492,80
492,80
492,80
492,80
492,80
492,80
492,80
492,80
492,80
492,80
492,80
492,80
493,80
493,80
493,80
493,80
493,80
493,80
493,80
494,79
494,79
494,79
494,79
494,79
494,79
494,80
494,80
494,80
494,80
494,80
494,80
495,79
495,79
495,79
495,79
495,79
495,79
495,79
496,80
496,80
496,80
496,80
496,80
496,80
496,80
496,80
496,80
496,80
496,80
496,80
497,80
497,80
497,80
497,80
497,80
497,80
497,80
497,80
497,80
497,80
497,80
497,80
497,80
498,80
498,80
498,80
498,80
498,80
498,80
499,80
499,80
499,80
499,80
499,80
499,80
499,80
499,80
499,80
499,80
499,80
499,80
499,80
500,80
500,80
500,80
500,80
500,80
500,80
501,80
501,80
501,80
501,80
501,80
501,80
501,80
501,80
501,80
501,80
501,80
501,80
502,80
502,80
502,80
502,80
502,80
502,80
502,80
502,80
502,80
502,80
502,80
502,80
502,80
503,79
503,79
503,79
503,79
503,79
503,79
504,80
504,80
504,80
504,80
504,80
504,80
504,80
504,80
504,80
504,80
504,80
504,80
504,80
505,80
505,80
505,80
505,80
505,80
505,80
506,80
506,80
506,80
506,80
506,80
506,80
506,80
506,79
506,79
506,79
506,79
506,79
506,79
507,80
507,80
507,80
507,80
507,80
507,80
508,80
508,80
508,80
508,80
508,80
508,80
508,80
508,80
508,80
508,80
508,80
508,80
508,80
509,79
509,79
509,79
509,79
509,79
509,79
509,80
509,80
509,80
509,80
509,80
509,80
510,79
510,79
510,79
510,79
510,79
510,79
510,79
511,80
511,80
511,80
511,80
511,80
511,80
511,80
511,80
511,80
511,80
511,80
511,80
512,80
512,80
512,80
512,80
512,80
512,80
512,80
513,80
513,80
513,80
513,80
513,80
513,80
513,79
513,79
513,79
513,79
513,79
513,79
514,80
514,80
514,80
514,80
514,80
514,80
514,80
514,80
514,80
514,80
514,80
514,80
514,80
515,80
515,80
515,80
515,80
515,80
515,80
516,79
516,79
516,79
516,79
516,79
516,79
516,80
516,80
516,80
516,80
516,80
516,80
516,80
517,80
517,80
517,80
517,80
517,80
517,80
518,80
518,80
518,80
518,80
518,80
518,80
518,80
518,80
518,80
518,80
518,80
518,80
519,80
519,80
519,80
519,80
519,80
519,80
519,80
520,80
520,80
520,80
520,80
520,80
520,80
520,80
520,80
520,80
520,80
520,80
520,80
521,80
521,80
521,80
521,80
521,80
521,80
521,80
521,79
521,79
521,79
521,79
521,79
521,79
522,80
522,80
522,80
522,80
522,80
522,80
523,79
523,79
523,79
523,79
523,79
523,79
523,79
523,80
523,80
523,80
523,80
523,80
523,80
524,80
524,80
524,80
524,80
524,80
524,80
525,80
525,80
525,80
525,80
525,80
525,80
525,80
525,80
525,80
525,80
525,80
525,80
525,80
526,80
526,80
526,80
526,80
526,80
526,80
526,80
526,80
526,80
526,80
526,80
526,80
527,80
527,80
527,80
527,80
527,80
527,80
527,80
528,80
528,80
528,80
528,80
528,80
528,80
528,80
528,80
528,80
528,80
528,80
528,80
529,80
529,80
529,80
529,80
529,80
529,80
529,80
530,80
530,80
530,80
530,80
530,80
530,80
530,80
530,80
530,80
530,80
530,80
530,80
531,80
531,80
531,80
531,80
531,80
531,80
531,80
531,80
531,80
531,80
531,80
531,80
531,80
532,80
532,80
532,80
532,80
532,80
532,80
533,80
533,80
533,80
533,80
533,80
533,80
533,80
533,80
533,80
533,80
533,80
533,80
533,80
534,80
534,80
534,80
534,80
534,80
534,80
535,79
535,79
535,79
535,79
535,79
535,79
535,79
535,79
535,79
535,79
535,79
535,79
536,80
536,80
536,80
536,80
536,80
536,80
536,80
537,79
537,79
537,79
537,79
537,79
537,79
537,80
537,80
537,80
537,80
537,80
537,80
538,79
538,79
538,79
538,79
538,79
538,79
538,79
538,80
538,80
538,80
538,80
538,80
538,80
539,79
539,79
539,79
539,79
539,79
539,79
540,79
540,79
540,79
540,79
540,79
540,79
540,79
540,80
540,80
540,80
540,80
540,80
540,80
541,80
541,80
541,80
541,80
541,80
541,80
542,79
542,79
542,79
542,79
542,79
542,79
542,80
542,80
542,80
542,80
542,80
542,80
542,80
543,80
543,80
543,80
543,80
543,80
543,80
543,80
543,80
543,80
543,80
543,80
543,80
544,80
544,80
544,80
544,80
544,80
544,80
544,80
545,80
545,80
545,80
545,80
545,80
545,80
545,80
545,80
545,80
545,80
545,80
545,80
546,80
546,80
546,80
546,80
546,80
546,80
547,80
547,80
547,80
547,80
547,80
547,80
547,80
547,80
547,80
547,80
547,80
547,80
547,80
548,79
548,79
548,79
548,79
548,79
548,79
549,80
549,80
549,80
549,80
549,80
549,80
549,80
549,80
549,80
549,80
549,80
549,80
549,80
550,80
550,80
550,80
550,80
550,80
550,80
550,80
550,80
550,80
550,80
550,80
550,80
550,80
551,80
551,80
551,80
551,80
551,80
551,80
552,80
552,80
552,80
552,80
552,80
552,80
552,80
552,80
552,80
552,80
552,80
552,80
553,80
553,80
553,80
553,80
553,80
553,80
553,80
554,80
554,80
554,80
554,80
554,80
554,80
554,80
554,80
554,80
554,80
554,80
554,80
555,80
555,80
555,80
555,80
555,80
555,80
555,80
555,80
555,80
555,80
555,80
555,80
555,80
556,79
556,79
556,79
556,79
556,79
556,79
557,80
557,80
557,80
557,80
557,80
557,80
557,80
557,80
557,80
557,80
557,80
557,80
557,80
558,80
558,80
558,80
558,80
558,80
558,80
559,80
559,80
559,80
559,80
559,80
559,80
559,80
559,80
559,80
559,80
559,80
559,80
559,80
560,79
560,79
560,79
560,79
560,79
560,79
561,80
561,80
561,80
561,80
561,80
561,80
561,80
561,80
561,80
561,80
561,80
561,80
561,80
562,79
562,79
562,79
562,79
562,79
562,79
562,80
562,80
562,80
562,80
562,80
562,80
563,79
563,79
563,79
563,79
563,79
563,79
564,79
564,79
564,79
564,79
564,79
564,79
564,79
564,80
564,80
564,80
564,80
564,80
564,80
565,79
565,79
565,79
565,79
565,79
565,79
566,80
566,80
566,80
566,80
566,80
566,80
566,80
566,79
566,79
566,79
566,79
566,79
566,79
567,80
567,80
567,80
567,80
567,80
567,80
567,80
567,80
567,80
567,80
567,80
567,80
567,80
568,80
568,80
568,80
568,80
568,80
568,80
569,79
569,79
569,79
569,79
569,79
569,79
569,80
569,80
569,80
569,80
569,80
569,80
570,80
570,80
570,80
570,80
570,80
570,80
570,80
571,80
571,80
571,80
571,80
571,80
571,80
571,79
571,79
571,79
571,79
571,79
571,79
572,80
572,80
572,80
572,80
572,80
572,80
572,80
573,79
573,79
573,79
573,79
573,79
573,79
573,79
573,79
573,79
573,79
573,79
573,79
574,79
574,79
574,79
574,79
574,79
574,79
574,79
574,80
574,80
574,80
574,80
574,80
574,80
575,80
575,80
575,80
575,80
575,80
575,80
576,80
576,80
576,80
576,80
576,80
576,80
576,79
576,79
576,79
576,79
576,79
576,79
576,79
577,79
577,79
577,79
577,79
577,79
577,79
578,79
578,79
578,79
578,79
578,79
578,79
578,79
578,79
578,79
578,79
578,79
578,79
578,79
579,79
579,79
579,79
579,79
579,79
579,79
579,80
579,80
579,80
579,80
579,80
579,80
580,80
580,80
580,80
580,80
580,80
580,80
581,80
581,80
581,80
581,80
581,80
581,80
581,80
581,80
581,80
581,80
581,80
581,80
581,80
582,79
582,79
582,79
582,79
582,79
582,79
583,80
583,80
583,80
583,80
583,80
583,80
583,80
583,80
583,80
583,80
583,80
583,80
583,80
584,79
584,79
584,79
584,79
584,79
584,79
584,79
584,79
584,79
584,79
584,79
584,79
584,79
585,79
585,79
585,79
585,79
585,79
585,79
586,80
586,80
586,80
586,80
586,80
586,80
586,79
586,79
586,79
586,79
586,79
586,79
587,80
587,80
587,80
587,80
587,80
587,80
587,80
588,80
588,80
588,80
588,80
588,80
588,80
588,80
588,80
588,80
588,80
588,80
588,80
589,80
589,80
589,80
589,80
589,80
589,80
589,80
590,80
590,80
590,80
590,80
590,80
590,80
590,79
590,79
590,79
590,79
590,79
590,79
591,79
591,79
591,79
591,79
591,79
591,79
591,79
591,79
591,79
591,79
591,79
591,79
591,79
592,79
592,79
592,79
592,79
592,79
592,79
593,79
593,79
593,79
593,79
593,79
593,79
593,80
593,80
593,80
593,80
593,80
593,80
593,80
594,80
594,80
594,80
594,80
594,80
594,80
595,79
595,79
595,79
595,79
595,79
595,79
595,80
595,80
595,80
595,80
595,80
595,80
595,80
596,79
596,79
596,79
596,79
596,79
596,79
596,80
596,80
596,80
596,80
596,80
596,80
597,80
597,80
597,80
597,80
597,80
597,80
598,79
598,79
598,79
598,79
598,79
598,79
598,79
598,79
598,79
598,79
598,79
598,79
598,79
599,79
599,79
599,79
599,79
599,79
599,79
600,80
600,80
600,80
600,80
600,80
600,80
600,80
600,80
600,80
600,80
600,80
600,80
600,80
601,79
601,79
601,79
601,79
601,79
601,79
602,80
602,80
602,80
602,80
602,80
602,80
602,80
602,80
602,80
602,80
602,80
602,80
602,80
603,79
603,79
603,79
603,79
603,79
603,79
603,80
603,80
603,80
603,80
603,80
603,80
604,80
604,80
604,80
604,80
604,80
604,80
604,80
605,80
605,80
605,80
605,80
605,80
605,80
605,80
605,80
605,80
605,80
605,80
605,80
606,80
606,80
606,80
606,80
606,80
606,80
606,80
607,80
607,80
607,80
607,80
607,80
607,80
607,80
607,80
607,80
607,80
607,80
607,80
608,80
608,80
608,80
608,80
608,80
608,80
608,80
608,80
608,80
608,80
608,80
608,80
608,80
609,80
609,80
609,80
609,80
609,80
609,80
610,80
610,80
610,80
610,80
610,80
610,80
610,80
610,80
610,80
610,80
610,80
610,80
610,80
611,80
611,80
611,80
611,80
611,80
611,80
612,80
612,80
612,80
612,80
612,80
612,80
612,80
612,80
612,80
612,80
612,80
612,80
612,80
613,80
613,80
613,80
613,80
613,80
613,80
614,80
614,80
614,80
614,80
614,80
614,80
614,80
614,80
614,80
614,80
614,80
614,80
615,80
615,80
615,80
615,80
615,80
615,80
615,80
615,80
615,80
615,80
615,80
615,80
615,80
616,80
616,80
616,80
616,80
616,80
616,80
617,80
617,80
617,80
617,80
617,80
617,80
617,80
617,80
617,80
617,80
617,80
617,80
617,80
618,79
618,79
618,79
618,79
618,79
618,79
619,79
619,79
619,79
619,79
619,79
619,79
619,79
619,80
619,80
619,80
619,80
619,80
619,80
620,80
620,80
620,80
620,80
620,80
620,80
620,80
620,80
620,80
620,80
620,80
620,80
621,79
621,79
621,79
621,79
621,79
621,79
621,79
622,79
622,79
622,79
622,79
622,79
622,79
622,79
622,79
622,79
622,79
622,79
622,79
623,80
623,80
623,80
623,80
623,80
623,80
623,80
624,80
624,80
624,80
624,80
624,80
624,80
624,79
624,79
624,79
624,79
624,79
624,79
625,80
625,80
625,80
625,80
625,80
625,80
626,80
626,80
626,80
626,80
626,80
626,80
626,80
626,80
626,80
626,80
626,80
626,80
626,80
627,80
627,80
627,80
627,80
627,80
627,80
627,80
627,80
627,80
627,80
627,80
627,80
627,80
628,80
628,80
628,80
628,80
628,80
628,80
629,80
629,80
629,80
629,80
629,80
629,80
629,79
629,79
629,79
629,79
629,79
629,79
629,79
630,79
630,79
630,79
630,79
630,79
630,79
631,80
631,80
631,80
631,80
631,80
631,80
631,80
631,80
631,80
631,80
631,80
631,80
632,80
632,80
632,80
632,80
632,80
632,80
632,80
632,80
632,80
632,80
632,80
632,80
632,80
633,80
633,80
633,80
633,80
633,80
633,80
634,79
634,79
634,79
634,79
634,79
634,79
634,79
634,79
634,79
634,79
634,79
634,79
634,79
635,80
635,80
635,80
635,80
635,80
635,80
636,80
636,80
636,80
636,80
636,80
636,80
636,79
636,79
636,79
636,79
636,79
636,79
636,79
637,80
637,80
637,80
637,80
637,80
637,80
637,80
637,80
637,80
637,80
637,80
637,80
638,80
638,80
638,80
638,80
638,80
638,80
638,80
639,80
639,80
639,80
639,80
639,80
639,80
639,79
639,79
639,79
639,79
639,79
639,79
640,80
640,80
640,80
640,80
640,80
640,80
640,80
641,80
641,80
641,80
641,80
641,80
641,80
641,80
641,80
641,80
641,80
641,80
641,80
642,80
642,80
642,80
642,80
642,80
642,80
643,80
643,80
643,80
643,80
643,80
643,80
643,80
643,80
643,80
643,80
643,80
643,80
643,80
644,79
644,79
644,79
644,79
644,79
644,79
644,80
644,80
644,80
644,80
644,80
644,80
644,80
645,80
645,80
645,80
645,80
645,80
645,80
646,80
646,80
646,80
646,80
646,80
646,80
646,80
646,80
646,80
646,80
646,80
646,80
646,80
647,80
647,80
647,80
647,80
647,80
647,80
648,79
648,79
648,79
648,79
648,79
648,79
648,79
648,79
648,79
648,79
648,79
648,79
649,80
649,80
649,80
649,80
649,80
649,80
649,80
649,80
649,80
649,80
649,80
649,80
649,80
650,79
650,79
650,79
650,79
650,79
650,79
651,79
651,79
651,79
651,79
651,79
651,79
651,79
651,80
651,80
651,80
651,80
651,80
651,80
652,80
652,80
652,80
652,80
652,80
652,80
653,79
653,79
653,79
653,79
653,79
653,79
653,80
653,80
653,80
653,80
653,80
653,80
653,80
654,79
654,79
654,79
654,79
654,79
654,79
655,80
655,80
655,80
655,80
655,80
655,80
655,79
655,79
655,79
655,79
655,79
655,79
655,79
656,80
656,80
656,80
656,80
656,80
656,80
656,79
656,79
656,79
656,79
656,79
656,79
657,79
657,79
657,79
657,79
657,79
657,79
657,79
658,80
658,80
658,80
658,80
658,80
658,80
658,80
658,80
658,80
658,80
658,80
658,80
659,80
659,80
659,80
659,80
659,80
659,80
660,80
660,80
660,80
660,80
660,80
660,80
660,80
660,80
660,80
660,80
660,80
660,80
660,80
661,79
661,79
661,79
661,79
661,79
661,79
661,80
661,80
661,80
661,80
661,80
661,80
661,80
662,80
662,80
662,80
662,80
662,80
662,80
663,80
663,80
663,80
663,80
663,80
663,80
663,79
663,79
663,79
663,79
663,79
663,79
663,79
664,79
664,79
664,79
664,79
664,79
664,79
665,80
665,80
665,80
665,80
665,80
665,80
665,80
665,80
665,80
665,80
665,80
665,80
666,79
666,79
666,79
666,79
666,79
666,79
666,79
667,80
667,80
667,80
667,80
667,80
667,80
667,79
667,79
667,79
667,79
667,79
667,79
668,80
668,80
668,80
668,80
668,80
668,80
668,80
668,79
668,79
668,79
668,79
668,79
668,79
669,79
669,79
669,79
669,79
669,79
669,79
670,79
670,79
670,79
670,79
670,79
670,79
670,80
670,80
670,80
670,80
670,80
670,80
670,80
671,79
671,79
671,79
671,79
671,79
671,79
672,80
672,80
672,80
672,80
672,80
672,80
672,79
672,79
672,79
672,79
672,79
672,79
672,79
673,79
673,79
673,79
673,79
673,79
673,79
673,80
673,80
673,80
673,80
673,80
673,80
674,79
674,79
674,79
674,79
674,79
674,79
674,79
675,80
675,80
675,80
675,80
675,80
675,80
675,79
675,79
675,79
675,79
675,79
675,79
676,79
676,79
676,79
676,79
676,79
676,79
677,79
677,79
677,79
677,79
677,79
677,79
677,79
677,80
677,80
677,80
677,80
677,80
677,80
678,80
678,80
678,80
678,80
678,80
678,80
679,80
679,80
679,80
679,80
679,80
679,80
679,80
679,79
679,79
679,79
679,79
679,79
679,79
680,80
680,80
680,80
680,80
680,80
680,80
680,79
680,79
680,79
680,79
680,79
680,79
680,79
681,80
681,80
681,80
681,80
681,80
681,80
682,79
682,79
682,79
682,79
682,79
682,79
682,80
682,80
682,80
682,80
682,80
682,80
683,79
683,79
683,79
683,79
683,79
683,79
683,79
684,80
684,80
684,80
684,80
684,80
684,80
684,79
684,79
684,79
684,79
684,79
684,79
685,79
685,79
685,79
685,79
685,79
685,79
685,79
685,79
685,79
685,79
685,79
685,79
685,79
686,80
686,80
686,80
686,80
686,80
686,80
687,80
687,80
687,80
687,80
687,80
687,80
687,80
687,80
687,80
687,80
687,80
687,80
687,80
688,79
688,79
688,79
688,79
688,79
688,79
689,79
689,79
689,79
689,79
689,79
689,79
689,80
689,80
689,80
689,80
689,80
689,80
689,80
690,80
690,80
690,80
690,80
690,80
690,80
691,80
691,80
691,80
691,80
691,80
691,80
691,79
691,79
691,79
691,79
691,79
691,79
691,79
692,79
692,79
692,79
692,79
692,79
692,79
692,80
692,80
692,80
692,80
692,80
692,80
693,79
693,79
693,79
693,79
693,79
693,79
694,80
694,80
694,80
694,80
694,80
694,80
694,80
694,80
694,80
694,80
694,80
694,80
694,80
695,80
695,80
695,80
695,80
695,80
695,80
696,80
696,80
696,80
696,80
696,80
696,80
696,80
696,79
696,79
696,79
696,79
696,79
696,79
697,80
697,80
697,80
697,80
697,80
697,80
697,80
697,80
697,80
697,80
697,80
697,80
698,80
698,80
698,80
698,80
698,80
698,80
698,80
699,79
699,79
699,79
699,79
699,79
699,79
699,79
699,79
699,79
699,79
699,79
699,79
700,80
700,80
700,80
700,80
700,80
700,80
700,80
701,80
701,80
701,80
701,80
701,80
701,80
701,80
701,80
701,80
701,80
701,80
701,80
702,80
702,80
702,80
702,80
702,80
702,80
702,80
702,79
702,79
702,79
702,79
702,79
702,79
703,79
703,79
703,79
703,79
703,79
703,79
704,80
704,80
704,80
704,80
704,80
704,80
704,79
704,79
704,79
704,79
704,79
704,79
704,79
705,79
705,79
705,79
705,79
705,79
705,79
706,80
706,80
706,80
706,80
706,80
706,80
706,80
706,80
706,80
706,80
706,80
706,80
706,80
707,80
707,80
707,80
707,80
707,80
707,80
708,79
708,79
708,79
708,79
708,79
708,79
708,79
708,79
708,79
708,79
708,79
708,79
708,79
709,79
709,79
709,79
709,79
709,79
709,79
709,79
709,79
709,79
709,79
709,79
709,79
710,79
710,79
710,79
710,79
710,79
710,79
711,79
711,79
711,79
711,79
711,79
711,79
711,79
711,80
711,80
711,80
711,80
711,80
711,80
712,79
712,79
712,79
712,79
712,79
712,79
713,80
713,80
713,80
713,80
713,80
713,80
713,80
713,79
713,79
713,79
713,79
713,79
713,79
714,80
714,80
714,80
714,80
714,80
714,80
714,79
714,79
714,79
714,79
714,79
714,79
714,79
715,79
715,79
715,79
715,79
715,79
715,79
716,80
716,80
716,80
716,80
716,80
716,80
716,79
716,79
716,79
716,79
716,79
716,79
717,79
717,79
717,79
717,79
717,79
717,79
717,79
718,79
718,79
718,79
718,79
718,79
718,79
718,79
718,79
718,79
718,79
718,79
718,79
719,79
719,79
719,79
719,79
719,79
719,79
719,79
720,79
720,79
720,79
720,79
720,79
720,79
720,80
720,80
720,80
720,80
720,80
720,80
721,79
721,79
721,79
721,79
721,79
721,79
721,80
721,80
721,80
721,80
721,80
721,80
721,80
722,79
722,79
722,79
722,79
722,79
722,79
723,79
723,79
723,79
723,79
723,79
723,79
723,79
723,79
723,79
723,79
723,79
723,79
723,79
724,80
724,80
724,80
724,80
724,80
724,80
725,80
725,80
725,80
725,80
725,80
725,80
725,79
725,79
725,79
725,79
725,79
725,79
725,79
726,80
726,80
726,80
726,80
726,80
726,80
726,79
726,79
726,79
726,79
726,79
726,79
727,80
727,80
727,80
727,80
727,80
727,80
728,79
728,79
728,79
728,79
728,79
728,79
728,79
728,79
728,79
728,79
728,79
728,79
728,79
729,80
729,80
729,80
729,80
729,80
729,80
730,80
730,80
730,80
730,80
730,80
730,80
730,80
730,79
730,79
730,79
730,79
730,79
730,79
731,80
731,80
731,80
731,80
731,80
731,80
732,79
732,79
732,79
732,79
732,79
732,79
732,79
732,79
732,79
732,79
732,79
732,79
732,79
733,79
733,79
733,79
733,79
733,79
733,79
733,80
733,80
733,80
733,80
733,80
733,80
734,80
734,80
734,80
734,80
734,80
734,80
734,80
735,79
735,79
735,79
735,79
735,79
735,79
735,80
735,80
735,80
735,80
735,80
735,80
736,80
736,80
736,80
736,80
736,80
736,80
736,80
737,80
737,80
737,80
737,80
737,80
737,80
737,79
737,79
737,79
737,79
737,79
737,79
738,79
738,79
738,79
738,79
738,79
738,79
738,79
738,79
738,79
738,79
738,79
738,79
738,79
739,79
739,79
739,79
739,79
739,79
739,79
740,79
740,79
740,79
740,79
740,79
740,79
740,79
740,79
740,79
740,79
740,79
740,79
740,79
741,79
741,79
741,79
741,79
741,79
741,79
742,79
742,79
742,79
742,79
742,79
742,79
742,79
742,79
742,79
742,79
742,79
742,79
742,79
743,79
743,79
743,79
743,79
743,79
743,79
744,80
744,80
744,80
744,80
744,80
744,80
744,79
744,79
744,79
744,79
744,79
744,79
745,80
745,80
745,80
745,80
745,80
745,80
745,80
745,79
745,79
745,79
745,79
745,79
745,79
746,79
746,79
746,79
746,79
746,79
746,79
747,79
747,79
747,79
747,79
747,79
747,79
747,79
747,79
747,79
747,79
747,79
747,79
747,79
748,79
748,79
748,79
748,79
748,79
748,79
749,79
749,79
749,79
749,79
749,79
749,79
749,80
749,80
749,80
749,80
749,80
749,80
749,80
750,79
750,79
750,79
750,79
750,79
750,79
750,79
750,79
750,79
750,79
750,79
750,79
751,79
751,79
751,79
751,79
751,79
751,79
751,79
752,79
752,79
752,79
752,79
752,79
752,79
752,80
752,80
752,80
752,80
752,80
752,80
753,79
753,79
753,79
753,79
753,79
753,79
753,79
754,80
754,80
754,80
754,80
754,80
754,80
754,79
754,79
754,79
754,79
754,79
754,79
755,79
755,79
755,79
755,79
755,79
755,79
755,79
755,79
755,79
755,79
755,79
755,79
755,79
756,79
756,79
756,79
756,79
756,79
756,79
757,80
757,80
757,80
757,80
757,80
757,80
757,79
757,79
757,79
757,79
757,79
757,79
757,79
758,79
758,79
758,79
758,79
758,79
758,79
759,79
759,79
759,79
759,79
759,79
759,79
759,79
759,79
759,79
759,79
759,79
759,79
760,80
760,80
760,80
760,80
760,80
760,80
760,80
761,79
761,79
761,79
761,79
761,79
761,79
761,79
761,79
761,79
761,79
761,79
761,79
762,79
762,79
762,79
762,79
762,79
762,79
762,79
762,79
762,79
762,79
762,79
762,79
762,79
763,80
763,80
763,80
763,80
763,80
763,80
764,79
764,79
764,79
764,79
764,79
764,79
764,79
764,79
764,79
764,79
764,79
764,79
764,79
765,79
765,79
765,79
765,79
765,79
765,79
766,79
766,79
766,79
766,79
766,79
766,79
766,79
766,79
766,79
766,79
766,79
766,79
766,79
767,80
767,80
767,80
767,80
767,80
767,80
767,79
767,79
767,79
767,79
767,79
767,79
768,79
768,79
768,79
768,79
768,79
768,79
768,79
769,79
769,79
769,79
769,79
769,79
769,79
769,79
769,79
769,79
769,79
769,79
769,79
770,79
770,79
770,79
770,79
770,79
770,79
771,79
771,79
771,79
771,79
771,79
771,79
771,79
771,79
771,79
771,79
771,79
771,79
771,79
772,79
772,79
772,79
772,79
772,79
772,79
773,79
773,79
773,79
773,79
773,79
773,79
773,79
773,79
773,79
773,79
773,79
773,79
773,79
774,79
774,79
774,79
774,79
774,79
774,79
774,79
774,79
774,79
774,79
774,79
774,79
774,79
775,80
775,80
775,80
775,80
775,80
775,80
776,79
776,79
776,79
776,79
776,79
776,79
776,79
776,79
776,79
776,79
776,79
776,79
777,80
777,80
777,80
777,80
777,80
777,80
777,80
778,80
778,80
778,80
778,80
778,80
778,80
778,79
778,79
778,79
778,79
778,79
778,79
779,80
779,80
779,80
779,80
779,80
779,80
779,80
779,79
779,79
779,79
779,79
779,79
779,79
780,79
780,79
780,79
780,79
780,79
780,79
781,79
781,79
781,79
781,79
781,79
781,79
781,79
781,79
781,79
781,79
781,79
781,79
781,79
782,80
782,80
782,80
782,80
782,80
782,80
783,79
783,79
783,79
783,79
783,79
783,79
783,79
783,79
783,79
783,79
783,79
783,79
783,79
784,79
784,79
784,79
784,79
784,79
784,79
785,79
785,79
785,79
785,79
785,79
785,79
785,80
785,80
785,80
785,80
785,80
785,80
785,80
786,79
786,79
786,79
786,79
786,79
786,79
786,79
786,79
786,79
786,79
786,79
786,79
787,79
787,79
787,79
787,79
787,79
787,79
788,79
788,79
788,79
788,79
788,79
788,79
788,79
788,79
788,79
788,79
788,79
788,79
788,79
789,80
789,80
789,80
789,80
789,80
789,80
790,79
790,79
790,79
790,79
790,79
790,79
790,79
790,79
790,79
790,79
790,79
790,79
790,79
791,79
791,79
791,79
791,79
791,79
791,79
791,79
791,79
791,79
791,79
791,79
791,79
792,79
792,79
792,79
792,79
792,79
792,79
792,79
793,79
793,79
793,79
793,79
793,79
793,79
793,80
793,80
793,80
793,80
793,80
793,80
794,79
794,79
794,79
794,79
794,79
794,79
794,79
795,79
795,79
795,79
795,79
795,79
795,79
795,80
795,80
795,80
795,80
795,80
795,80
796,80
796,80
796,80
796,80
796,80
796,80
796,80
797,79
797,79
797,79
797,79
797,79
797,79
797,80
797,80
797,80
797,80
797,80
797,80
798,79
798,79
798,79
798,79
798,79
798,79
798,79
798,79
798,79
798,79
798,79
798,79
798,79
799,79
799,79
799,79
799,79
799,79
799,79
800,79
800,79
800,79
800,79
800,79
800,79
800,79
800,79
800,79
800,79
800,79
800,79
800,79
801,79
801,79
801,79
801,79
801,79
801,79
802,79
802,79
802,79
802,79
802,79
802,79
802,79
802,79
802,79
802,79
802,79
802,79
802,79
803,79
803,79
803,79
803,79
803,79
803,79
803,79
803,79
803,79
803,79
803,79
803,79
804,79
804,79
804,79
804,79
804,79
804,79
805,79
805,79
805,79
805,79
805,79
805,79
805,79
805,79
805,79
805,79
805,79
805,79
805,79
806,79
806,79
806,79
806,79
806,79
806,79
807,79
807,79
807,79
807,79
807,79
807,79
807,79
807,80
807,80
807,80
807,80
807,80
807,80
808,79
808,79
808,79
808,79
808,79
808,79
809,79
809,79
809,79
809,79
809,79
809,79
809,79
809,80
809,80
809,80
809,80
809,80
809,80
810,79
810,79
810,79
810,79
810,79
810,79
810,79
810,79
810,79
810,79
810,79
810,79
810,79
811,79
811,79
811,79
811,79
811,79
811,79
812,80
812,80
812,80
812,80
812,80
812,80
812,79
812,79
812,79
812,79
812,79
812,79
813,80
813,80
813,80
813,80
813,80
813,80
813,80
814,79
814,79
814,79
814,79
814,79
814,79
814,80
814,80
814,80
814,80
814,80
814,80
815,79
815,79
815,79
815,79
815,79
815,79
815,79
815,79
815,79
815,79
815,79
815,79
815,79
816,79
816,79
816,79
816,79
816,79
816,79
817,79
817,79
817,79
817,79
817,79
817,79
817,79
817,79
817,79
817,79
817,79
817,79
817,79
818,79
818,79
818,79
818,79
818,79
818,79
819,79
819,79
819,79
819,79
819,79
819,79
819,80
819,80
819,80
819,80
819,80
819,80
819,80
820,79
820,79
820,79
820,79
820,79
820,79
820,79
820,79
820,79
820,79
820,79
820,79
821,79
821,79
821,79
821,79
821,79
821,79
821,79
822,79
822,79
822,79
822,79
822,79
822,79
822,79
822,79
822,79
822,79
822,79
822,79
823,79
823,79
823,79
823,79
823,79
823,79
824,80
824,80
824,80
824,80
824,80
824,80
824,80
824,79
824,79
824,79
824,79
824,79
824,79
825,80
825,80
825,80
825,80
825,80
825,80
826,79
826,79
826,79
826,79
826,79
826,79
826,79
826,79
826,79
826,79
826,79
826,79
826,79
827,79
827,79
827,79
827,79
827,79
827,79
827,79
827,79
827,79
827,79
827,79
827,79
827,79
828,79
828,79
828,79
828,79
828,79
828,79
829,79
829,79
829,79
829,79
829,79
829,79
829,79
829,79
829,79
829,79
829,79
829,79
830,79
830,79
830,79
830,79
830,79
830,79
830,79
831,80
831,80
831,80
831,80
831,80
831,80
831,80
831,80
831,80
831,80
831,80
831,80
832,79
832,79
832,79
832,79
832,79
832,79
832,79
832,79
832,79
832,79
832,79
832,79
832,79
833,79
833,79
833,79
833,79
833,79
833,79
834,80
834,80
834,80
834,80
834,80
834,80
834,79
834,79
834,79
834,79
834,79
834,79
834,79
835,79
835,79
835,79
835,79
835,79
835,79
836,79
836,79
836,79
836,79
836,79
836,79
836,79
836,79
836,79
836,79
836,79
836,79
836,79
837,79
837,79
837,79
837,79
837,79
837,79
838,79
838,79
838,79
838,79
838,79
838,79
838,79
838,79
838,79
838,79
838,79
838,79
838,79
839,79
839,79
839,79
839,79
839,79
839,79
839,79
839,79
839,79
839,79
839,79
839,79
840,79
840,79
840,79
840,79
840,79
840,79
841,79
841,79
841,79
841,79
841,79
841,79
841,79
841,79
841,79
841,79
841,79
841,79
841,79
842,79
842,79
842,79
842,79
842,79
842,79
843,79
843,79
843,79
843,79
843,79
843,79
843,79
843,80
843,80
843,80
843,80
843,80
843,80
844,79
844,79
844,79
844,79
844,79
844,79
844,79
844,79
844,79
844,79
844,79
844,79
845,79
845,79
845,79
845,79
845,79
845,79
845,79
846,79
846,79
846,79
846,79
846,79
846,79
846,79
846,79
846,79
846,79
846,79
846,79
847,79
847,79
847,79
847,79
847,79
847,79
847,79
848,79
848,79
848,79
848,79
848,79
848,79
848,79
848,79
848,79
848,79
848,79
848,79
849,79
849,79
849,79
849,79
849,79
849,79
849,79
850,79
850,79
850,79
850,79
850,79
850,79
850,79
850,79
850,79
850,79
850,79
850,79
851,79
851,79
851,79
851,79
851,79
851,79
851,79
851,79
851,79
851,79
851,79
851,79
851,79
852,79
852,79
852,79
852,79
852,79
852,79
853,79
853,79
853,79
853,79
853,79
853,79
853,79
853,79
853,79
853,79
853,79
853,79
853,79
854,79
854,79
854,79
854,79
854,79
854,79
855,79
855,79
855,79
855,79
855,79
855,79
855,79
855,79
855,79
855,79
855,79
855,79
855,79
856,79
856,79
856,79
856,79
856,79
856,79
856,79
856,79
856,79
856,79
856,79
856,79
857,79
857,79
857,79
857,79
857,79
857,79
858,79
858,79
858,79
858,79
858,79
858,79
858,79
858,79
858,79
858,79
858,79
858,79
858,79
859,79
859,79
859,79
859,79
859,79
859,79
860,79
860,79
860,79
860,79
860,79
860,79
860,79
860,79
860,79
860,79
860,79
860,79
860,79
861,79
861,79
861,79
861,79
861,79
861,79
862,79
862,79
862,79
862,79
862,79
862,79
862,79
862,79
862,79
862,79
862,79
862,79
862,79
863,79
863,79
863,79
863,79
863,79
863,79
863,79
863,79
863,79
863,79
863,79
863,79
864,79
864,79
864,79
864,79
864,79
864,79
864,79
865,80
865,80
865,80
865,80
865,80
865,80
865,79
865,79
865,79
865,79
865,79
865,79
866,79
866,79
866,79
866,79
866,79
866,79
866,79
867,80
867,80
867,80
867,80
867,80
867,80
867,79
867,79
867,79
867,79
867,79
867,79
868,79
868,79
868,79
868,79
868,79
868,79
868,79
868,79
868,79
868,79
868,79
868,79
868,79
869,79
869,79
869,79
869,79
869,79
869,79
870,79
870,79
870,79
870,79
870,79
870,79
870,79
870,79
870,79
870,79
870,79
870,79
870,79
871,79
871,79
871,79
871,79
871,79
871,79
872,79
872,79
872,79
872,79
872,79
872,79
872,79
872,79
872,79
872,79
872,79
872,79
872,79
873,80
873,80
873,80
873,80
873,80
873,80
873,79
873,79
873,79
873,79
873,79
873,79
874,79
874,79
874,79
874,79
874,79
874,79
875,79
875,79
875,79
875,79
875,79
875,79
875,79
875,79
875,79
875,79
875,79
875,79
875,79
876,79
876,79
876,79
876,79
876,79
876,79
877,79
877,79
877,79
877,79
877,79
877,79
877,79
877,79
877,79
877,79
877,79
877,79
877,79
878,79
878,79
878,79
878,79
878,79
878,79
879,79
879,79
879,79
879,79
879,79
879,79
879,79
879,79
879,79
879,79
879,79
879,79
879,79
880,79
880,79
880,79
880,79
880,79
880,79
880,79
880,79
880,79
880,79
880,79
880,79
881,79
881,79
881,79
881,79
881,79
881,79
881,79
882,79
882,79
882,79
882,79
882,79
882,79
882,79
882,79
882,79
882,79
882,79
882,79
883,79
883,79
883,79
883,79
883,79
883,79
883,79
884,80
884,80
884,80
884,80
884,80
884,80
884,79
884,79
884,79
884,79
884,79
884,79
885,79
885,79
885,79
885,79
885,79
885,79
885,79
885,79
885,79
885,79
885,79
885,79
885,79
886,79
886,79
886,79
886,79
886,79
886,79
887,79
887,79
887,79
887,79
887,79
887,79
887,79
887,79
887,79
887,79
887,79
887,79
887,79
888,79
888,79
888,79
888,79
888,79
888,79
889,79
889,79
889,79
889,79
889,79
889,79
889,79
889,79
889,79
889,79
889,79
889,79
889,79
890,79
890,79
890,79
890,79
890,79
890,79
891,79
891,79
891,79
891,79
891,79
891,79
891,79
891,79
891,79
891,79
891,79
891,79
892,79
892,79
892,79
892,79
892,79
892,79
892,79
892,79
892,79
892,79
892,79
892,79
892,79
893,79
893,79
893,79
893,79
893,79
893,79
894,79
894,79
894,79
894,79
894,79
894,79
894,79
894,79
894,79
894,79
894,79
894,79
894,79
895,79
895,79
895,79
895,79
895,79
895,79
896,79
896,79
896,79
896,79
896,79
896,79
896,79
896,79
896,79
896,79
896,79
896,79
896,79
897,79
897,79
897,79
897,79
897,79
897,79
897,79
897,79
897,79
897,79
897,79
897,79
898,79
898,79
898,79
898,79
898,79
898,79
898,79
899,79
899,79
899,79
899,79
899,79
899,79
899,79
899,79
899,79
899,79
899,79
899,79
900,80
900,80
900,80
900,80
900,80
900,80
900,80
900,80
900,80
900,80
900,80
900,80
900,80
900,80
900,80
900,80
900,80
900,80
900,80
900,80
900,80
900,80
900,80
900,80
900,80
900,80
900,80
900,80
900,80
900,80
900,80
900,80
900,80
900,80
900,80
900,80
900,80
900,80
900,80
900,80
900,80
