0,0
0,75
0,75
0,75
0,75
0,75
0,75
0,75
0,76
0,76
0,76
0,76
0,76
0,76
1,75
1,75
1,75
1,75
1,75
1,75
1,75
1,75
1,75
1,75
1,75
1,75
1,75
2,76
2,76
2,76
2,76
2,76
2,76
3,76
3,76
3,76
3,76
3,76
3,76
3,75
3,75
3,75
3,75
3,75
3,75
4,75
4,75
4,75
4,75
4,75
4,75
4,75
5,76
5,76
5,76
5,76
5,76
5,76
5,76
5,76
5,76
5,76
5,76
5,76
6,76
6,76
6,76
6,76
6,76
6,76
6,76
7,75
7,75
7,75
7,75
7,75
7,75
7,76
7,76
7,76
7,76
7,76
7,76
8,76
8,76
8,76
8,76
8,76
8,76
8,76
8,76
8,76
8,76
8,76
8,76
8,76
9,76
9,76
9,76
9,76
9,76
9,76
10,76
10,76
10,76
10,76
10,76
10,76
10,76
10,76
10,76
10,76
10,76
10,76
10,76
11,76
11,76
11,76
11,76
11,76
11,76
12,76
12,76
12,76
12,76
12,76
12,76
12,76
12,76
12,76
12,76
12,76
12,76
12,76
13,76
13,76
13,76
13,76
13,76
13,76
13,76
13,76
13,76
13,76
13,76
13,76
14,75
14,75
14,75
14,75
14,75
14,75
15,75
15,75
15,75
15,75
15,75
15,75
15,75
15,76
15,76
15,76
15,76
15,76
15,76
16,75
16,75
16,75
16,75
16,75
16,75
17,76
17,76
17,76
17,76
17,76
17,76
17,76
17,76
17,76
17,76
17,76
17,76
17,76
18,75
18,75
18,75
18,75
18,75
18,75
19,75
19,75
19,75
19,75
19,75
19,75
19,75
19,75
19,75
19,75
19,75
19,75
19,75
20,75
20,75
20,75
20,75
20,75
20,75
20,75
20,75
20,75
20,75
20,75
20,75
21,75
21,75
21,75
21,75
21,75
21,75
21,75
22,75
22,75
22,75
22,75
22,75
22,75
22,75
22,75
22,75
22,75
22,75
22,75
23,75
23,75
23,75
23,75
23,75
23,75
23,75
24,75
24,75
24,75
24,75
24,75
24,75
24,75
24,75
24,75
24,75
24,75
24,75
25,75
25,75
25,75
25,75
25,75
25,75
25,75
25,75
25,75
25,75
25,75
25,75
25,75
26,74
26,74
26,74
26,74
26,74
26,74
27,75
27,75
27,75
27,75
27,75
27,75
27,75
27,75
27,75
27,75
27,75
27,75
27,75
28,75
28,75
28,75
28,75
28,75
28,75
29,75
29,75
29,75
29,75
29,75
29,75
29,74
29,74
29,74
29,74
29,74
29,74
29,74
30,75
30,75
30,75
30,75
30,75
30,75
31,74
31,74
31,74
31,74
31,74
31,74
31,74
31,74
31,74
31,74
31,74
31,74
32,74
32,74
32,74
32,74
32,74
32,74
32,74
32,74
32,74
32,74
32,74
32,74
32,74
33,74
33,74
33,74
33,74
33,74
33,74
34,74
34,74
34,74
34,74
34,74
34,74
34,74
34,74
34,74
34,74
34,74
34,74
34,74
35,74
35,74
35,74
35,74
35,74
35,74
36,74
36,74
36,74
36,74
36,74
36,74
36,74
36,74
36,74
36,74
36,74
36,74
36,74
37,74
37,74
37,74
37,74
37,74
37,74
37,74
37,74
37,74
37,74
37,74
37,74
38,74
38,74
38,74
38,74
38,74
38,74
38,74
39,74
39,74
39,74
39,74
39,74
39,74
39,74
39,74
39,74
39,74
39,74
39,74
40,74
40,74
40,74
40,74
40,74
40,74
40,74
41,73
41,73
41,73
41,73
41,73
41,73
41,74
41,74
41,74
41,74
41,74
41,74
42,73
42,73
42,73
42,73
42,73
42,73
42,73
42,73
42,73
42,73
42,73
42,73
42,73
43,73
43,73
43,73
43,73
43,73
43,73
44,73
44,73
44,73
44,73
44,73
44,73
44,73
44,73
44,73
44,73
44,73
44,73
44,73
45,73
45,73
45,73
45,73
45,73
45,73
46,73
46,73
46,73
46,73
46,73
46,73
46,73
46,73
46,73
46,73
46,73
46,73
46,73
47,73
47,73
47,73
47,73
47,73
47,73
48,73
48,73
48,73
48,73
48,73
48,73
48,73
48,73
48,73
48,73
48,73
48,73
49,72
49,72
49,72
49,72
49,72
49,72
49,72
49,73
49,73
49,73
49,73
49,73
49,73
50,72
50,72
50,72
50,72
50,72
50,72
51,72
51,72
51,72
51,72
51,72
51,72
51,72
51,72
51,72
51,72
51,72
51,72
51,72
52,72
52,72
52,72
52,72
52,72
52,72
53,73
53,73
53,73
53,73
53,73
53,73
53,73
53,73
53,73
53,73
53,73
53,73
53,73
54,73
54,73
54,73
54,73
54,73
54,73
54,72
54,72
54,72
54,72
54,72
54,72
55,73
55,73
55,73
55,73
55,73
55,73
55,73
56,72
56,72
56,72
56,72
56,72
56,72
56,72
56,72
56,72
56,72
56,72
56,72
57,73
57,73
57,73
57,73
57,73
57,73
57,73
58,72
58,72
58,72
58,72
58,72
58,72
58,72
58,72
58,72
58,72
58,72
58,72
59,72
59,72
59,72
59,72
59,72
59,72
60,72
60,72
60,72
60,72
60,72
60,72
60,72
60,72
60,72
60,72
60,72
60,72
60,72
61,72
61,72
61,72
61,72
61,72
61,72
61,72
61,72
61,72
61,72
61,72
61,72
61,72
62,72
62,72
62,72
62,72
62,72
62,72
63,72
63,72
63,72
63,72
63,72
63,72
63,72
63,72
63,72
63,72
63,72
63,72
63,72
64,72
64,72
64,72
64,72
64,72
64,72
65,72
65,72
65,72
65,72
65,72
65,72
65,72
65,72
65,72
65,72
65,72
65,72
66,72
66,72
66,72
66,72
66,72
66,72
66,72
66,72
66,72
66,72
66,72
66,72
66,72
67,72
67,72
67,72
67,72
67,72
67,72
68,72
68,72
68,72
68,72
68,72
68,72
68,72
68,71
68,71
68,71
68,71
68,71
68,71
69,71
69,71
69,71
69,71
69,71
69,71
70,72
70,72
70,72
70,72
70,72
70,72
70,71
70,71
70,71
70,71
70,71
70,71
70,71
71,71
71,71
71,71
71,71
71,71
71,71
72,72
72,72
72,72
72,72
72,72
72,72
72,71
72,71
72,71
72,71
72,71
72,71
72,71
73,71
73,71
73,71
73,71
73,71
73,71
73,71
73,71
73,71
73,71
73,71
73,71
74,71
74,71
74,71
74,71
74,71
74,71
74,71
75,71
75,71
75,71
75,71
75,71
75,71
75,71
75,71
75,71
75,71
75,71
75,71
76,72
76,72
76,72
76,72
76,72
76,72
77,71
77,71
77,71
77,71
77,71
77,71
77,71
77,71
77,71
77,71
77,71
77,71
77,71
78,72
78,72
78,72
78,72
78,72
78,72
78,71
78,71
78,71
78,71
78,71
78,71
78,71
79,71
79,71
79,71
79,71
79,71
79,71
80,70
80,70
80,70
80,70
80,70
80,70
80,71
80,71
80,71
80,71
80,71
80,71
81,71
81,71
81,71
81,71
81,71
81,71
81,71
82,71
82,71
82,71
82,71
82,71
82,71
82,71
82,71
82,71
82,71
82,71
82,71
83,71
83,71
83,71
83,71
83,71
83,71
83,71
84,71
84,71
84,71
84,71
84,71
84,71
84,71
84,71
84,71
84,71
84,71
84,71
85,71
85,71
85,71
85,71
85,71
85,71
85,71
85,71
85,71
85,71
85,71
85,71
85,71
86,71
86,71
86,71
86,71
86,71
86,71
87,71
87,71
87,71
87,71
87,71
87,71
87,71
87,71
87,71
87,71
87,71
87,71
87,71
88,71
88,71
88,71
88,71
88,71
88,71
89,70
89,70
89,70
89,70
89,70
89,70
89,71
89,71
89,71
89,71
89,71
89,71
89,71
90,70
90,70
90,70
90,70
90,70
90,70
90,70
90,70
90,70
90,70
90,70
90,70
91,70
91,70
91,70
91,70
91,70
91,70
91,70
92,70
92,70
92,70
92,70
92,70
92,70
92,70
92,70
92,70
92,70
92,70
92,70
93,70
93,70
93,70
93,70
93,70
93,70
94,70
94,70
94,70
94,70
94,70
94,70
94,70
94,70
94,70
94,70
94,70
94,70
94,70
95,70
95,70
95,70
95,70
95,70
95,70
95,70
95,70
95,70
95,70
95,70
95,70
95,70
96,71
96,71
96,71
96,71
96,71
96,71
97,70
97,70
97,70
97,70
97,70
97,70
97,70
97,70
97,70
97,70
97,70
97,70
98,70
98,70
98,70
98,70
98,70
98,70
98,70
99,70
99,70
99,70
99,70
99,70
99,70
99,70
99,70
99,70
99,70
99,70
99,70
100,70
100,70
100,70
100,70
100,70
100,70
100,70
101,70
101,70
101,70
101,70
101,70
101,70
101,70
101,70
101,70
101,70
101,70
101,70
102,70
102,70
102,70
102,70
102,70
102,70
102,70
102,71
102,71
102,71
102,71
102,71
102,71
103,70
103,70
103,70
103,70
103,70
103,70
104,70
104,70
104,70
104,70
104,70
104,70
104,70
104,70
104,70
104,70
104,70
104,70
104,70
105,70
105,70
105,70
105,70
105,70
105,70
106,70
106,70
106,70
106,70
106,70
106,70
106,70
106,70
106,70
106,70
106,70
106,70
106,70
107,70
107,70
107,70
107,70
107,70
107,70
107,70
107,70
107,70
107,70
107,70
107,70
108,70
108,70
108,70
108,70
108,70
108,70
108,70
109,70
109,70
109,70
109,70
109,70
109,70
109,70
109,70
109,70
109,70
109,70
109,70
110,70
110,70
110,70
110,70
110,70
110,70
111,69
111,69
111,69
111,69
111,69
111,69
111,69
111,69
111,69
111,69
111,69
111,69
111,69
112,70
112,70
112,70
112,70
112,70
112,70
113,69
113,69
113,69
113,69
113,69
113,69
113,69
113,69
113,69
113,69
113,69
113,69
113,69
114,70
114,70
114,70
114,70
114,70
114,70
114,70
114,70
114,70
114,70
114,70
114,70
114,70
115,69
115,69
115,69
115,69
115,69
115,69
116,69
116,69
116,69
116,69
116,69
116,69
116,69
116,69
116,69
116,69
116,69
116,69
117,69
117,69
117,69
117,69
117,69
117,69
117,69
118,69
118,69
118,69
118,69
118,69
118,69
118,69
118,69
118,69
118,69
118,69
118,69
119,70
119,70
119,70
119,70
119,70
119,70
119,70
119,70
119,70
119,70
119,70
119,70
119,70
120,70
120,70
120,70
120,70
120,70
120,70
121,70
121,70
121,70
121,70
121,70
121,70
121,70
121,69
121,69
121,69
121,69
121,69
121,69
122,69
122,69
122,69
122,69
122,69
122,69
123,70
123,70
123,70
123,70
123,70
123,70
123,69
123,69
123,69
123,69
123,69
123,69
123,69
124,69
124,69
124,69
124,69
124,69
124,69
125,69
125,69
125,69
125,69
125,69
125,69
125,69
125,69
125,69
125,69
125,69
125,69
125,69
126,69
126,69
126,69
126,69
126,69
126,69
126,69
126,69
126,69
126,69
126,69
126,69
127,69
127,69
127,69
127,69
127,69
127,69
127,69
128,69
128,69
128,69
128,69
128,69
128,69
128,70
128,70
128,70
128,70
128,70
128,70
129,69
129,69
129,69
129,69
129,69
129,69
130,69
130,69
130,69
130,69
130,69
130,69
130,69
130,69
130,69
130,69
130,69
130,69
130,69
131,69
131,69
131,69
131,69
131,69
131,69
131,69
131,69
131,69
131,69
131,69
131,69
131,69
132,69
132,69
132,69
132,69
132,69
132,69
133,69
133,69
133,69
133,69
133,69
133,69
133,69
133,69
133,69
133,69
133,69
133,69
134,69
134,69
134,69
134,69
134,69
134,69
134,69
135,69
135,69
135,69
135,69
135,69
135,69
135,69
135,69
135,69
135,69
135,69
135,69
136,69
136,69
136,69
136,69
136,69
136,69
136,69
137,69
137,69
137,69
137,69
137,69
137,69
137,69
137,69
137,69
137,69
137,69
137,69
138,69
138,69
138,69
138,69
138,69
138,69
138,69
138,69
138,69
138,69
138,69
138,69
138,69
139,69
139,69
139,69
139,69
139,69
139,69
140,69
140,69
140,69
140,69
140,69
140,69
140,69
140,69
140,69
140,69
140,69
140,69
140,69
141,68
141,68
141,68
141,68
141,68
141,68
142,69
142,69
142,69
142,69
142,69
142,69
142,68
142,68
142,68
142,68
142,68
142,68
142,68
143,69
143,69
143,69
143,69
143,69
143,69
143,69
143,69
143,69
143,69
143,69
143,69
144,69
144,69
144,69
144,69
144,69
144,69
145,69
145,69
145,69
145,69
145,69
145,69
145,69
145,69
145,69
145,69
145,69
145,69
145,69
146,68
146,68
146,68
146,68
146,68
146,68
147,69
147,69
147,69
147,69
147,69
147,69
147,69
147,68
147,68
147,68
147,68
147,68
147,68
148,69
148,69
148,69
148,69
148,69
148,69
149,69
149,69
149,69
149,69
149,69
149,69
149,69
149,69
149,69
149,69
149,69
149,69
149,69
150,69
150,69
150,69
150,69
150,69
150,69
150,69
150,69
150,69
150,69
150,69
150,69
151,68
151,68
151,68
151,68
151,68
151,68
151,68
152,69
152,69
152,69
152,69
152,69
152,69
152,68
152,68
152,68
152,68
152,68
152,68
153,69
153,69
153,69
153,69
153,69
153,69
153,69
154,68
154,68
154,68
154,68
154,68
154,68
154,69
154,69
154,69
154,69
154,69
154,69
155,69
155,69
155,69
155,69
155,69
155,69
155,69
155,69
155,69
155,69
155,69
155,69
155,69
156,69
156,69
156,69
156,69
156,69
156,69
157,68
157,68
157,68
157,68
157,68
157,68
157,69
157,69
157,69
157,69
157,69
157,69
157,69
158,68
158,68
158,68
158,68
158,68
158,68
159,69
159,69
159,69
159,69
159,69
159,69
159,69
159,69
159,69
159,69
159,69
159,69
160,69
160,69
160,69
160,69
160,69
160,69
160,69
160,68
160,68
160,68
160,68
160,68
160,68
161,68
161,68
161,68
161,68
161,68
161,68
162,69
162,69
162,69
162,69
162,69
162,69
162,69
162,69
162,69
162,69
162,69
162,69
162,69
163,69
163,69
163,69
163,69
163,69
163,69
164,69
164,69
164,69
164,69
164,69
164,69
164,69
164,68
164,68
164,68
164,68
164,68
164,68
165,68
165,68
165,68
165,68
165,68
165,68
166,68
166,68
166,68
166,68
166,68
166,68
166,68
166,68
166,68
166,68
166,68
166,68
166,68
167,68
167,68
167,68
167,68
167,68
167,68
167,68
167,68
167,68
167,68
167,68
167,68
168,68
168,68
168,68
168,68
168,68
168,68
168,68
169,68
169,68
169,68
169,68
169,68
169,68
169,68
169,68
169,68
169,68
169,68
169,68
170,68
170,68
170,68
170,68
170,68
170,68
171,68
171,68
171,68
171,68
171,68
171,68
171,68
171,69
171,69
171,69
171,69
171,69
171,69
172,68
172,68
172,68
172,68
172,68
172,68
172,69
172,69
172,69
172,69
172,69
172,69
172,69
173,68
173,68
173,68
173,68
173,68
173,68
174,68
174,68
174,68
174,68
174,68
174,68
174,68
174,68
174,68
174,68
174,68
174,68
175,69
175,69
175,69
175,69
175,69
175,69
175,69
176,68
176,68
176,68
176,68
176,68
176,68
176,69
176,69
176,69
176,69
176,69
176,69
177,69
177,69
177,69
177,69
177,69
177,69
177,69
178,68
178,68
178,68
178,68
178,68
178,68
178,68
178,68
178,68
178,68
178,68
178,68
179,68
179,68
179,68
179,68
179,68
179,68
179,68
179,68
179,68
179,68
179,68
179,68
179,68
180,68
180,68
180,68
180,68
180,68
180,68
181,68
181,68
181,68
181,68
181,68
181,68
181,68
181,68
181,68
181,68
181,68
181,68
181,68
182,68
182,68
182,68
182,68
182,68
182,68
183,69
183,69
183,69
183,69
183,69
183,69
183,68
183,68
183,68
183,68
183,68
183,68
184,68
184,68
184,68
184,68
184,68
184,68
184,68
184,68
184,68
184,68
184,68
184,68
184,68
185,68
185,68
185,68
185,68
185,68
185,68
186,68
186,68
186,68
186,68
186,68
186,68
186,68
186,68
186,68
186,68
186,68
186,68
186,68
187,68
187,68
187,68
187,68
187,68
187,68
188,68
188,68
188,68
188,68
188,68
188,68
188,68
188,68
188,68
188,68
188,68
188,68
188,68
189,68
189,68
189,68
189,68
189,68
189,68
190,68
190,68
190,68
190,68
190,68
190,68
190,68
190,68
190,68
190,68
190,68
190,68
190,68
191,68
191,68
191,68
191,68
191,68
191,68
191,68
191,68
191,68
191,68
191,68
191,68
192,68
192,68
192,68
192,68
192,68
192,68
192,68
193,68
193,68
193,68
193,68
193,68
193,68
193,68
193,68
193,68
193,68
193,68
193,68
194,68
194,68
194,68
194,68
194,68
194,68
195,68
195,68
195,68
195,68
195,68
195,68
195,68
195,68
195,68
195,68
195,68
195,68
195,68
196,68
196,68
196,68
196,68
196,68
196,68
196,68
196,68
196,68
196,68
196,68
196,68
196,68
197,68
197,68
197,68
197,68
197,68
197,68
198,68
198,68
198,68
198,68
198,68
198,68
198,68
198,68
198,68
198,68
198,68
198,68
199,68
199,68
199,68
199,68
199,68
199,68
199,68
200,68
200,68
200,68
200,68
200,68
200,68
200,68
200,68
200,68
200,68
200,68
200,68
201,68
201,68
201,68
201,68
201,68
201,68
201,68
201,68
201,68
201,68
201,68
201,68
201,68
202,68
202,68
202,68
202,68
202,68
202,68
203,68
203,68
203,68
203,68
203,68
203,68
203,68
203,68
203,68
203,68
203,68
203,68
203,68
204,68
204,68
204,68
204,68
204,68
204,68
205,69
205,69
205,69
205,69
205,69
205,69
205,68
205,68
205,68
205,68
205,68
205,68
205,68
206,68
206,68
206,68
206,68
206,68
206,68
207,68
207,68
207,68
207,68
207,68
207,68
207,68
207,68
207,68
207,68
207,68
207,68
207,68
208,68
208,68
208,68
208,68
208,68
208,68
208,68
208,68
208,68
208,68
208,68
208,68
209,67
209,67
209,67
209,67
209,67
209,67
209,67
210,68
210,68
210,68
210,68
210,68
210,68
210,68
210,68
210,68
210,68
210,68
210,68
211,67
211,67
211,67
211,67
211,67
211,67
212,68
212,68
212,68
212,68
212,68
212,68
212,68
212,68
212,68
212,68
212,68
212,68
212,68
213,68
213,68
213,68
213,68
213,68
213,68
213,68
213,68
213,68
213,68
213,68
213,68
213,68
214,68
214,68
214,68
214,68
214,68
214,68
215,68
215,68
215,68
215,68
215,68
215,68
215,68
215,68
215,68
215,68
215,68
215,68
216,68
216,68
216,68
216,68
216,68
216,68
216,68
217,68
217,68
217,68
217,68
217,68
217,68
217,68
217,68
217,68
217,68
217,68
217,68
218,68
218,68
218,68
218,68
218,68
218,68
218,68
219,68
219,68
219,68
219,68
219,68
219,68
219,68
219,68
219,68
219,68
219,68
219,68
220,68
220,68
220,68
220,68
220,68
220,68
220,68
220,68
220,68
220,68
220,68
220,68
220,68
221,68
221,68
221,68
221,68
221,68
221,68
222,67
222,67
222,67
222,67
222,67
222,67
222,68
222,68
222,68
222,68
222,68
222,68
222,68
223,68
223,68
223,68
223,68
223,68
223,68
224,68
224,68
224,68
224,68
224,68
224,68
224,68
224,68
224,68
224,68
224,68
224,68
224,68
225,68
225,68
225,68
225,68
225,68
225,68
225,68
225,68
225,68
225,68
225,68
225,68
226,67
226,67
226,67
226,67
226,67
226,67
226,67
227,67
227,67
227,67
227,67
227,67
227,67
227,68
227,68
227,68
227,68
227,68
227,68
228,68
228,68
228,68
228,68
228,68
228,68
229,68
229,68
229,68
229,68
229,68
229,68
229,68
229,67
229,67
229,67
229,67
229,67
229,67
230,67
230,67
230,67
230,67
230,67
230,67
231,68
231,68
231,68
231,68
231,68
231,68
231,68
231,67
231,67
231,67
231,67
231,67
231,67
232,67
232,67
232,67
232,67
232,67
232,67
232,68
232,68
232,68
232,68
232,68
232,68
233,68
233,68
233,68
233,68
233,68
233,68
233,68
234,67
234,67
234,67
234,67
234,67
234,67
234,67
234,67
234,67
234,67
234,67
234,67
235,68
235,68
235,68
235,68
235,68
235,68
235,68
236,68
236,68
236,68
236,68
236,68
236,68
236,67
236,67
236,67
236,67
236,67
236,67
237,67
237,67
237,67
237,67
237,67
237,67
237,67
237,68
237,68
237,68
237,68
237,68
237,68
238,68
238,68
238,68
238,68
238,68
238,68
239,67
239,67
239,67
239,67
239,67
239,67
239,67
239,67
239,67
239,67
239,67
239,67
239,67
240,67
240,67
240,67
240,67
240,67
240,67
241,68
241,68
241,68
241,68
241,68
241,68
241,68
241,68
241,68
241,68
241,68
241,68
241,68
242,67
242,67
242,67
242,67
242,67
242,67
243,68
243,68
243,68
243,68
243,68
243,68
243,68
243,68
243,68
243,68
243,68
243,68
244,67
244,67
244,67
244,67
244,67
244,67
244,67
244,68
244,68
244,68
244,68
244,68
244,68
245,67
245,67
245,67
245,67
245,67
245,67
246,67
246,67
246,67
246,67
246,67
246,67
246,67
246,68
246,68
246,68
246,68
246,68
246,68
247,67
247,67
247,67
247,67
247,67
247,67
248,67
248,67
248,67
248,67
248,67
248,67
248,67
248,67
248,67
248,67
248,67
248,67
248,67
249,67
249,67
249,67
249,67
249,67
249,67
249,68
249,68
249,68
249,68
249,68
249,68
250,67
250,67
250,67
250,67
250,67
250,67
250,67
251,67
251,67
251,67
251,67
251,67
251,67
251,68
251,68
251,68
251,68
251,68
251,68
252,67
252,67
252,67
252,67
252,67
252,67
252,67
253,68
253,68
253,68
253,68
253,68
253,68
253,68
253,68
253,68
253,68
253,68
253,68
254,68
254,68
254,68
254,68
254,68
254,68
254,68
254,68
254,68
254,68
254,68
254,68
254,68
255,67
255,67
255,67
255,67
255,67
255,67
256,67
256,67
256,67
256,67
256,67
256,67
256,67
256,67
256,67
256,67
256,67
256,67
256,67
257,68
257,68
257,68
257,68
257,68
257,68
258,68
258,68
258,68
258,68
258,68
258,68
258,68
258,68
258,68
258,68
258,68
258,68
258,68
259,67
259,67
259,67
259,67
259,67
259,67
260,67
260,67
260,67
260,67
260,67
260,67
260,68
260,68
260,68
260,68
260,68
260,68
261,67
261,67
261,67
261,67
261,67
261,67
261,67
261,67
261,67
261,67
261,67
261,67
261,67
262,68
262,68
262,68
262,68
262,68
262,68
263,68
263,68
263,68
263,68
263,68
263,68
263,68
263,67
263,67
263,67
263,67
263,67
263,67
264,68
264,68
264,68
264,68
264,68
264,68
265,67
265,67
265,67
265,67
265,67
265,67
265,67
265,67
265,67
265,67
265,67
265,67
265,67
266,68
266,68
266,68
266,68
266,68
266,68
266,68
266,68
266,68
266,68
266,68
266,68
267,67
267,67
267,67
267,67
267,67
267,67
267,67
268,67
268,67
268,67
268,67
268,67
268,67
268,67
268,67
268,67
268,67
268,67
268,67
269,67
269,67
269,67
269,67
269,67
269,67
269,67
270,67
270,67
270,67
270,67
270,67
270,67
270,68
270,68
270,68
270,68
270,68
270,68
271,68
271,68
271,68
271,68
271,68
271,68
271,68
272,67
272,67
272,67
272,67
272,67
272,67
272,67
272,67
272,67
272,67
272,67
272,67
273,67
273,67
273,67
273,67
273,67
273,67
273,68
273,68
273,68
273,68
273,68
273,68
273,68
274,67
274,67
274,67
274,67
274,67
274,67
275,67
275,67
275,67
275,67
275,67
275,67
275,67
275,67
275,67
275,67
275,67
275,67
275,67
276,68
276,68
276,68
276,68
276,68
276,68
277,67
277,67
277,67
277,67
277,67
277,67
277,67
277,67
277,67
277,67
277,67
277,67
278,68
278,68
278,68
278,68
278,68
278,68
278,68
278,67
278,67
278,67
278,67
278,67
278,67
279,67
279,67
279,67
279,67
279,67
279,67
280,67
280,67
280,67
280,67
280,67
280,67
280,67
280,68
280,68
280,68
280,68
280,68
280,68
281,67
281,67
281,67
281,67
281,67
281,67
282,67
282,67
282,67
282,67
282,67
282,67
282,67
282,67
282,67
282,67
282,67
282,67
282,67
283,67
283,67
283,67
283,67
283,67
283,67
284,68
284,68
284,68
284,68
284,68
284,68
284,67
284,67
284,67
284,67
284,67
284,67
284,67
285,67
285,67
285,67
285,67
285,67
285,67
285,67
285,67
285,67
285,67
285,67
285,67
286,67
286,67
286,67
286,67
286,67
286,67
286,67
287,67
287,67
287,67
287,67
287,67
287,67
287,67
287,67
287,67
287,67
287,67
287,67
288,67
288,67
288,67
288,67
288,67
288,67
289,67
289,67
289,67
289,67
289,67
289,67
289,67
289,67
289,67
289,67
289,67
289,67
289,67
290,67
290,67
290,67
290,67
290,67
290,67
290,67
290,67
290,67
290,67
290,67
290,67
290,67
291,67
291,67
291,67
291,67
291,67
291,67
292,67
292,67
292,67
292,67
292,67
292,67
292,67
292,67
292,67
292,67
292,67
292,67
292,67
293,67
293,67
293,67
293,67
293,67
293,67
294,67
294,67
294,67
294,67
294,67
294,67
294,68
294,68
294,68
294,68
294,68
294,68
295,67
295,67
295,67
295,67
295,67
295,67
295,67
296,67
296,67
296,67
296,67
296,67
296,67
296,67
296,67
296,67
296,67
296,67
296,67
297,67
297,67
297,67
297,67
297,67
297,67
297,67
297,67
297,67
297,67
297,67
297,67
297,67
298,67
298,67
298,67
298,67
298,67
298,67
299,67
299,67
299,67
299,67
299,67
299,67
299,67
299,67
299,67
299,67
299,67
299,67
299,67
300,67
300,67
300,67
300,67
300,67
300,67
301,67
301,67
301,67
301,67
301,67
301,67
301,67
301,67
301,67
301,67
301,67
301,67
301,67
302,67
302,67
302,67
302,67
302,67
302,67
302,67
302,67
302,67
302,67
302,67
302,67
303,68
303,68
303,68
303,68
303,68
303,68
303,68
304,67
304,67
304,67
304,67
304,67
304,67
304,67
304,67
304,67
304,67
304,67
304,67
305,67
305,67
305,67
305,67
305,67
305,67
305,67
306,67
306,67
306,67
306,67
306,67
306,67
306,67
306,67
306,67
306,67
306,67
306,67
307,68
307,68
307,68
307,68
307,68
307,68
307,67
307,67
307,67
307,67
307,67
307,67
307,67
308,67
308,67
308,67
308,67
308,67
308,67
309,67
309,67
309,67
309,67
309,67
309,67
309,67
309,67
309,67
309,67
309,67
309,67
309,67
310,67
310,67
310,67
310,67
310,67
310,67
311,67
311,67
311,67
311,67
311,67
311,67
311,68
311,68
311,68
311,68
311,68
311,68
312,68
312,68
312,68
312,68
312,68
312,68
312,68
313,67
313,67
313,67
313,67
313,67
313,67
313,67
313,67
313,67
313,67
313,67
313,67
314,67
314,67
314,67
314,67
314,67
314,67
314,67
314,67
314,67
314,67
314,67
314,67
314,67
315,67
315,67
315,67
315,67
315,67
315,67
316,67
316,67
316,67
316,67
316,67
316,67
316,67
316,67
316,67
316,67
316,67
316,67
316,67
317,67
317,67
317,67
317,67
317,67
317,67
318,67
318,67
318,67
318,67
318,67
318,67
318,67
318,67
318,67
318,67
318,67
318,67
318,67
319,67
319,67
319,67
319,67
319,67
319,67
319,67
319,67
319,67
319,67
319,67
319,67
320,67
320,67
320,67
320,67
320,67
320,67
320,67
321,67
321,67
321,67
321,67
321,67
321,67
321,67
321,67
321,67
321,67
321,67
321,67
322,67
322,67
322,67
322,67
322,67
322,67
323,67
323,67
323,67
323,67
323,67
323,67
323,67
323,67
323,67
323,67
323,67
323,67
323,67
324,67
324,67
324,67
324,67
324,67
324,67
325,67
325,67
325,67
325,67
325,67
325,67
325,67
325,67
325,67
325,67
325,67
325,67
325,67
326,67
326,67
326,67
326,67
326,67
326,67
326,67
326,67
326,67
326,67
326,67
326,67
326,67
327,67
327,67
327,67
327,67
327,67
327,67
328,67
328,67
328,67
328,67
328,67
328,67
328,67
328,67
328,67
328,67
328,67
328,67
329,67
329,67
329,67
329,67
329,67
329,67
329,67
330,67
330,67
330,67
330,67
330,67
330,67
330,67
330,67
330,67
330,67
330,67
330,67
331,67
331,67
331,67
331,67
331,67
331,67
331,67
331,67
331,67
331,67
331,67
331,67
331,67
332,67
332,67
332,67
332,67
332,67
332,67
333,67
333,67
333,67
333,67
333,67
333,67
333,67
333,67
333,67
333,67
333,67
333,67
333,67
334,67
334,67
334,67
334,67
334,67
334,67
335,67
335,67
335,67
335,67
335,67
335,67
335,67
335,67
335,67
335,67
335,67
335,67
335,67
336,67
336,67
336,67
336,67
336,67
336,67
337,67
337,67
337,67
337,67
337,67
337,67
337,67
337,67
337,67
337,67
337,67
337,67
337,67
338,67
338,67
338,67
338,67
338,67
338,67
338,67
338,67
338,67
338,67
338,67
338,67
339,67
339,67
339,67
339,67
339,67
339,67
340,67
340,67
340,67
340,67
340,67
340,67
340,67
340,67
340,67
340,67
340,67
340,67
340,67
341,67
341,67
341,67
341,67
341,67
341,67
342,66
342,66
342,66
342,66
342,66
342,66
342,66
342,67
342,67
342,67
342,67
342,67
342,67
343,67
343,67
343,67
343,67
343,67
343,67
343,67
343,67
343,67
343,67
343,67
343,67
343,67
344,67
344,67
344,67
344,67
344,67
344,67
345,67
345,67
345,67
345,67
345,67
345,67
345,67
345,67
345,67
345,67
345,67
345,67
346,67
346,67
346,67
346,67
346,67
346,67
346,67
347,67
347,67
347,67
347,67
347,67
347,67
347,67
347,67
347,67
347,67
347,67
347,67
348,67
348,67
348,67
348,67
348,67
348,67
348,67
349,67
349,67
349,67
349,67
349,67
349,67
349,67
349,67
349,67
349,67
349,67
349,67
350,66
350,66
350,66
350,66
350,66
350,66
350,66
350,67
350,67
350,67
350,67
350,67
350,67
351,67
351,67
351,67
351,67
351,67
351,67
352,67
352,67
352,67
352,67
352,67
352,67
352,67
352,67
352,67
352,67
352,67
352,67
352,67
353,67
353,67
353,67
353,67
353,67
353,67
354,67
354,67
354,67
354,67
354,67
354,67
354,67
354,67
354,67
354,67
354,67
354,67
354,67
355,67
355,67
355,67
355,67
355,67
355,67
355,67
355,67
355,67
355,67
355,67
355,67
356,67
356,67
356,67
356,67
356,67
356,67
357,67
357,67
357,67
357,67
357,67
357,67
357,67
357,67
357,67
357,67
357,67
357,67
357,67
358,67
358,67
358,67
358,67
358,67
358,67
359,66
359,66
359,66
359,66
359,66
359,66
359,66
359,67
359,67
359,67
359,67
359,67
359,67
360,67
360,67
360,67
360,67
360,67
360,67
361,67
361,67
361,67
361,67
361,67
361,67
361,67
361,67
361,67
361,67
361,67
361,67
361,67
362,67
362,67
362,67
362,67
362,67
362,67
362,67
362,67
362,67
362,67
362,67
362,67
363,67
363,67
363,67
363,67
363,67
363,67
363,67
364,67
364,67
364,67
364,67
364,67
364,67
364,67
364,67
364,67
364,67
364,67
364,67
365,67
365,67
365,67
365,67
365,67
365,67
365,67
366,67
366,67
366,67
366,67
366,67
366,67
366,67
366,67
366,67
366,67
366,67
366,67
367,67
367,67
367,67
367,67
367,67
367,67
367,67
367,67
367,67
367,67
367,67
367,67
367,67
368,67
368,67
368,67
368,67
368,67
368,67
369,67
369,67
369,67
369,67
369,67
369,67
369,67
369,67
369,67
369,67
369,67
369,67
369,67
370,67
370,67
370,67
370,67
370,67
370,67
371,67
371,67
371,67
371,67
371,67
371,67
371,67
371,67
371,67
371,67
371,67
371,67
371,67
372,67
372,67
372,67
372,67
372,67
372,67
372,67
372,67
372,67
372,67
372,67
372,67
373,67
373,67
373,67
373,67
373,67
373,67
374,67
374,67
374,67
374,67
374,67
374,67
374,67
374,67
374,67
374,67
374,67
374,67
374,67
375,67
375,67
375,67
375,67
375,67
375,67
376,67
376,67
376,67
376,67
376,67
376,67
376,67
376,67
376,67
376,67
376,67
376,67
376,67
377,67
377,67
377,67
377,67
377,67
377,67
378,67
378,67
378,67
378,67
378,67
378,67
378,67
378,67
378,67
378,67
378,67
378,67
378,67
379,67
379,67
379,67
379,67
379,67
379,67
379,66
379,66
379,66
379,66
379,66
379,66
380,67
380,67
380,67
380,67
380,67
380,67
380,67
381,66
381,66
381,66
381,66
381,66
381,66
381,67
381,67
381,67
381,67
381,67
381,67
382,67
382,67
382,67
382,67
382,67
382,67
382,67
383,67
383,67
383,67
383,67
383,67
383,67
383,67
383,67
383,67
383,67
383,67
383,67
384,67
384,67
384,67
384,67
384,67
384,67
384,67
384,67
384,67
384,67
384,67
384,67
384,67
385,67
385,67
385,67
385,67
385,67
385,67
386,67
386,67
386,67
386,67
386,67
386,67
386,67
386,67
386,67
386,67
386,67
386,67
386,67
387,67
387,67
387,67
387,67
387,67
387,67
388,67
388,67
388,67
388,67
388,67
388,67
388,67
388,67
388,67
388,67
388,67
388,67
388,67
389,67
389,67
389,67
389,67
389,67
389,67
390,67
390,67
390,67
390,67
390,67
390,67
390,66
390,66
390,66
390,66
390,66
390,66
391,67
391,67
391,67
391,67
391,67
391,67
391,67
391,67
391,67
391,67
391,67
391,67
391,67
392,67
392,67
392,67
392,67
392,67
392,67
393,67
393,67
393,67
393,67
393,67
393,67
393,67
393,67
393,67
393,67
393,67
393,67
393,67
394,67
394,67
394,67
394,67
394,67
394,67
395,66
395,66
395,66
395,66
395,66
395,66
395,66
395,67
395,67
395,67
395,67
395,67
395,67
396,66
396,66
396,66
396,66
396,66
396,66
396,67
396,67
396,67
396,67
396,67
396,67
397,66
397,66
397,66
397,66
397,66
397,66
397,66
398,67
398,67
398,67
398,67
398,67
398,67
398,67
398,67
398,67
398,67
398,67
398,67
399,67
399,67
399,67
399,67
399,67
399,67
399,67
400,67
400,67
400,67
400,67
400,67
400,67
400,67
400,67
400,67
400,67
400,67
400,67
401,67
401,67
401,67
401,67
401,67
401,67
401,67
402,67
402,67
402,67
402,67
402,67
402,67
402,67
402,67
402,67
402,67
402,67
402,67
403,67
403,67
403,67
403,67
403,67
403,67
403,66
403,66
403,66
403,66
403,66
403,66
403,66
404,67
404,67
404,67
404,67
404,67
404,67
405,67
405,67
405,67
405,67
405,67
405,67
405,67
405,67
405,67
405,67
405,67
405,67
405,67
406,67
406,67
406,67
406,67
406,67
406,67
407,66
407,66
407,66
407,66
407,66
407,66
407,67
407,67
407,67
407,67
407,67
407,67
408,67
408,67
408,67
408,67
408,67
408,67
408,67
408,66
408,66
408,66
408,66
408,66
408,66
409,67
409,67
409,67
409,67
409,67
409,67
410,67
410,67
410,67
410,67
410,67
410,67
410,67
410,67
410,67
410,67
410,67
410,67
410,67
411,67
411,67
411,67
411,67
411,67
411,67
412,67
412,67
412,67
412,67
412,67
412,67
412,67
412,67
412,67
412,67
412,67
412,67
412,67
413,66
413,66
413,66
413,66
413,66
413,66
414,67
414,67
414,67
414,67
414,67
414,67
414,67
414,67
414,67
414,67
414,67
414,67
414,67
415,67
415,67
415,67
415,67
415,67
415,67
415,67
415,67
415,67
415,67
415,67
415,67
416,67
416,67
416,67
416,67
416,67
416,67
416,67
417,67
417,67
417,67
417,67
417,67
417,67
417,67
417,67
417,67
417,67
417,67
417,67
418,66
418,66
418,66
418,66
418,66
418,66
418,66
419,67
419,67
419,67
419,67
419,67
419,67
419,67
419,67
419,67
419,67
419,67
419,67
420,67
420,67
420,67
420,67
420,67
420,67
420,67
420,67
420,67
420,67
420,67
420,67
420,67
421,66
421,66
421,66
421,66
421,66
421,66
422,67
422,67
422,67
422,67
422,67
422,67
422,66
422,66
422,66
422,66
422,66
422,66
422,66
423,66
423,66
423,66
423,66
423,66
423,66
424,66
424,66
424,66
424,66
424,66
424,66
424,66
424,66
424,66
424,66
424,66
424,66
425,66
425,66
425,66
425,66
425,66
425,66
425,66
425,66
425,66
425,66
425,66
425,66
425,66
426,67
426,67
426,67
426,67
426,67
426,67
427,67
427,67
427,67
427,67
427,67
427,67
427,67
427,67
427,67
427,67
427,67
427,67
427,67
428,67
428,67
428,67
428,67
428,67
428,67
429,67
429,67
429,67
429,67
429,67
429,67
429,67
429,66
429,66
429,66
429,66
429,66
429,66
430,67
430,67
430,67
430,67
430,67
430,67
431,67
431,67
431,67
431,67
431,67
431,67
431,67
431,67
431,67
431,67
431,67
431,67
431,67
432,66
432,66
432,66
432,66
432,66
432,66
432,67
432,67
432,67
432,67
432,67
432,67
433,67
433,67
433,67
433,67
433,67
433,67
433,67
434,67
434,67
434,67
434,67
434,67
434,67
434,66
434,66
434,66
434,66
434,66
434,66
435,67
435,67
435,67
435,67
435,67
435,67
435,67
436,67
436,67
436,67
436,67
436,67
436,67
436,66
436,66
436,66
436,66
436,66
436,66
437,66
437,66
437,66
437,66
437,66
437,66
437,67
437,67
437,67
437,67
437,67
437,67
437,67
438,66
438,66
438,66
438,66
438,66
438,66
439,67
439,67
439,67
439,67
439,67
439,67
439,66
439,66
439,66
439,66
439,66
439,66
439,66
440,67
440,67
440,67
440,67
440,67
440,67
441,66
441,66
441,66
441,66
441,66
441,66
441,67
441,67
441,67
441,67
441,67
441,67
442,66
442,66
442,66
442,66
442,66
442,66
442,66
443,67
443,67
443,67
443,67
443,67
443,67
443,67
443,67
443,67
443,67
443,67
443,67
444,66
444,66
444,66
444,66
444,66
444,66
444,66
444,66
444,66
444,66
444,66
444,66
444,66
445,67
445,67
445,67
445,67
445,67
445,67
446,67
446,67
446,67
446,67
446,67
446,67
446,67
446,67
446,67
446,67
446,67
446,67
446,67
447,67
447,67
447,67
447,67
447,67
447,67
448,66
448,66
448,66
448,66
448,66
448,66
448,67
448,67
448,67
448,67
448,67
448,67
448,67
449,67
449,67
449,67
449,67
449,67
449,67
449,66
449,66
449,66
449,66
449,66
449,66
450,66
450,66
450,66
450,66
450,66
450,66
450,66
451,67
451,67
451,67
451,67
451,67
451,67
451,67
451,67
451,67
451,67
451,67
451,67
452,67
452,67
452,67
452,67
452,67
452,67
452,67
453,67
453,67
453,67
453,67
453,67
453,67
453,66
453,66
453,66
453,66
453,66
453,66
454,66
454,66
454,66
454,66
454,66
454,66
455,67
455,67
455,67
455,67
455,67
455,67
455,67
455,67
455,67
455,67
455,67
455,67
455,67
456,67
456,67
456,67
456,67
456,67
456,67
456,67
456,67
456,67
456,67
456,67
456,67
456,67
457,66
457,66
457,66
457,66
457,66
457,66
458,67
458,67
458,67
458,67
458,67
458,67
458,67
458,67
458,67
458,67
458,67
458,67
459,67
459,67
459,67
459,67
459,67
459,67
459,67
460,67
460,67
460,67
460,67
460,67
460,67
460,66
460,66
460,66
460,66
460,66
460,66
461,66
461,66
461,66
461,66
461,66
461,66
461,66
461,66
461,66
461,66
461,66
461,66
461,66
462,67
462,67
462,67
462,67
462,67
462,67
463,67
463,67
463,67
463,67
463,67
463,67
463,67
463,67
463,67
463,67
463,67
463,67
463,67
464,67
464,67
464,67
464,67
464,67
464,67
465,66
465,66
465,66
465,66
465,66
465,66
465,66
465,66
465,66
465,66
465,66
465,66
465,66
466,66
466,66
466,66
466,66
466,66
466,66
467,67
467,67
467,67
467,67
467,67
467,67
467,67
467,67
467,67
467,67
467,67
467,67
467,67
468,67
468,67
468,67
468,67
468,67
468,67
468,67
468,67
468,67
468,67
468,67
468,67
469,66
469,66
469,66
469,66
469,66
469,66
469,66
470,66
470,66
470,66
470,66
470,66
470,66
470,67
470,67
470,67
470,67
470,67
470,67
471,67
471,67
471,67
471,67
471,67
471,67
472,67
472,67
472,67
472,67
472,67
472,67
472,67
472,67
472,67
472,67
472,67
472,67
472,67
473,67
473,67
473,67
473,67
473,67
473,67
473,67
473,67
473,67
473,67
473,67
473,67
473,67
474,66
474,66
474,66
474,66
474,66
474,66
475,67
475,67
475,67
475,67
475,67
475,67
475,67
475,67
475,67
475,67
475,67
475,67
475,67
476,67
476,67
476,67
476,67
476,67
476,67
477,66
477,66
477,66
477,66
477,66
477,66
477,66
477,66
477,66
477,66
477,66
477,66
478,66
478,66
478,66
478,66
478,66
478,66
478,66
478,67
478,67
478,67
478,67
478,67
478,67
479,66
479,66
479,66
479,66
479,66
479,66
480,67
480,67
480,67
480,67
480,67
480,67
480,67
480,66
480,66
480,66
480,66
480,66
480,66
481,67
481,67
481,67
481,67
481,67
481,67
482,66
482,66
482,66
482,66
482,66
482,66
482,66
482,66
482,66
482,66
482,66
482,66
482,66
483,67
483,67
483,67
483,67
483,67
483,67
484,67
484,67
484,67
484,67
484,67
484,67
484,66
484,66
484,66
484,66
484,66
484,66
484,66
485,67
485,67
485,67
485,67
485,67
485,67
485,66
485,66
485,66
485,66
485,66
485,66
486,67
486,67
486,67
486,67
486,67
486,67
486,67
487,66
487,66
487,66
487,66
487,66
487,66
487,66
487,66
487,66
487,66
487,66
487,66
488,67
488,67
488,67
488,67
488,67
488,67
489,67
489,67
489,67
489,67
489,67
489,67
489,67
489,67
489,67
489,67
489,67
489,67
489,67
490,67
490,67
490,67
490,67
490,67
490,67
490,67
490,67
490,67
490,67
490,67
490,67
490,67
491,67
491,67
491,67
491,67
491,67
491,67
492,67
492,67
492,67
492,67
492,67
492,67
492,67
492,67
492,67
492,67
492,67
492,67
493,67
493,67
493,67
493,67
493,67
493,67
493,67
494,67
494,67
494,67
494,67
494,67
494,67
494,66
494,66
494,66
494,66
494,66
494,66
495,67
495,67
495,67
495,67
495,67
495,67
495,67
496,67
496,67
496,67
496,67
496,67
496,67
496,67
496,67
496,67
496,67
496,67
496,67
497,66
497,66
497,66
497,66
497,66
497,66
497,66
497,66
497,66
497,66
497,66
497,66
497,66
498,67
498,67
498,67
498,67
498,67
498,67
499,67
499,67
499,67
499,67
499,67
499,67
499,67
499,67
499,67
499,67
499,67
499,67
499,67
500,67
500,67
500,67
500,67
500,67
500,67
501,66
501,66
501,66
501,66
501,66
501,66
501,67
501,67
501,67
501,67
501,67
501,67
501,67
502,67
502,67
502,67
502,67
502,67
502,67
502,66
502,66
502,66
502,66
502,66
502,66
503,66
503,66
503,66
503,66
503,66
503,66
504,66
504,66
504,66
504,66
504,66
504,66
504,66
504,67
504,67
504,67
504,67
504,67
504,67
505,66
505,66
505,66
505,66
505,66
505,66
506,67
506,67
506,67
506,67
506,67
506,67
506,67
506,66
506,66
506,66
506,66
506,66
506,66
507,67
507,67
507,67
507,67
507,67
507,67
508,66
508,66
508,66
508,66
508,66
508,66
508,66
508,67
508,67
508,67
508,67
508,67
508,67
509,67
509,67
509,67
509,67
509,67
509,67
509,67
509,67
509,67
509,67
509,67
509,67
510,67
510,67
510,67
510,67
510,67
510,67
510,67
511,66
511,66
511,66
511,66
511,66
511,66
511,67
511,67
511,67
511,67
511,67
511,67
512,67
512,67
512,67
512,67
512,67
512,67
512,67
513,67
513,67
513,67
513,67
513,67
513,67
513,66
513,66
513,66
513,66
513,66
513,66
514,67
514,67
514,67
514,67
514,67
514,67
514,66
514,66
514,66
514,66
514,66
514,66
514,66
515,67
515,67
515,67
515,67
515,67
515,67
516,67
516,67
516,67
516,67
516,67
516,67
516,66
516,66
516,66
516,66
516,66
516,66
516,66
517,66
517,66
517,66
517,66
517,66
517,66
518,67
518,67
518,67
518,67
518,67
518,67
518,67
518,67
518,67
518,67
518,67
518,67
518,67
519,67
519,67
519,67
519,67
519,67
519,67
520,67
520,67
520,67
520,67
520,67
520,67
520,67
520,67
520,67
520,67
520,67
520,67
521,67
521,67
521,67
521,67
521,67
521,67
521,67
521,66
521,66
521,66
521,66
521,66
521,66
522,66
522,66
522,66
522,66
522,66
522,66
523,66
523,66
523,66
523,66
523,66
523,66
523,66
523,67
523,67
523,67
523,67
523,67
523,67
524,66
524,66
524,66
524,66
524,66
524,66
525,67
525,67
525,67
525,67
525,67
525,67
525,67
525,66
525,66
525,66
525,66
525,66
525,66
526,67
526,67
526,67
526,67
526,67
526,67
526,66
526,66
526,66
526,66
526,66
526,66
527,67
527,67
527,67
527,67
527,67
527,67
527,67
528,67
528,67
528,67
528,67
528,67
528,67
528,67
528,67
528,67
528,67
528,67
528,67
529,66
529,66
529,66
529,66
529,66
529,66
529,66
530,66
530,66
530,66
530,66
530,66
530,66
530,66
530,66
530,66
530,66
530,66
530,66
531,67
531,67
531,67
531,67
531,67
531,67
531,67
531,67
531,67
531,67
531,67
531,67
531,67
532,67
532,67
532,67
532,67
532,67
532,67
533,67
533,67
533,67
533,67
533,67
533,67
533,67
533,67
533,67
533,67
533,67
533,67
533,67
534,67
534,67
534,67
534,67
534,67
534,67
535,67
535,67
535,67
535,67
535,67
535,67
535,67
535,67
535,67
535,67
535,67
535,67
535,67
536,66
536,66
536,66
536,66
536,66
536,66
537,67
537,67
537,67
537,67
537,67
537,67
537,67
537,67
537,67
537,67
537,67
537,67
538,67
538,67
538,67
538,67
538,67
538,67
538,67
538,66
538,66
538,66
538,66
538,66
538,66
539,67
539,67
539,67
539,67
539,67
539,67
540,66
540,66
540,66
540,66
540,66
540,66
540,66
540,67
540,67
540,67
540,67
540,67
540,67
541,67
541,67
541,67
541,67
541,67
541,67
542,67
542,67
542,67
542,67
542,67
542,67
542,67
542,66
542,66
542,66
542,66
542,66
542,66
543,67
543,67
543,67
543,67
543,67
543,67
543,67
543,67
543,67
543,67
543,67
543,67
544,66
544,66
544,66
544,66
544,66
544,66
544,66
545,66
545,66
545,66
545,66
545,66
545,66
545,67
545,67
545,67
545,67
545,67
545,67
546,67
546,67
546,67
546,67
546,67
546,67
546,67
547,67
547,67
547,67
547,67
547,67
547,67
547,67
547,67
547,67
547,67
547,67
547,67
548,67
548,67
548,67
548,67
548,67
548,67
549,67
549,67
549,67
549,67
549,67
549,67
549,67
549,66
549,66
549,66
549,66
549,66
549,66
550,67
550,67
550,67
550,67
550,67
550,67
550,67
550,67
550,67
550,67
550,67
550,67
550,67
551,66
551,66
551,66
551,66
551,66
551,66
552,66
552,66
552,66
552,66
552,66
552,66
552,67
552,67
552,67
552,67
552,67
552,67
552,67
553,66
553,66
553,66
553,66
553,66
553,66
554,66
554,66
554,66
554,66
554,66
554,66
554,67
554,67
554,67
554,67
554,67
554,67
555,66
555,66
555,66
555,66
555,66
555,66
555,66
555,67
555,67
555,67
555,67
555,67
555,67
556,67
556,67
556,67
556,67
556,67
556,67
557,67
557,67
557,67
557,67
557,67
557,67
557,67
557,66
557,66
557,66
557,66
557,66
557,66
558,67
558,67
558,67
558,67
558,67
558,67
559,66
559,66
559,66
559,66
559,66
559,66
559,67
559,67
559,67
559,67
559,67
559,67
559,67
560,66
560,66
560,66
560,66
560,66
560,66
561,66
561,66
561,66
561,66
561,66
561,66
561,66
561,66
561,66
561,66
561,66
561,66
561,66
562,67
562,67
562,67
562,67
562,67
562,67
562,67
562,67
562,67
562,67
562,67
562,67
563,67
563,67
563,67
563,67
563,67
563,67
563,67
564,67
564,67
564,67
564,67
564,67
564,67
564,66
564,66
564,66
564,66
564,66
564,66
565,67
565,67
565,67
565,67
565,67
565,67
566,66
566,66
566,66
566,66
566,66
566,66
566,66
566,66
566,66
566,66
566,66
566,66
566,66
567,67
567,67
567,67
567,67
567,67
567,67
567,66
567,66
567,66
567,66
567,66
567,66
567,66
568,67
568,67
568,67
568,67
568,67
568,67
569,67
569,67
569,67
569,67
569,67
569,67
569,66
569,66
569,66
569,66
569,66
569,66
570,67
570,67
570,67
570,67
570,67
570,67
570,67
571,66
571,66
571,66
571,66
571,66
571,66
571,67
571,67
571,67
571,67
571,67
571,67
572,67
572,67
572,67
572,67
572,67
572,67
572,67
573,66
573,66
573,66
573,66
573,66
573,66
573,66
573,66
573,66
573,66
573,66
573,66
574,67
574,67
574,67
574,67
574,67
574,67
574,67
574,67
574,67
574,67
574,67
574,67
574,67
575,67
575,67
575,67
575,67
575,67
575,67
576,67
576,67
576,67
576,67
576,67
576,67
576,66
576,66
576,66
576,66
576,66
576,66
576,66
577,67
577,67
577,67
577,67
577,67
577,67
578,66
578,66
578,66
578,66
578,66
578,66
578,67
578,67
578,67
578,67
578,67
578,67
578,67
579,66
579,66
579,66
579,66
579,66
579,66
579,66
579,66
579,66
579,66
579,66
579,66
580,67
580,67
580,67
580,67
580,67
580,67
580,67
581,67
581,67
581,67
581,67
581,67
581,67
581,67
581,67
581,67
581,67
581,67
581,67
582,67
582,67
582,67
582,67
582,67
582,67
583,67
583,67
583,67
583,67
583,67
583,67
583,67
583,67
583,67
583,67
583,67
583,67
583,67
584,67
584,67
584,67
584,67
584,67
584,67
584,66
584,66
584,66
584,66
584,66
584,66
584,66
585,66
585,66
585,66
585,66
585,66
585,66
586,67
586,67
586,67
586,67
586,67
586,67
586,67
586,67
586,67
586,67
586,67
586,67
586,67
587,67
587,67
587,67
587,67
587,67
587,67
588,66
588,66
588,66
588,66
588,66
588,66
588,66
588,66
588,66
588,66
588,66
588,66
589,67
589,67
589,67
589,67
589,67
589,67
589,67
590,67
590,67
590,67
590,67
590,67
590,67
590,67
590,67
590,67
590,67
590,67
590,67
591,66
591,66
591,66
591,66
591,66
591,66
591,66
591,67
591,67
591,67
591,67
591,67
591,67
592,66
592,66
592,66
592,66
592,66
592,66
593,67
593,67
593,67
593,67
593,67
593,67
593,66
593,66
593,66
593,66
593,66
593,66
593,66
594,67
594,67
594,67
594,67
594,67
594,67
595,67
595,67
595,67
595,67
595,67
595,67
595,66
595,66
595,66
595,66
595,66
595,66
595,66
596,67
596,67
596,67
596,67
596,67
596,67
596,67
596,67
596,67
596,67
596,67
596,67
597,66
597,66
597,66
597,66
597,66
597,66
597,66
598,66
598,66
598,66
598,66
598,66
598,66
598,67
598,67
598,67
598,67
598,67
598,67
599,67
599,67
599,67
599,67
599,67
599,67
600,66
600,66
600,66
600,66
600,66
600,66
600,66
600,66
600,66
600,66
600,66
600,66
600,66
601,67
601,67
601,67
601,67
601,67
601,67
602,67
602,67
602,67
602,67
602,67
602,67
602,67
602,67
602,67
602,67
602,67
602,67
602,67
603,67
603,67
603,67
603,67
603,67
603,67
603,67
603,67
603,67
603,67
603,67
603,67
603,67
604,67
604,67
604,67
604,67
604,67
604,67
605,66
605,66
605,66
605,66
605,66
605,66
605,67
605,67
605,67
605,67
605,67
605,67
606,67
606,67
606,67
606,67
606,67
606,67
606,67
607,66
607,66
607,66
607,66
607,66
607,66
607,67
607,67
607,67
607,67
607,67
607,67
608,67
608,67
608,67
608,67
608,67
608,67
608,67
608,67
608,67
608,67
608,67
608,67
608,67
609,67
609,67
609,67
609,67
609,67
609,67
610,67
610,67
610,67
610,67
610,67
610,67
610,66
610,66
610,66
610,66
610,66
610,66
610,66
611,67
611,67
611,67
611,67
611,67
611,67
612,66
612,66
612,66
612,66
612,66
612,66
612,66
612,66
612,66
612,66
612,66
612,66
612,66
613,66
613,66
613,66
613,66
613,66
613,66
614,66
614,66
614,66
614,66
614,66
614,66
614,67
614,67
614,67
614,67
614,67
614,67
614,67
615,67
615,67
615,67
615,67
615,67
615,67
615,66
615,66
615,66
615,66
615,66
615,66
616,67
616,67
616,67
616,67
616,67
616,67
617,66
617,66
617,66
617,66
617,66
617,66
617,66
617,67
617,67
617,67
617,67
617,67
617,67
618,66
618,66
618,66
618,66
618,66
618,66
619,67
619,67
619,67
619,67
619,67
619,67
619,67
619,66
619,66
619,66
619,66
619,66
619,66
620,67
620,67
620,67
620,67
620,67
620,67
620,66
620,66
620,66
620,66
620,66
620,66
621,67
621,67
621,67
621,67
621,67
621,67
621,67
622,67
622,67
622,67
622,67
622,67
622,67
622,66
622,66
622,66
622,66
622,66
622,66
623,66
623,66
623,66
623,66
623,66
623,66
623,66
624,66
624,66
624,66
624,66
624,66
624,66
624,66
624,66
624,66
624,66
624,66
624,66
625,66
625,66
625,66
625,66
625,66
625,66
625,66
626,66
626,66
626,66
626,66
626,66
626,66
626,67
626,67
626,67
626,67
626,67
626,67
627,66
627,66
627,66
627,66
627,66
627,66
627,67
627,67
627,67
627,67
627,67
627,67
627,67
628,66
628,66
628,66
628,66
628,66
628,66
629,66
629,66
629,66
629,66
629,66
629,66
629,66
629,66
629,66
629,66
629,66
629,66
629,66
630,66
630,66
630,66
630,66
630,66
630,66
631,66
631,66
631,66
631,66
631,66
631,66
631,66
631,66
631,66
631,66
631,66
631,66
631,66
632,67
632,67
632,67
632,67
632,67
632,67
632,66
632,66
632,66
632,66
632,66
632,66
633,67
633,67
633,67
633,67
633,67
633,67
634,67
634,67
634,67
634,67
634,67
634,67
634,67
634,67
634,67
634,67
634,67
634,67
634,67
635,66
635,66
635,66
635,66
635,66
635,66
636,66
636,66
636,66
636,66
636,66
636,66
636,66
636,67
636,67
636,67
636,67
636,67
636,67
637,67
637,67
637,67
637,67
637,67
637,67
637,67
637,67
637,67
637,67
637,67
637,67
638,67
638,67
638,67
638,67
638,67
638,67
638,67
639,66
639,66
639,66
639,66
639,66
639,66
639,66
639,66
639,66
639,66
639,66
639,66
640,67
640,67
640,67
640,67
640,67
640,67
640,67
641,66
641,66
641,66
641,66
641,66
641,66
641,66
641,66
641,66
641,66
641,66
641,66
642,67
642,67
642,67
642,67
642,67
642,67
642,67
643,67
643,67
643,67
643,67
643,67
643,67
643,66
643,66
643,66
643,66
643,66
643,66
644,67
644,67
644,67
644,67
644,67
644,67
644,66
644,66
644,66
644,66
644,66
644,66
644,66
645,67
645,67
645,67
645,67
645,67
645,67
646,67
646,67
646,67
646,67
646,67
646,67
646,67
646,67
646,67
646,67
646,67
646,67
646,67
647,67
647,67
647,67
647,67
647,67
647,67
648,67
648,67
648,67
648,67
648,67
648,67
648,67
648,67
648,67
648,67
648,67
648,67
648,67
649,67
649,67
649,67
649,67
649,67
649,67
649,67
649,67
649,67
649,67
649,67
649,67
650,66
650,66
650,66
650,66
650,66
650,66
651,66
651,66
651,66
651,66
651,66
651,66
651,66
651,66
651,66
651,66
651,66
651,66
651,66
652,67
652,67
652,67
652,67
652,67
652,67
653,66
653,66
653,66
653,66
653,66
653,66
653,66
653,67
653,67
653,67
653,67
653,67
653,67
654,67
654,67
654,67
654,67
654,67
654,67
655,66
655,66
655,66
655,66
655,66
655,66
655,66
655,66
655,66
655,66
655,66
655,66
655,66
656,66
656,66
656,66
656,66
656,66
656,66
656,67
656,67
656,67
656,67
656,67
656,67
657,66
657,66
657,66
657,66
657,66
657,66
657,66
658,66
658,66
658,66
658,66
658,66
658,66
658,66
658,66
658,66
658,66
658,66
658,66
659,67
659,67
659,67
659,67
659,67
659,67
659,67
660,67
660,67
660,67
660,67
660,67
660,67
660,67
660,67
660,67
660,67
660,67
660,67
661,67
661,67
661,67
661,67
661,67
661,67
661,67
661,67
661,67
661,67
661,67
661,67
661,67
662,67
662,67
662,67
662,67
662,67
662,67
663,66
663,66
663,66
663,66
663,66
663,66
663,67
663,67
663,67
663,67
663,67
663,67
663,67
664,66
664,66
664,66
664,66
664,66
664,66
665,67
665,67
665,67
665,67
665,67
665,67
665,67
665,67
665,67
665,67
665,67
665,67
665,67
666,67
666,67
666,67
666,67
666,67
666,67
667,67
667,67
667,67
667,67
667,67
667,67
667,67
667,67
667,67
667,67
667,67
667,67
668,66
668,66
668,66
668,66
668,66
668,66
668,66
668,67
668,67
668,67
668,67
668,67
668,67
669,67
669,67
669,67
669,67
669,67
669,67
670,67
670,67
670,67
670,67
670,67
670,67
670,67
670,67
670,67
670,67
670,67
670,67
670,67
671,66
671,66
671,66
671,66
671,66
671,66
672,66
672,66
672,66
672,66
672,66
672,66
672,67
672,67
672,67
672,67
672,67
672,67
672,67
673,67
673,67
673,67
673,67
673,67
673,67
673,67
673,67
673,67
673,67
673,67
673,67
674,66
674,66
674,66
674,66
674,66
674,66
674,66
675,66
675,66
675,66
675,66
675,66
675,66
675,66
675,66
675,66
675,66
675,66
675,66
676,67
676,67
676,67
676,67
676,67
676,67
676,67
677,66
677,66
677,66
677,66
677,66
677,66
677,67
677,67
677,67
677,67
677,67
677,67
678,67
678,67
678,67
678,67
678,67
678,67
679,67
679,67
679,67
679,67
679,67
679,67
679,67
679,67
679,67
679,67
679,67
679,67
679,67
680,66
680,66
680,66
680,66
680,66
680,66
680,66
680,66
680,66
680,66
680,66
680,66
680,66
681,66
681,66
681,66
681,66
681,66
681,66
682,67
682,67
682,67
682,67
682,67
682,67
682,67
682,67
682,67
682,67
682,67
682,67
682,67
683,67
683,67
683,67
683,67
683,67
683,67
684,66
684,66
684,66
684,66
684,66
684,66
684,66
684,66
684,66
684,66
684,66
684,66
685,66
685,66
685,66
685,66
685,66
685,66
685,66
685,65
685,65
685,65
685,65
685,65
685,65
686,65
686,65
686,65
686,65
686,65
686,65
687,65
687,65
687,65
687,65
687,65
687,65
687,65
687,64
687,64
687,64
687,64
687,64
687,64
688,64
688,64
688,64
688,64
688,64
688,64
689,63
689,63
689,63
689,63
689,63
689,63
689,63
689,62
689,62
689,62
689,62
689,62
689,62
690,61
690,61
690,61
690,61
690,61
690,61
691,61
691,61
691,61
691,61
691,61
691,61
691,60
691,60
691,60
691,60
691,60
691,60
691,60
692,59
692,59
692,59
692,59
692,59
692,59
692,58
692,58
692,58
692,58
692,58
692,58
693,57
693,57
693,57
693,57
693,57
693,57
693,57
694,56
694,56
694,56
694,56
694,56
694,56
694,55
694,55
694,55
694,55
694,55
694,55
695,54
695,54
695,54
695,54
695,54
695,54
696,53
696,53
696,53
696,53
696,53
696,53
696,53
696,51
696,51
696,51
696,51
696,51
696,51
697,50
697,50
697,50
697,50
697,50
697,50
697,50
697,50
697,50
697,50
697,50
697,50
697,50
697,50
697,50
697,50
697,50
697,50
697,50
697,50
697,50
697,50
697,50
697,50
697,50
697,50
697,50
697,50
697,50
697,50
697,50
697,50
697,50
697,50
697,50
697,50
697,50
697,50
697,50
697,50
697,50
697,50
697,50
697,50
697,50
697,50
697,50
697,50
697,50
697,50
697,50
697,50
697,50
697,50
697,50
697,50
697,50
697,50
697,50
697,50
697,50
697,50
697,50
697,50
697,50
697,50
697,50
697,50
697,50
697,50
697,50
697,50
697,50
697,50
697,50
697,50
697,50
697,50
697,50
697,50
697,50
697,50
697,50
697,50
697,50
697,50
697,50
697,50
697,50
697,50
697,50
697,50
697,50
697,50
697,50
697,50
697,50
697,50
697,50
697,50
697,50
697,50
697,50
697,50
697,50
697,50
697,50
697,50
697,50
697,50
697,50
697,50
697,50
697,50
697,50
697,50
697,50
697,50
697,50
697,50
697,50
697,50
697,50
697,50
697,50
697,50
697,50
697,50
697,50
697,50
697,50
697,50
697,50
697,50
697,50
697,50
697,50
697,50
697,50
697,50
697,50
697,50
697,50
697,50
697,50
697,50
697,50
697,50
697,50
697,50
697,50
697,50
697,50
697,50
697,50
697,50
697,50
697,50
697,50
697,50
697,50
697,50
697,50
697,50
697,50
697,50
697,50
697,50
697,50
697,50
697,50
697,50
697,50
697,50
697,50
697,50
697,50
697,50
697,50
697,50
697,50
697,50
697,50
697,50
697,50
697,50
697,50
697,50
697,50
697,50
697,50
697,50
697,50
697,50
697,50
697,50
697,50
697,50
697,50
697,50
697,50
697,50
697,50
697,50
697,50
697,50
697,50
697,50
697,50
697,50
697,50
697,50
697,50
697,50
697,50
697,50
697,50
697,50
697,50
697,50
697,50
697,50
697,50
697,50
697,50
697,50
697,50
697,50
697,50
697,50
697,50
697,50
697,50
697,50
697,50
697,50
697,50
697,50
697,50
697,50
697,50
697,50
697,50
697,50
697,50
697,50
697,50
697,50
697,50
697,50
697,50
697,50
697,50
697,50
697,50
697,50
697,50
697,50
697,50
697,50
697,50
697,50
697,50
697,50
697,50
697,50
697,50
697,50
697,50
697,50
697,50
697,50
697,50
697,50
697,50
697,50
697,50
697,50
697,50
697,50
697,50
697,50
697,50
697,50
697,50
697,50
697,50
697,50
697,50
697,50
697,50
697,50
697,50
697,50
697,50
697,50
697,50
697,50
697,50
697,50
697,50
697,50
697,50
697,50
697,50
697,50
697,50
697,50
697,50
697,50
697,50
697,50
697,50
697,50
697,50
697,50
697,50
697,50
697,50
697,50
697,50
697,50
697,50
697,50
697,50
697,50
697,50
697,50
697,50
697,50
697,50
697,50
697,50
697,50
697,50
697,50
697,50
697,50
697,50
697,50
697,50
697,50
697,50
697,50
697,50
697,50
697,50
697,50
697,50
697,50
697,50
697,50
697,50
697,50
697,50
697,50
697,50
697,50
697,50
697,50
697,50
697,50
697,50
697,50
697,50
697,50
697,50
