0,0
0,80
0,80
0,80
0,80
0,80
0,80
0,80
0,80
0,80
0,80
0,80
0,80
0,80
1,79
1,79
1,79
1,79
1,79
1,79
1,79
1,79
1,79
1,79
1,79
1,79
1,79
2,80
2,80
2,80
2,80
2,80
2,80
3,80
3,80
3,80
3,80
3,80
3,80
3,80
3,80
3,80
3,80
3,80
3,80
4,80
4,80
4,80
4,80
4,80
4,80
4,80
5,80
5,80
5,80
5,80
5,80
5,80
5,79
5,79
5,79
5,79
5,79
5,79
6,80
6,80
6,80
6,80
6,80
6,80
6,80
7,80
7,80
7,80
7,80
7,80
7,80
7,80
7,80
7,80
7,80
7,80
7,80
8,80
8,80
8,80
8,80
8,80
8,80
8,80
8,80
8,80
8,80
8,80
8,80
8,80
9,79
9,79
9,79
9,79
9,79
9,79
10,80
10,80
10,80
10,80
10,80
10,80
10,79
10,79
10,79
10,79
10,79
10,79
10,79
11,80
11,80
11,80
11,80
11,80
11,80
12,80
12,80
12,80
12,80
12,80
12,80
12,80
12,80
12,80
12,80
12,80
12,80
12,80
13,80
13,80
13,80
13,80
13,80
13,80
13,80
13,80
13,80
13,80
13,80
13,80
14,80
14,80
14,80
14,80
14,80
14,80
15,80
15,80
15,80
15,80
15,80
15,80
15,80
15,80
15,80
15,80
15,80
15,80
15,80
16,80
16,80
16,80
16,80
16,80
16,80
17,80
17,80
17,80
17,80
17,80
17,80
17,80
17,80
17,80
17,80
17,80
17,80
17,80
18,80
18,80
18,80
18,80
18,80
18,80
19,80
19,80
19,80
19,80
19,80
19,80
19,80
19,80
19,80
19,80
19,80
19,80
19,80
20,80
20,80
20,80
20,80
20,80
20,80
20,80
20,80
20,80
20,80
20,80
20,80
21,80
21,80
21,80
21,80
21,80
21,80
21,80
22,79
22,79
22,79
22,79
22,79
22,79
22,80
22,80
22,80
22,80
22,80
22,80
23,80
23,80
23,80
23,80
23,80
23,80
23,80
24,80
24,80
24,80
24,80
24,80
24,80
24,80
24,80
24,80
24,80
24,80
24,80
25,80
25,80
25,80
25,80
25,80
25,80
25,80
25,80
25,80
25,80
25,80
25,80
25,80
26,80
26,80
26,80
26,80
26,80
26,80
27,80
27,80
27,80
27,80
27,80
27,80
27,80
27,80
27,80
27,80
27,80
27,80
27,80
28,79
28,79
28,79
28,79
28,79
28,79
29,80
29,80
29,80
29,80
29,80
29,80
29,80
29,80
29,80
29,80
29,80
29,80
29,80
30,80
30,80
30,80
30,80
30,80
30,80
31,80
31,80
31,80
31,80
31,80
31,80
31,80
31,80
31,80
31,80
31,80
31,80
32,80
32,80
32,80
32,80
32,80
32,80
32,80
32,80
32,80
32,80
32,80
32,80
32,80
33,80
33,80
33,80
33,80
33,80
33,80
34,80
34,80
34,80
34,80
34,80
34,80
34,80
34,80
34,80
34,80
34,80
34,80
34,80
35,80
35,80
35,80
35,80
35,80
35,80
36,80
36,80
36,80
36,80
36,80
36,80
36,80
36,80
36,80
36,80
36,80
36,80
36,80
37,80
37,80
37,80
37,80
37,80
37,80
37,80
37,80
37,80
37,80
37,80
37,80
38,80
38,80
38,80
38,80
38,80
38,80
38,80
39,80
39,80
39,80
39,80
39,80
39,80
39,80
39,80
39,80
39,80
39,80
39,80
40,80
40,80
40,80
40,80
40,80
40,80
40,80
41,80
41,80
41,80
41,80
41,80
41,80
41,80
41,80
41,80
41,80
41,80
41,80
42,80
42,80
42,80
42,80
42,80
42,80
42,80
42,80
42,80
42,80
42,80
42,80
42,80
43,80
43,80
43,80
43,80
43,80
43,80
44,80
44,80
44,80
44,80
44,80
44,80
44,80
44,80
44,80
44,80
44,80
44,80
44,80
45,80
45,80
45,80
45,80
45,80
45,80
46,79
46,79
46,79
46,79
46,79
46,79
46,80
46,80
46,80
46,80
46,80
46,80
46,80
47,80
47,80
47,80
47,80
47,80
47,80
48,79
48,79
48,79
48,79
48,79
48,79
48,80
48,80
48,80
48,80
48,80
48,80
49,80
49,80
49,80
49,80
49,80
49,80
49,80
49,80
49,80
49,80
49,80
49,80
49,80
50,80
50,80
50,80
50,80
50,80
50,80
51,80
51,80
51,80
51,80
51,80
51,80
51,80
51,80
51,80
51,80
51,80
51,80
51,80
52,80
52,80
52,80
52,80
52,80
52,80
53,80
53,80
53,80
53,80
53,80
53,80
53,80
53,80
53,80
53,80
53,80
53,80
53,80
54,80
54,80
54,80
54,80
54,80
54,80
54,80
54,80
54,80
54,80
54,80
54,80
55,80
55,80
55,80
55,80
55,80
55,80
55,80
56,80
56,80
56,80
56,80
56,80
56,80
56,80
56,80
56,80
56,80
56,80
56,80
57,80
57,80
57,80
57,80
57,80
57,80
57,80
58,80
58,80
58,80
58,80
58,80
58,80
58,80
58,80
58,80
58,80
58,80
58,80
59,80
59,80
59,80
59,80
59,80
59,80
60,80
60,80
60,80
60,80
60,80
60,80
60,80
60,80
60,80
60,80
60,80
60,80
60,80
61,80
61,80
61,80
61,80
61,80
61,80
61,80
61,80
61,80
61,80
61,80
61,80
61,80
62,81
62,81
62,81
62,81
62,81
62,81
63,80
63,80
63,80
63,80
63,80
63,80
63,80
63,80
63,80
63,80
63,80
63,80
63,80
64,80
64,80
64,80
64,80
64,80
64,80
65,80
65,80
65,80
65,80
65,80
65,80
65,80
65,80
65,80
65,80
65,80
65,80
66,80
66,80
66,80
66,80
66,80
66,80
66,80
66,80
66,80
66,80
66,80
66,80
66,80
67,80
67,80
67,80
67,80
67,80
67,80
68,80
68,80
68,80
68,80
68,80
68,80
68,80
68,80
68,80
68,80
68,80
68,80
68,80
69,80
69,80
69,80
69,80
69,80
69,80
70,80
70,80
70,80
70,80
70,80
70,80
70,80
70,79
70,79
70,79
70,79
70,79
70,79
71,80
71,80
71,80
71,80
71,80
71,80
72,80
72,80
72,80
72,80
72,80
72,80
72,80
72,80
72,80
72,80
72,80
72,80
72,80
73,80
73,80
73,80
73,80
73,80
73,80
73,80
73,80
73,80
73,80
73,80
73,80
74,80
74,80
74,80
74,80
74,80
74,80
74,80
75,80
75,80
75,80
75,80
75,80
75,80
75,80
75,80
75,80
75,80
75,80
75,80
76,80
76,80
76,80
76,80
76,80
76,80
77,80
77,80
77,80
77,80
77,80
77,80
77,80
77,80
77,80
77,80
77,80
77,80
77,80
78,80
78,80
78,80
78,80
78,80
78,80
78,80
78,80
78,80
78,80
78,80
78,80
78,80
79,79
79,79
79,79
79,79
79,79
79,79
80,80
80,80
80,80
80,80
80,80
80,80
80,80
80,80
80,80
80,80
80,80
80,80
80,80
81,80
81,80
81,80
81,80
81,80
81,80
82,80
82,80
82,80
82,80
82,80
82,80
82,80
82,80
82,80
82,80
82,80
82,80
83,80
83,80
83,80
83,80
83,80
83,80
83,80
84,80
84,80
84,80
84,80
84,80
84,80
84,80
84,80
84,80
84,80
84,80
84,80
85,80
85,80
85,80
85,80
85,80
85,80
85,80
85,80
85,80
85,80
85,80
85,80
85,80
86,80
86,80
86,80
86,80
86,80
86,80
87,80
87,80
87,80
87,80
87,80
87,80
87,80
87,80
87,80
87,80
87,80
87,80
87,80
88,80
88,80
88,80
88,80
88,80
88,80
89,80
89,80
89,80
89,80
89,80
89,80
89,80
89,80
89,80
89,80
89,80
89,80
89,80
90,80
90,80
90,80
90,80
90,80
90,80
90,80
90,80
90,80
90,80
90,80
90,80
91,80
91,80
91,80
91,80
91,80
91,80
91,80
92,81
92,81
92,81
92,81
92,81
92,81
92,80
92,80
92,80
92,80
92,80
92,80
93,80
93,80
93,80
93,80
93,80
93,80
94,80
94,80
94,80
94,80
94,80
94,80
94,80
94,80
94,80
94,80
94,80
94,80
94,80
95,80
95,80
95,80
95,80
95,80
95,80
95,80
95,80
95,80
95,80
95,80
95,80
95,80
96,80
96,80
96,80
96,80
96,80
96,80
97,80
97,80
97,80
97,80
97,80
97,80
97,80
97,80
97,80
97,80
97,80
97,80
97,80
98,80
98,80
98,80
98,80
98,80
98,80
99,80
99,80
99,80
99,80
99,80
99,80
99,80
99,80
99,80
99,80
99,80
99,80
100,80
100,80
100,80
100,80
100,80
100,80
100,80
101,80
101,80
101,80
101,80
101,80
101,80
101,81
101,81
101,81
101,81
101,81
101,81
102,80
102,80
102,80
102,80
102,80
102,80
102,80
102,80
102,80
102,80
102,80
102,80
102,80
103,80
103,80
103,80
103,80
103,80
103,80
104,80
104,80
104,80
104,80
104,80
104,80
104,80
104,80
104,80
104,80
104,80
104,80
104,80
105,79
105,79
105,79
105,79
105,79
105,79
106,80
106,80
106,80
106,80
106,80
106,80
106,80
106,80
106,80
106,80
106,80
106,80
106,80
107,80
107,80
107,80
107,80
107,80
107,80
107,80
107,80
107,80
107,80
107,80
107,80
108,80
108,80
108,80
108,80
108,80
108,80
108,80
109,80
109,80
109,80
109,80
109,80
109,80
109,80
109,80
109,80
109,80
109,80
109,80
110,80
110,80
110,80
110,80
110,80
110,80
111,80
111,80
111,80
111,80
111,80
111,80
111,80
111,80
111,80
111,80
111,80
111,80
111,80
112,80
112,80
112,80
112,80
112,80
112,80
113,80
113,80
113,80
113,80
113,80
113,80
113,80
113,80
113,80
113,80
113,80
113,80
113,80
114,80
114,80
114,80
114,80
114,80
114,80
114,80
114,80
114,80
114,80
114,80
114,80
114,80
115,80
115,80
115,80
115,80
115,80
115,80
116,80
116,80
116,80
116,80
116,80
116,80
116,80
116,80
116,80
116,80
116,80
116,80
117,80
117,80
117,80
117,80
117,80
117,80
117,80
118,80
118,80
118,80
118,80
118,80
118,80
118,80
118,80
118,80
118,80
118,80
118,80
119,80
119,80
119,80
119,80
119,80
119,80
119,80
119,80
119,80
119,80
119,80
119,80
119,80
120,80
120,80
120,80
120,80
120,80
120,80
121,80
121,80
121,80
121,80
121,80
121,80
121,80
121,80
121,80
121,80
121,80
121,80
121,80
122,79
122,79
122,79
122,79
122,79
122,79
123,80
123,80
123,80
123,80
123,80
123,80
123,80
123,80
123,80
123,80
123,80
123,80
123,80
124,80
124,80
124,80
124,80
124,80
124,80
125,80
125,80
125,80
125,80
125,80
125,80
125,80
125,80
125,80
125,80
125,80
125,80
125,80
126,80
126,80
126,80
126,80
126,80
126,80
126,80
126,80
126,80
126,80
126,80
126,80
127,80
127,80
127,80
127,80
127,80
127,80
128,80
128,80
128,80
128,80
128,80
128,80
128,80
128,80
128,80
128,80
128,80
128,80
128,80
129,80
129,80
129,80
129,80
129,80
129,80
130,80
130,80
130,80
130,80
130,80
130,80
130,80
130,80
130,80
130,80
130,80
130,80
130,80
131,80
131,80
131,80
131,80
131,80
131,80
131,80
131,80
131,80
131,80
131,80
131,80
131,80
132,80
132,80
132,80
132,80
132,80
132,80
133,80
133,80
133,80
133,80
133,80
133,80
133,80
133,80
133,80
133,80
133,80
133,80
134,80
134,80
134,80
134,80
134,80
134,80
134,80
135,80
135,80
135,80
135,80
135,80
135,80
135,80
135,80
135,80
135,80
135,80
135,80
136,80
136,80
136,80
136,80
136,80
136,80
136,80
137,80
137,80
137,80
137,80
137,80
137,80
137,80
137,80
137,80
137,80
137,80
137,80
138,80
138,80
138,80
138,80
138,80
138,80
138,80
138,80
138,80
138,80
138,80
138,80
138,80
139,80
139,80
139,80
139,80
139,80
139,80
140,80
140,80
140,80
140,80
140,80
140,80
140,80
140,80
140,80
140,80
140,80
140,80
140,80
141,80
141,80
141,80
141,80
141,80
141,80
142,80
142,80
142,80
142,80
142,80
142,80
142,80
142,80
142,80
142,80
142,80
142,80
142,80
143,80
143,80
143,80
143,80
143,80
143,80
143,80
143,80
143,80
143,80
143,80
143,80
144,79
144,79
144,79
144,79
144,79
144,79
145,80
145,80
145,80
145,80
145,80
145,80
145,80
145,80
145,80
145,80
145,80
145,80
145,80
146,80
146,80
146,80
146,80
146,80
146,80
147,80
147,80
147,80
147,80
147,80
147,80
147,80
147,80
147,80
147,80
147,80
147,80
147,80
148,80
148,80
148,80
148,80
148,80
148,80
149,80
149,80
149,80
149,80
149,80
149,80
149,80
149,80
149,80
149,80
149,80
149,80
149,80
150,80
150,80
150,80
150,80
150,80
150,80
150,80
150,80
150,80
150,80
150,80
150,80
151,80
151,80
151,80
151,80
151,80
151,80
151,80
152,80
152,80
152,80
152,80
152,80
152,80
152,80
152,80
152,80
152,80
152,80
152,80
153,80
153,80
153,80
153,80
153,80
153,80
153,80
154,80
154,80
154,80
154,80
154,80
154,80
154,80
154,80
154,80
154,80
154,80
154,80
155,80
155,80
155,80
155,80
155,80
155,80
155,80
155,80
155,80
155,80
155,80
155,80
155,80
156,80
156,80
156,80
156,80
156,80
156,80
157,80
157,80
157,80
157,80
157,80
157,80
157,80
157,80
157,80
157,80
157,80
157,80
157,80
158,80
158,80
158,80
158,80
158,80
158,80
159,80
159,80
159,80
159,80
159,80
159,80
159,80
159,80
159,80
159,80
159,80
159,80
159,80
160,80
160,80
160,80
160,80
160,80
160,80
160,80
160,80
160,80
160,80
160,80
160,80
161,80
161,80
161,80
161,80
161,80
161,80
162,80
162,80
162,80
162,80
162,80
162,80
162,80
162,80
162,80
162,80
162,80
162,80
162,80
163,80
163,80
163,80
163,80
163,80
163,80
164,80
164,80
164,80
164,80
164,80
164,80
164,80
164,80
164,80
164,80
164,80
164,80
164,80
165,80
165,80
165,80
165,80
165,80
165,80
166,80
166,80
166,80
166,80
166,80
166,80
166,80
166,79
166,79
166,79
166,79
166,79
166,79
167,80
167,80
167,80
167,80
167,80
167,80
167,80
167,80
167,80
167,80
167,80
167,80
168,80
168,80
168,80
168,80
168,80
168,80
168,80
169,79
169,79
169,79
169,79
169,79
169,79
169,80
169,80
169,80
169,80
169,80
169,80
170,80
170,80
170,80
170,80
170,80
170,80
170,80
171,80
171,80
171,80
171,80
171,80
171,80
171,80
171,80
171,80
171,80
171,80
171,80
172,80
172,80
172,80
172,80
172,80
172,80
172,80
172,80
172,80
172,80
172,80
172,80
172,80
173,80
173,80
173,80
173,80
173,80
173,80
174,80
174,80
174,80
174,80
174,80
174,80
174,80
174,80
174,80
174,80
174,80
174,80
174,80
175,80
175,80
175,80
175,80
175,80
175,80
176,80
176,80
176,80
176,80
176,80
176,80
176,80
176,80
176,80
176,80
176,80
176,80
176,80
177,80
177,80
177,80
177,80
177,80
177,80
178,79
178,79
178,79
178,79
178,79
178,79
178,80
178,80
178,80
178,80
178,80
178,80
179,80
179,80
179,80
179,80
179,80
179,80
179,80
179,80
179,80
179,80
179,80
179,80
179,80
180,79
180,79
180,79
180,79
180,79
180,79
181,79
181,79
181,79
181,79
181,79
181,79
181,79
181,79
181,79
181,79
181,79
181,79
181,79
182,80
182,80
182,80
182,80
182,80
182,80
183,80
183,80
183,80
183,80
183,80
183,80
183,80
183,79
183,79
183,79
183,79
183,79
183,79
184,80
184,80
184,80
184,80
184,80
184,80
184,80
184,80
184,80
184,80
184,80
184,80
185,80
185,80
185,80
185,80
185,80
185,80
185,80
186,80
186,80
186,80
186,80
186,80
186,80
186,80
186,80
186,80
186,80
186,80
186,80
187,80
187,80
187,80
187,80
187,80
187,80
187,80
188,79
188,79
188,79
188,79
188,79
188,79
188,80
188,80
188,80
188,80
188,80
188,80
189,80
189,80
189,80
189,80
189,80
189,80
190,80
190,80
190,80
190,80
190,80
190,80
190,80
190,80
190,80
190,80
190,80
190,80
190,80
191,80
191,80
191,80
191,80
191,80
191,80
191,80
191,80
191,80
191,80
191,80
191,80
191,80
192,80
192,80
192,80
192,80
192,80
192,80
193,79
193,79
193,79
193,79
193,79
193,79
193,80
193,80
193,80
193,80
193,80
193,80
194,80
194,80
194,80
194,80
194,80
194,80
194,80
195,79
195,79
195,79
195,79
195,79
195,79
195,80
195,80
195,80
195,80
195,80
195,80
196,79
196,79
196,79
196,79
196,79
196,79
196,79
196,80
196,80
196,80
196,80
196,80
196,80
197,80
197,80
197,80
197,80
197,80
197,80
198,80
198,80
198,80
198,80
198,80
198,80
198,80
198,80
198,80
198,80
198,80
198,80
198,80
199,80
199,80
199,80
199,80
199,80
199,80
200,80
200,80
200,80
200,80
200,80
200,80
200,80
200,80
200,80
200,80
200,80
200,80
200,80
201,80
201,80
201,80
201,80
201,80
201,80
202,80
202,80
202,80
202,80
202,80
202,80
202,80
202,80
202,80
202,80
202,80
202,80
202,80
203,80
203,80
203,80
203,80
203,80
203,80
203,80
203,80
203,80
203,80
203,80
203,80
204,79
204,79
204,79
204,79
204,79
204,79
204,79
205,79
205,79
205,79
205,79
205,79
205,79
205,80
205,80
205,80
205,80
205,80
205,80
206,79
206,79
206,79
206,79
206,79
206,79
207,80
207,80
207,80
207,80
207,80
207,80
207,80
207,80
207,80
207,80
207,80
207,80
207,80
208,80
208,80
208,80
208,80
208,80
208,80
208,80
208,80
208,80
208,80
208,80
208,80
208,80
209,80
209,80
209,80
209,80
209,80
209,80
210,80
210,80
210,80
210,80
210,80
210,80
210,80
210,80
210,80
210,80
210,80
210,80
211,80
211,80
211,80
211,80
211,80
211,80
211,80
212,80
212,80
212,80
212,80
212,80
212,80
212,80
212,80
212,80
212,80
212,80
212,80
213,80
213,80
213,80
213,80
213,80
213,80
213,80
213,80
213,80
213,80
213,80
213,80
213,80
214,80
214,80
214,80
214,80
214,80
214,80
215,80
215,80
215,80
215,80
215,80
215,80
215,80
215,80
215,80
215,80
215,80
215,80
215,80
216,80
216,80
216,80
216,80
216,80
216,80
217,80
217,80
217,80
217,80
217,80
217,80
217,80
217,80
217,80
217,80
217,80
217,80
217,80
218,80
218,80
218,80
218,80
218,80
218,80
219,80
219,80
219,80
219,80
219,80
219,80
219,79
219,79
219,79
219,79
219,79
219,79
219,79
220,80
220,80
220,80
220,80
220,80
220,80
220,80
220,80
220,80
220,80
220,80
220,80
221,80
221,80
221,80
221,80
221,80
221,80
221,80
222,80
222,80
222,80
222,80
222,80
222,80
222,80
222,80
222,80
222,80
222,80
222,80
223,80
223,80
223,80
223,80
223,80
223,80
224,79
224,79
224,79
224,79
224,79
224,79
224,79
224,80
224,80
224,80
224,80
224,80
224,80
225,80
225,80
225,80
225,80
225,80
225,80
225,80
225,80
225,80
225,80
225,80
225,80
225,80
226,80
226,80
226,80
226,80
226,80
226,80
227,80
227,80
227,80
227,80
227,80
227,80
227,80
227,80
227,80
227,80
227,80
227,80
228,80
228,80
228,80
228,80
228,80
228,80
228,80
229,80
229,80
229,80
229,80
229,80
229,80
229,80
229,80
229,80
229,80
229,80
229,80
230,80
230,80
230,80
230,80
230,80
230,80
230,80
231,79
231,79
231,79
231,79
231,79
231,79
231,80
231,80
231,80
231,80
231,80
231,80
232,80
232,80
232,80
232,80
232,80
232,80
232,80
232,80
232,80
232,80
232,80
232,80
232,80
233,80
233,80
233,80
233,80
233,80
233,80
234,80
234,80
234,80
234,80
234,80
234,80
234,80
234,80
234,80
234,80
234,80
234,80
234,80
235,80
235,80
235,80
235,80
235,80
235,80
236,80
236,80
236,80
236,80
236,80
236,80
236,80
236,80
236,80
236,80
236,80
236,80
236,80
237,80
237,80
237,80
237,80
237,80
237,80
237,79
237,79
237,79
237,79
237,79
237,79
238,80
238,80
238,80
238,80
238,80
238,80
238,80
239,80
239,80
239,80
239,80
239,80
239,80
239,80
239,80
239,80
239,80
239,80
239,80
240,80
240,80
240,80
240,80
240,80
240,80
241,80
241,80
241,80
241,80
241,80
241,80
241,80
241,79
241,79
241,79
241,79
241,79
241,79
242,80
242,80
242,80
242,80
242,80
242,80
243,79
243,79
243,79
243,79
243,79
243,79
243,79
243,79
243,79
243,79
243,79
243,79
243,79
244,80
244,80
244,80
244,80
244,80
244,80
244,80
244,80
244,80
244,80
244,80
244,80
245,80
245,80
245,80
245,80
245,80
245,80
245,80
246,80
246,80
246,80
246,80
246,80
246,80
246,80
246,80
246,80
246,80
246,80
246,80
247,80
247,80
247,80
247,80
247,80
247,80
247,80
248,80
248,80
248,80
248,80
248,80
248,80
248,80
248,80
248,80
248,80
248,80
248,80
249,80
249,80
249,80
249,80
249,80
249,80
249,80
249,80
249,80
249,80
249,80
249,80
249,80
250,80
250,80
250,80
250,80
250,80
250,80
251,80
251,80
251,80
251,80
251,80
251,80
251,80
251,80
251,80
251,80
251,80
251,80
251,80
252,80
252,80
252,80
252,80
252,80
252,80
253,80
253,80
253,80
253,80
253,80
253,80
253,80
253,80
253,80
253,80
253,80
253,80
253,80
254,80
254,80
254,80
254,80
254,80
254,80
255,80
255,80
255,80
255,80
255,80
255,80
255,80
255,80
255,80
255,80
255,80
255,80
256,80
256,80
256,80
256,80
256,80
256,80
256,80
256,80
256,80
256,80
256,80
256,80
256,80
257,80
257,80
257,80
257,80
257,80
257,80
258,80
258,80
258,80
258,80
258,80
258,80
258,80
258,80
258,80
258,80
258,80
258,80
258,80
259,80
259,80
259,80
259,80
259,80
259,80
260,79
260,79
260,79
260,79
260,79
260,79
260,79
260,79
260,79
260,79
260,79
260,79
260,79
261,80
261,80
261,80
261,80
261,80
261,80
261,80
261,80
261,80
261,80
261,80
261,80
262,80
262,80
262,80
262,80
262,80
262,80
262,80
263,80
263,80
263,80
263,80
263,80
263,80
263,80
263,80
263,80
263,80
263,80
263,80
264,79
264,79
264,79
264,79
264,79
264,79
264,79
265,80
265,80
265,80
265,80
265,80
265,80
265,80
265,80
265,80
265,80
265,80
265,80
266,80
266,80
266,80
266,80
266,80
266,80
266,80
267,79
267,79
267,79
267,79
267,79
267,79
267,80
267,80
267,80
267,80
267,80
267,80
268,80
268,80
268,80
268,80
268,80
268,80
268,80
268,80
268,80
268,80
268,80
268,80
268,80
269,80
269,80
269,80
269,80
269,80
269,80
270,80
270,80
270,80
270,80
270,80
270,80
270,80
270,80
270,80
270,80
270,80
270,80
270,80
271,79
271,79
271,79
271,79
271,79
271,79
272,80
272,80
272,80
272,80
272,80
272,80
272,80
272,80
272,80
272,80
272,80
272,80
273,80
273,80
273,80
273,80
273,80
273,80
273,80
273,80
273,80
273,80
273,80
273,80
273,80
274,79
274,79
274,79
274,79
274,79
274,79
275,80
275,80
275,80
275,80
275,80
275,80
275,80
275,80
275,80
275,80
275,80
275,80
275,80
276,79
276,79
276,79
276,79
276,79
276,79
277,80
277,80
277,80
277,80
277,80
277,80
277,80
277,80
277,80
277,80
277,80
277,80
277,80
278,80
278,80
278,80
278,80
278,80
278,80
278,79
278,79
278,79
278,79
278,79
278,79
279,80
279,80
279,80
279,80
279,80
279,80
279,80
280,80
280,80
280,80
280,80
280,80
280,80
280,79
280,79
280,79
280,79
280,79
280,79
281,80
281,80
281,80
281,80
281,80
281,80
281,80
282,80
282,80
282,80
282,80
282,80
282,80
282,80
282,80
282,80
282,80
282,80
282,80
283,80
283,80
283,80
283,80
283,80
283,80
283,80
284,79
284,79
284,79
284,79
284,79
284,79
284,79
284,79
284,79
284,79
284,79
284,79
285,80
285,80
285,80
285,80
285,80
285,80
285,80
285,80
285,80
285,80
285,80
285,80
285,80
286,80
286,80
286,80
286,80
286,80
286,80
287,80
287,80
287,80
287,80
287,80
287,80
287,80
287,80
287,80
287,80
287,80
287,80
287,80
288,80
288,80
288,80
288,80
288,80
288,80
289,80
289,80
289,80
289,80
289,80
289,80
289,80
289,80
289,80
289,80
289,80
289,80
290,79
290,79
290,79
290,79
290,79
290,79
290,79
290,80
290,80
290,80
290,80
290,80
290,80
291,80
291,80
291,80
291,80
291,80
291,80
292,80
292,80
292,80
292,80
292,80
292,80
292,80
292,80
292,80
292,80
292,80
292,80
292,80
293,80
293,80
293,80
293,80
293,80
293,80
294,80
294,80
294,80
294,80
294,80
294,80
294,80
294,80
294,80
294,80
294,80
294,80
294,80
295,79
295,79
295,79
295,79
295,79
295,79
296,79
296,79
296,79
296,79
296,79
296,79
296,80
296,80
296,80
296,80
296,80
296,80
296,80
297,79
297,79
297,79
297,79
297,79
297,79
297,80
297,80
297,80
297,80
297,80
297,80
298,80
298,80
298,80
298,80
298,80
298,80
298,80
299,80
299,80
299,80
299,80
299,80
299,80
299,80
299,80
299,80
299,80
299,80
299,80
300,79
300,79
300,79
300,79
300,79
300,79
300,79
301,80
301,80
301,80
301,80
301,80
301,80
301,80
301,80
301,80
301,80
301,80
301,80
302,80
302,80
302,80
302,80
302,80
302,80
302,79
302,79
302,79
302,79
302,79
302,79
302,79
303,79
303,79
303,79
303,79
303,79
303,79
304,80
304,80
304,80
304,80
304,80
304,80
304,80
304,80
304,80
304,80
304,80
304,80
304,80
305,80
305,80
305,80
305,80
305,80
305,80
306,80
306,80
306,80
306,80
306,80
306,80
306,80
306,80
306,80
306,80
306,80
306,80
307,80
307,80
307,80
307,80
307,80
307,80
307,80
308,80
308,80
308,80
308,80
308,80
308,80
308,80
308,80
308,80
308,80
308,80
308,80
309,80
309,80
309,80
309,80
309,80
309,80
309,80
309,80
309,80
309,80
309,80
309,80
309,80
310,79
310,79
310,79
310,79
310,79
310,79
311,80
311,80
311,80
311,80
311,80
311,80
311,80
311,80
311,80
311,80
311,80
311,80
311,80
312,80
312,80
312,80
312,80
312,80
312,80
313,79
313,79
313,79
313,79
313,79
313,79
313,80
313,80
313,80
313,80
313,80
313,80
313,80
314,80
314,80
314,80
314,80
314,80
314,80
314,80
314,80
314,80
314,80
314,80
314,80
315,80
315,80
315,80
315,80
315,80
315,80
315,80
316,80
316,80
316,80
316,80
316,80
316,80
316,80
316,80
316,80
316,80
316,80
316,80
317,79
317,79
317,79
317,79
317,79
317,79
318,80
318,80
318,80
318,80
318,80
318,80
318,80
318,80
318,80
318,80
318,80
318,80
318,80
319,80
319,80
319,80
319,80
319,80
319,80
320,79
320,79
320,79
320,79
320,79
320,79
320,79
320,80
320,80
320,80
320,80
320,80
320,80
321,79
321,79
321,79
321,79
321,79
321,79
321,79
321,79
321,79
321,79
321,79
321,79
321,79
322,80
322,80
322,80
322,80
322,80
322,80
323,80
323,80
323,80
323,80
323,80
323,80
323,80
323,80
323,80
323,80
323,80
323,80
324,80
324,80
324,80
324,80
324,80
324,80
324,80
325,80
325,80
325,80
325,80
325,80
325,80
325,79
325,79
325,79
325,79
325,79
325,79
326,80
326,80
326,80
326,80
326,80
326,80
326,80
326,80
326,80
326,80
326,80
326,80
326,80
327,80
327,80
327,80
327,80
327,80
327,80
328,79
328,79
328,79
328,79
328,79
328,79
328,80
328,80
328,80
328,80
328,80
328,80
328,80
329,79
329,79
329,79
329,79
329,79
329,79
330,79
330,79
330,79
330,79
330,79
330,79
330,79
330,79
330,79
330,79
330,79
330,79
330,79
331,80
331,80
331,80
331,80
331,80
331,80
331,80
331,80
331,80
331,80
331,80
331,80
332,80
332,80
332,80
332,80
332,80
332,80
332,80
333,80
333,80
333,80
333,80
333,80
333,80
333,80
333,80
333,80
333,80
333,80
333,80
334,79
334,79
334,79
334,79
334,79
334,79
334,79
335,80
335,80
335,80
335,80
335,80
335,80
335,80
335,80
335,80
335,80
335,80
335,80
336,79
336,79
336,79
336,79
336,79
336,79
337,80
337,80
337,80
337,80
337,80
337,80
337,80
337,80
337,80
337,80
337,80
337,80
337,80
338,79
338,79
338,79
338,79
338,79
338,79
338,79
338,79
338,79
338,79
338,79
338,79
338,79
339,80
339,80
339,80
339,80
339,80
339,80
340,80
340,80
340,80
340,80
340,80
340,80
340,79
340,79
340,79
340,79
340,79
340,79
341,79
341,79
341,79
341,79
341,79
341,79
341,79
342,79
342,79
342,79
342,79
342,79
342,79
342,79
342,79
342,79
342,79
342,79
342,79
343,80
343,80
343,80
343,80
343,80
343,80
343,80
343,80
343,80
343,80
343,80
343,80
343,80
344,79
344,79
344,79
344,79
344,79
344,79
345,79
345,79
345,79
345,79
345,79
345,79
345,79
345,80
345,80
345,80
345,80
345,80
345,80
346,79
346,79
346,79
346,79
346,79
346,79
347,79
347,79
347,79
347,79
347,79
347,79
347,80
347,80
347,80
347,80
347,80
347,80
347,80
348,80
348,80
348,80
348,80
348,80
348,80
349,80
349,80
349,80
349,80
349,80
349,80
349,80
349,80
349,80
349,80
349,80
349,80
349,80
350,80
350,80
350,80
350,80
350,80
350,80
350,80
350,80
350,80
350,80
350,80
350,80
351,79
351,79
351,79
351,79
351,79
351,79
351,79
352,79
352,79
352,79
352,79
352,79
352,79
352,80
352,80
352,80
352,80
352,80
352,80
353,80
353,80
353,80
353,80
353,80
353,80
354,80
354,80
354,80
354,80
354,80
354,80
354,80
354,80
354,80
354,80
354,80
354,80
354,80
355,80
355,80
355,80
355,80
355,80
355,80
355,80
355,80
355,80
355,80
355,80
355,80
355,80
356,80
356,80
356,80
356,80
356,80
356,80
357,80
357,80
357,80
357,80
357,80
357,80
357,80
357,80
357,80
357,80
357,80
357,80
357,80
358,80
358,80
358,80
358,80
358,80
358,80
359,79
359,79
359,79
359,79
359,79
359,79
359,79
359,79
359,79
359,79
359,79
359,79
360,80
360,80
360,80
360,80
360,80
360,80
360,80
361,79
361,79
361,79
361,79
361,79
361,79
361,79
361,79
361,79
361,79
361,79
361,79
362,79
362,79
362,79
362,79
362,79
362,79
362,79
362,80
362,80
362,80
362,80
362,80
362,80
363,80
363,80
363,80
363,80
363,80
363,80
364,80
364,80
364,80
364,80
364,80
364,80
364,79
364,79
364,79
364,79
364,79
364,79
364,79
365,80
365,80
365,80
365,80
365,80
365,80
366,80
366,80
366,80
366,80
366,80
366,80
366,79
366,79
366,79
366,79
366,79
366,79
366,79
367,80
367,80
367,80
367,80
367,80
367,80
367,80
367,80
367,80
367,80
367,80
367,80
368,80
368,80
368,80
368,80
368,80
368,80
368,80
369,79
369,79
369,79
369,79
369,79
369,79
369,79
369,79
369,79
369,79
369,79
369,79
370,80
370,80
370,80
370,80
370,80
370,80
371,79
371,79
371,79
371,79
371,79
371,79
371,79
371,80
371,80
371,80
371,80
371,80
371,80
372,79
372,79
372,79
372,79
372,79
372,79
373,80
373,80
373,80
373,80
373,80
373,80
373,80
373,80
373,80
373,80
373,80
373,80
373,80
374,80
374,80
374,80
374,80
374,80
374,80
374,80
374,80
374,80
374,80
374,80
374,80
374,80
375,79
375,79
375,79
375,79
375,79
375,79
376,80
376,80
376,80
376,80
376,80
376,80
376,80
376,80
376,80
376,80
376,80
376,80
377,80
377,80
377,80
377,80
377,80
377,80
377,80
378,79
378,79
378,79
378,79
378,79
378,79
378,80
378,80
378,80
378,80
378,80
378,80
379,80
379,80
379,80
379,80
379,80
379,80
379,80
379,80
379,80
379,80
379,80
379,80
379,80
380,80
380,80
380,80
380,80
380,80
380,80
381,79
381,79
381,79
381,79
381,79
381,79
381,80
381,80
381,80
381,80
381,80
381,80
381,80
382,80
382,80
382,80
382,80
382,80
382,80
383,80
383,80
383,80
383,80
383,80
383,80
383,79
383,79
383,79
383,79
383,79
383,79
383,79
384,80
384,80
384,80
384,80
384,80
384,80
385,80
385,80
385,80
385,80
385,80
385,80
385,80
385,80
385,80
385,80
385,80
385,80
385,80
386,80
386,80
386,80
386,80
386,80
386,80
386,80
386,80
386,80
386,80
386,80
386,80
387,79
387,79
387,79
387,79
387,79
387,79
388,80
388,80
388,80
388,80
388,80
388,80
388,80
388,79
388,79
388,79
388,79
388,79
388,79
389,79
389,79
389,79
389,79
389,79
389,79
390,79
390,79
390,79
390,79
390,79
390,79
390,79
390,80
390,80
390,80
390,80
390,80
390,80
391,80
391,80
391,80
391,80
391,80
391,80
391,79
391,79
391,79
391,79
391,79
391,79
391,79
392,79
392,79
392,79
392,79
392,79
392,79
393,79
393,79
393,79
393,79
393,79
393,79
393,80
393,80
393,80
393,80
393,80
393,80
394,79
394,79
394,79
394,79
394,79
394,79
394,79
395,80
395,80
395,80
395,80
395,80
395,80
395,79
395,79
395,79
395,79
395,79
395,79
396,80
396,80
396,80
396,80
396,80
396,80
396,80
397,80
397,80
397,80
397,80
397,80
397,80
397,79
397,79
397,79
397,79
397,79
397,79
398,80
398,80
398,80
398,80
398,80
398,80
398,80
398,79
398,79
398,79
398,79
398,79
398,79
399,79
399,79
399,79
399,79
399,79
399,79
400,80
400,80
400,80
400,80
400,80
400,80
400,80
400,80
400,80
400,80
400,80
400,80
400,80
401,79
401,79
401,79
401,79
401,79
401,79
402,79
402,79
402,79
402,79
402,79
402,79
402,79
402,79
402,79
402,79
402,79
402,79
402,79
403,79
403,79
403,79
403,79
403,79
403,79
403,80
403,80
403,80
403,80
403,80
403,80
404,79
404,79
404,79
404,79
404,79
404,79
405,79
405,79
405,79
405,79
405,79
405,79
405,79
405,79
405,79
405,79
405,79
405,79
405,79
406,80
406,80
406,80
406,80
406,80
406,80
407,79
407,79
407,79
407,79
407,79
407,79
407,79
407,79
407,79
407,79
407,79
407,79
407,79
408,80
408,80
408,80
408,80
408,80
408,80
408,80
408,80
408,80
408,80
408,80
408,80
408,80
409,80
409,80
409,80
409,80
409,80
409,80
410,80
410,80
410,80
410,80
410,80
410,80
410,79
410,79
410,79
410,79
410,79
410,79
411,80
411,80
411,80
411,80
411,80
411,80
411,80
412,80
412,80
412,80
412,80
412,80
412,80
412,79
412,79
412,79
412,79
412,79
412,79
413,80
413,80
413,80
413,80
413,80
413,80
413,80
414,79
414,79
414,79
414,79
414,79
414,79
414,79
414,79
414,79
414,79
414,79
414,79
415,79
415,79
415,79
415,79
415,79
415,79
415,79
415,80
415,80
415,80
415,80
415,80
415,80
416,79
416,79
416,79
416,79
416,79
416,79
417,79
417,79
417,79
417,79
417,79
417,79
417,80
417,80
417,80
417,80
417,80
417,80
417,80
418,79
418,79
418,79
418,79
418,79
418,79
419,79
419,79
419,79
419,79
419,79
419,79
419,80
419,80
419,80
419,80
419,80
419,80
419,80
420,79
420,79
420,79
420,79
420,79
420,79
420,79
420,79
420,79
420,79
420,79
420,79
421,80
421,80
421,80
421,80
421,80
421,80
422,80
422,80
422,80
422,80
422,80
422,80
422,80
422,79
422,79
422,79
422,79
422,79
422,79
423,79
423,79
423,79
423,79
423,79
423,79
424,79
424,79
424,79
424,79
424,79
424,79
424,79
424,80
424,80
424,80
424,80
424,80
424,80
425,80
425,80
425,80
425,80
425,80
425,80
426,79
426,79
426,79
426,79
426,79
426,79
426,79
426,79
426,79
426,79
426,79
426,79
426,79
427,79
427,79
427,79
427,79
427,79
427,79
427,79
427,79
427,79
427,79
427,79
427,79
428,80
428,80
428,80
428,80
428,80
428,80
428,80
429,80
429,80
429,80
429,80
429,80
429,80
429,79
429,79
429,79
429,79
429,79
429,79
430,79
430,79
430,79
430,79
430,79
430,79
430,79
431,79
431,79
431,79
431,79
431,79
431,79
431,80
431,80
431,80
431,80
431,80
431,80
432,79
432,79
432,79
432,79
432,79
432,79
432,79
432,79
432,79
432,79
432,79
432,79
432,79
433,79
433,79
433,79
433,79
433,79
433,79
434,79
434,79
434,79
434,79
434,79
434,79
434,80
434,80
434,80
434,80
434,80
434,80
434,80
435,79
435,79
435,79
435,79
435,79
435,79
436,79
436,79
436,79
436,79
436,79
436,79
436,79
436,79
436,79
436,79
436,79
436,79
436,79
437,79
437,79
437,79
437,79
437,79
437,79
438,79
438,79
438,79
438,79
438,79
438,79
438,80
438,80
438,80
438,80
438,80
438,80
439,80
439,80
439,80
439,80
439,80
439,80
439,80
439,79
439,79
439,79
439,79
439,79
439,79
440,79
440,79
440,79
440,79
440,79
440,79
441,79
441,79
441,79
441,79
441,79
441,79
441,79
441,79
441,79
441,79
441,79
441,79
441,79
442,79
442,79
442,79
442,79
442,79
442,79
443,79
443,79
443,79
443,79
443,79
443,79
443,80
443,80
443,80
443,80
443,80
443,80
443,80
444,80
444,80
444,80
444,80
444,80
444,80
444,79
444,79
444,79
444,79
444,79
444,79
445,79
445,79
445,79
445,79
445,79
445,79
445,79
446,79
446,79
446,79
446,79
446,79
446,79
446,79
446,79
446,79
446,79
446,79
446,79
447,79
447,79
447,79
447,79
447,79
447,79
447,79
448,80
448,80
448,80
448,80
448,80
448,80
448,79
448,79
448,79
448,79
448,79
448,79
449,79
449,79
449,79
449,79
449,79
449,79
450,79
450,79
450,79
450,79
450,79
450,79
450,79
450,79
450,79
450,79
450,79
450,79
450,79
451,79
451,79
451,79
451,79
451,79
451,79
451,79
451,79
451,79
451,79
451,79
451,79
451,79
452,79
452,79
452,79
452,79
452,79
452,79
453,79
453,79
453,79
453,79
453,79
453,79
453,79
453,79
453,79
453,79
453,79
453,79
454,79
454,79
454,79
454,79
454,79
454,79
454,79
455,79
455,79
455,79
455,79
455,79
455,79
455,79
455,79
455,79
455,79
455,79
455,79
456,79
456,79
456,79
456,79
456,79
456,79
456,79
456,79
456,79
456,79
456,79
456,79
456,79
457,80
457,80
457,80
457,80
457,80
457,80
458,79
458,79
458,79
458,79
458,79
458,79
458,79
458,79
458,79
458,79
458,79
458,79
458,79
459,79
459,79
459,79
459,79
459,79
459,79
460,79
460,79
460,79
460,79
460,79
460,79
460,80
460,80
460,80
460,80
460,80
460,80
460,80
461,79
461,79
461,79
461,79
461,79
461,79
461,79
461,79
461,79
461,79
461,79
461,79
462,79
462,79
462,79
462,79
462,79
462,79
462,79
463,79
463,79
463,79
463,79
463,79
463,79
463,79
463,79
463,79
463,79
463,79
463,79
464,79
464,79
464,79
464,79
464,79
464,79
464,79
465,79
465,79
465,79
465,79
465,79
465,79
465,79
465,79
465,79
465,79
465,79
465,79
466,79
466,79
466,79
466,79
466,79
466,79
467,79
467,79
467,79
467,79
467,79
467,79
467,79
467,79
467,79
467,79
467,79
467,79
467,79
468,79
468,79
468,79
468,79
468,79
468,79
468,79
468,79
468,79
468,79
468,79
468,79
468,79
469,79
469,79
469,79
469,79
469,79
469,79
470,79
470,79
470,79
470,79
470,79
470,79
470,79
470,79
470,79
470,79
470,79
470,79
471,79
471,79
471,79
471,79
471,79
471,79
471,79
472,79
472,79
472,79
472,79
472,79
472,79
472,79
472,79
472,79
472,79
472,79
472,79
473,79
473,79
473,79
473,79
473,79
473,79
473,79
473,79
473,79
473,79
473,79
473,79
473,79
474,79
474,79
474,79
474,79
474,79
474,79
475,79
475,79
475,79
475,79
475,79
475,79
475,79
475,80
475,80
475,80
475,80
475,80
475,80
476,79
476,79
476,79
476,79
476,79
476,79
477,79
477,79
477,79
477,79
477,79
477,79
477,79
477,79
477,79
477,79
477,79
477,79
477,79
478,79
478,79
478,79
478,79
478,79
478,79
479,79
479,79
479,79
479,79
479,79
479,79
479,79
479,79
479,79
479,79
479,79
479,79
479,79
480,79
480,79
480,79
480,79
480,79
480,79
480,79
480,79
480,79
480,79
480,79
480,79
481,79
481,79
481,79
481,79
481,79
481,79
481,79
482,79
482,79
482,79
482,79
482,79
482,79
482,79
482,79
482,79
482,79
482,79
482,79
483,79
483,79
483,79
483,79
483,79
483,79
484,79
484,79
484,79
484,79
484,79
484,79
484,79
484,79
484,79
484,79
484,79
484,79
484,79
485,79
485,79
485,79
485,79
485,79
485,79
485,79
485,79
485,79
485,79
485,79
485,79
485,79
486,79
486,79
486,79
486,79
486,79
486,79
487,79
487,79
487,79
487,79
487,79
487,79
487,79
487,79
487,79
487,79
487,79
487,79
488,79
488,79
488,79
488,79
488,79
488,79
488,79
489,79
489,79
489,79
489,79
489,79
489,79
489,79
489,79
489,79
489,79
489,79
489,79
490,79
490,79
490,79
490,79
490,79
490,79
490,79
491,79
491,79
491,79
491,79
491,79
491,79
491,79
491,79
491,79
491,79
491,79
491,79
492,79
492,79
492,79
492,79
492,79
492,79
492,79
492,79
492,79
492,79
492,79
492,79
492,79
493,79
493,79
493,79
493,79
493,79
493,79
494,79
494,79
494,79
494,79
494,79
494,79
494,79
494,79
494,79
494,79
494,79
494,79
494,79
495,78
495,78
495,78
495,78
495,78
495,78
496,79
496,79
496,79
496,79
496,79
496,79
496,79
496,79
496,79
496,79
496,79
496,79
496,79
497,79
497,79
497,79
497,79
497,79
497,79
497,79
497,79
497,79
497,79
497,79
497,79
498,79
498,79
498,79
498,79
498,79
498,79
498,79
499,79
499,79
499,79
499,79
499,79
499,79
499,79
499,79
499,79
499,79
499,79
499,79
500,79
500,79
500,79
500,79
500,79
500,79
501,79
501,79
501,79
501,79
501,79
501,79
501,79
501,80
501,80
501,80
501,80
501,80
501,80
502,79
502,79
502,79
502,79
502,79
502,79
503,79
503,79
503,79
503,79
503,79
503,79
503,79
503,79
503,79
503,79
503,79
503,79
503,79
504,80
504,80
504,80
504,80
504,80
504,80
504,80
504,80
504,80
504,80
504,80
504,80
505,79
505,79
505,79
505,79
505,79
505,79
505,79
506,79
506,79
506,79
506,79
506,79
506,79
506,79
506,79
506,79
506,79
506,79
506,79
507,79
507,79
507,79
507,79
507,79
507,79
507,79
508,79
508,79
508,79
508,79
508,79
508,79
508,79
508,79
508,79
508,79
508,79
508,79
509,79
509,79
509,79
509,79
509,79
509,79
509,79
509,80
509,80
509,80
509,80
509,80
509,80
510,79
510,79
510,79
510,79
510,79
510,79
511,79
511,79
511,79
511,79
511,79
511,79
511,78
511,78
511,78
511,78
511,78
511,78
511,78
512,79
512,79
512,79
512,79
512,79
512,79
513,79
513,79
513,79
513,79
513,79
513,79
513,79
513,79
513,79
513,79
513,79
513,79
513,79
514,79
514,79
514,79
514,79
514,79
514,79
514,79
514,79
514,79
514,79
514,79
514,79
515,79
515,79
515,79
515,79
515,79
515,79
516,79
516,79
516,79
516,79
516,79
516,79
516,79
516,79
516,79
516,79
516,79
516,79
516,79
517,79
517,79
517,79
517,79
517,79
517,79
518,79
518,79
518,79
518,79
518,79
518,79
518,79
518,79
518,79
518,79
518,79
518,79
518,79
519,79
519,79
519,79
519,79
519,79
519,79
520,79
520,79
520,79
520,79
520,79
520,79
520,79
520,79
520,79
520,79
520,79
520,79
520,79
521,79
521,79
521,79
521,79
521,79
521,79
521,78
521,78
521,78
521,78
521,78
521,78
522,79
522,79
522,79
522,79
522,79
522,79
522,79
523,79
523,79
523,79
523,79
523,79
523,79
523,80
523,80
523,80
523,80
523,80
523,80
524,78
524,78
524,78
524,78
524,78
524,78
524,78
525,79
525,79
525,79
525,79
525,79
525,79
525,79
525,79
525,79
525,79
525,79
525,79
526,79
526,79
526,79
526,79
526,79
526,79
526,79
526,79
526,79
526,79
526,79
526,79
526,79
527,79
527,79
527,79
527,79
527,79
527,79
528,80
528,80
528,80
528,80
528,80
528,80
528,79
528,79
528,79
528,79
528,79
528,79
528,79
529,79
529,79
529,79
529,79
529,79
529,79
530,79
530,79
530,79
530,79
530,79
530,79
530,79
530,79
530,79
530,79
530,79
530,79
530,79
531,79
531,79
531,79
531,79
531,79
531,79
532,79
532,79
532,79
532,79
532,79
532,79
532,79
532,79
532,79
532,79
532,79
532,79
533,79
533,79
533,79
533,79
533,79
533,79
533,79
533,79
533,79
533,79
533,79
533,79
533,79
534,79
534,79
534,79
534,79
534,79
534,79
535,79
535,79
535,79
535,79
535,79
535,79
535,79
535,79
535,79
535,79
535,79
535,79
535,79
536,79
536,79
536,79
536,79
536,79
536,79
537,79
537,79
537,79
537,79
537,79
537,79
537,79
537,79
537,79
537,79
537,79
537,79
537,79
538,79
538,79
538,79
538,79
538,79
538,79
538,79
538,79
538,79
538,79
538,79
538,79
539,79
539,79
539,79
539,79
539,79
539,79
539,79
540,79
540,79
540,79
540,79
540,79
540,79
540,79
540,79
540,79
540,79
540,79
540,79
541,79
541,79
541,79
541,79
541,79
541,79
541,79
542,79
542,79
542,79
542,79
542,79
542,79
542,79
542,79
542,79
542,79
542,79
542,79
543,79
543,79
543,79
543,79
543,79
543,79
544,79
544,79
544,79
544,79
544,79
544,79
544,79
544,79
544,79
544,79
544,79
544,79
544,79
545,79
545,79
545,79
545,79
545,79
545,79
545,79
545,79
545,79
545,79
545,79
545,79
545,79
546,78
546,78
546,78
546,78
546,78
546,78
547,79
547,79
547,79
547,79
547,79
547,79
547,79
547,79
547,79
547,79
547,79
547,79
547,79
548,79
548,79
548,79
548,79
548,79
548,79
549,79
549,79
549,79
549,79
549,79
549,79
549,79
549,79
549,79
549,79
549,79
549,79
550,79
550,79
550,79
550,79
550,79
550,79
550,79
550,79
550,79
550,79
550,79
550,79
550,79
551,79
551,79
551,79
551,79
551,79
551,79
552,79
552,79
552,79
552,79
552,79
552,79
552,79
552,79
552,79
552,79
552,79
552,79
552,79
553,79
553,79
553,79
553,79
553,79
553,79
554,80
554,80
554,80
554,80
554,80
554,80
554,80
554,79
554,79
554,79
554,79
554,79
554,79
555,79
555,79
555,79
555,79
555,79
555,79
556,79
556,79
556,79
556,79
556,79
556,79
556,79
556,79
556,79
556,79
556,79
556,79
556,79
557,79
557,79
557,79
557,79
557,79
557,79
557,79
557,79
557,79
557,79
557,79
557,79
558,79
558,79
558,79
558,79
558,79
558,79
558,79
559,79
559,79
559,79
559,79
559,79
559,79
559,78
559,78
559,78
559,78
559,78
559,78
560,79
560,79
560,79
560,79
560,79
560,79
561,79
561,79
561,79
561,79
561,79
561,79
561,79
561,79
561,79
561,79
561,79
561,79
561,79
562,79
562,79
562,79
562,79
562,79
562,79
562,79
562,79
562,79
562,79
562,79
562,79
562,79
563,79
563,79
563,79
563,79
563,79
563,79
564,79
564,79
564,79
564,79
564,79
564,79
564,79
564,79
564,79
564,79
564,79
564,79
565,79
565,79
565,79
565,79
565,79
565,79
565,79
566,79
566,79
566,79
566,79
566,79
566,79
566,79
566,79
566,79
566,79
566,79
566,79
567,79
567,79
567,79
567,79
567,79
567,79
567,79
567,79
567,79
567,79
567,79
567,79
567,79
568,79
568,79
568,79
568,79
568,79
568,79
569,79
569,79
569,79
569,79
569,79
569,79
569,79
569,79
569,79
569,79
569,79
569,79
569,79
570,79
570,79
570,79
570,79
570,79
570,79
571,79
571,79
571,79
571,79
571,79
571,79
571,79
571,79
571,79
571,79
571,79
571,79
571,79
572,79
572,79
572,79
572,79
572,79
572,79
573,79
573,79
573,79
573,79
573,79
573,79
573,79
573,79
573,79
573,79
573,79
573,79
573,79
574,80
574,80
574,80
574,80
574,80
574,80
574,79
574,79
574,79
574,79
574,79
574,79
575,79
575,79
575,79
575,79
575,79
575,79
576,79
576,79
576,79
576,79
576,79
576,79
576,79
576,79
576,79
576,79
576,79
576,79
576,79
577,79
577,79
577,79
577,79
577,79
577,79
578,79
578,79
578,79
578,79
578,79
578,79
578,79
578,79
578,79
578,79
578,79
578,79
578,79
579,79
579,79
579,79
579,79
579,79
579,79
579,79
579,79
579,79
579,79
579,79
579,79
579,79
580,79
580,79
580,79
580,79
580,79
580,79
581,79
581,79
581,79
581,79
581,79
581,79
581,79
581,79
581,79
581,79
581,79
581,79
582,79
582,79
582,79
582,79
582,79
582,79
582,79
583,78
583,78
583,78
583,78
583,78
583,78
583,79
583,79
583,79
583,79
583,79
583,79
584,79
584,79
584,79
584,79
584,79
584,79
584,79
585,79
585,79
585,79
585,79
585,79
585,79
585,79
585,79
585,79
585,79
585,79
585,79
586,79
586,79
586,79
586,79
586,79
586,79
586,79
586,79
586,79
586,79
586,79
586,79
586,79
587,79
587,79
587,79
587,79
587,79
587,79
588,78
588,78
588,78
588,78
588,78
588,78
588,79
588,79
588,79
588,79
588,79
588,79
588,79
589,79
589,79
589,79
589,79
589,79
589,79
590,79
590,79
590,79
590,79
590,79
590,79
590,79
590,79
590,79
590,79
590,79
590,79
590,79
591,79
591,79
591,79
591,79
591,79
591,79
591,79
591,79
591,79
591,79
591,79
591,79
592,79
592,79
592,79
592,79
592,79
592,79
593,79
593,79
593,79
593,79
593,79
593,79
593,79
593,79
593,79
593,79
593,79
593,79
593,79
594,79
594,79
594,79
594,79
594,79
594,79
595,78
595,78
595,78
595,78
595,78
595,78
595,78
595,79
595,79
595,79
595,79
595,79
595,79
596,79
596,79
596,79
596,79
596,79
596,79
597,79
597,79
597,79
597,79
597,79
597,79
597,79
597,79
597,79
597,79
597,79
597,79
597,79
598,79
598,79
598,79
598,79
598,79
598,79
598,79
598,79
598,79
598,79
598,79
598,79
599,79
599,79
599,79
599,79
599,79
599,79
599,79
600,79
600,79
600,79
600,79
600,79
600,79
600,78
600,78
600,78
600,78
600,78
600,78
601,79
601,79
601,79
601,79
601,79
601,79
601,79
602,79
602,79
602,79
602,79
602,79
602,79
602,79
602,79
602,79
602,79
602,79
602,79
603,79
603,79
603,79
603,79
603,79
603,79
603,79
603,79
603,79
603,79
603,79
603,79
603,79
604,79
604,79
604,79
604,79
604,79
604,79
605,79
605,79
605,79
605,79
605,79
605,79
605,78
605,78
605,78
605,78
605,78
605,78
605,78
606,79
606,79
606,79
606,79
606,79
606,79
607,79
607,79
607,79
607,79
607,79
607,79
607,79
607,79
607,79
607,79
607,79
607,79
607,79
608,79
608,79
608,79
608,79
608,79
608,79
609,79
609,79
609,79
609,79
609,79
609,79
609,79
609,79
609,79
609,79
609,79
609,79
610,79
610,79
610,79
610,79
610,79
610,79
610,79
610,78
610,78
610,78
610,78
610,78
610,78
611,79
611,79
611,79
611,79
611,79
611,79
612,79
612,79
612,79
612,79
612,79
612,79
612,79
612,79
612,79
612,79
612,79
612,79
612,79
613,79
613,79
613,79
613,79
613,79
613,79
614,79
614,79
614,79
614,79
614,79
614,79
614,79
614,79
614,79
614,79
614,79
614,79
614,79
615,79
615,79
615,79
615,79
615,79
615,79
615,79
615,79
615,79
615,79
615,79
615,79
616,79
616,79
616,79
616,79
616,79
616,79
616,79
617,79
617,79
617,79
617,79
617,79
617,79
617,79
617,79
617,79
617,79
617,79
617,79
618,79
618,79
618,79
618,79
618,79
618,79
618,79
619,79
619,79
619,79
619,79
619,79
619,79
619,79
619,79
619,79
619,79
619,79
619,79
620,78
620,78
620,78
620,78
620,78
620,78
620,79
620,79
620,79
620,79
620,79
620,79
620,79
621,79
621,79
621,79
621,79
621,79
621,79
622,79
622,79
622,79
622,79
622,79
622,79
622,79
622,79
622,79
622,79
622,79
622,79
622,79
623,79
623,79
623,79
623,79
623,79
623,79
624,79
624,79
624,79
624,79
624,79
624,79
624,79
624,79
624,79
624,79
624,79
624,79
625,79
625,79
625,79
625,79
625,79
625,79
625,79
626,79
626,79
626,79
626,79
626,79
626,79
626,79
626,79
626,79
626,79
626,79
626,79
627,79
627,79
627,79
627,79
627,79
627,79
627,79
627,79
627,79
627,79
627,79
627,79
627,79
628,79
628,79
628,79
628,79
628,79
628,79
629,79
629,79
629,79
629,79
629,79
629,79
629,79
629,79
629,79
629,79
629,79
629,79
629,79
630,79
630,79
630,79
630,79
630,79
630,79
631,79
631,79
631,79
631,79
631,79
631,79
631,79
631,79
631,79
631,79
631,79
631,79
631,79
632,79
632,79
632,79
632,79
632,79
632,79
632,79
632,79
632,79
632,79
632,79
632,79
633,79
633,79
633,79
633,79
633,79
633,79
633,79
634,79
634,79
634,79
634,79
634,79
634,79
634,79
634,79
634,79
634,79
634,79
634,79
635,79
635,79
635,79
635,79
635,79
635,79
636,79
636,79
636,79
636,79
636,79
636,79
636,79
636,79
636,79
636,79
636,79
636,79
636,79
637,79
637,79
637,79
637,79
637,79
637,79
638,78
638,78
638,78
638,78
638,78
638,78
638,78
638,79
638,79
638,79
638,79
638,79
638,79
639,79
639,79
639,79
639,79
639,79
639,79
639,79
639,79
639,79
639,79
639,79
639,79
639,79
640,79
640,79
640,79
640,79
640,79
640,79
641,79
641,79
641,79
641,79
641,79
641,79
641,79
641,79
641,79
641,79
641,79
641,79
642,79
642,79
642,79
642,79
642,79
642,79
642,79
643,78
643,78
643,78
643,78
643,78
643,78
643,79
643,79
643,79
643,79
643,79
643,79
644,79
644,79
644,79
644,79
644,79
644,79
644,79
644,79
644,79
644,79
644,79
644,79
644,79
645,79
645,79
645,79
645,79
645,79
645,79
646,79
646,79
646,79
646,79
646,79
646,79
646,79
646,79
646,79
646,79
646,79
646,79
646,79
647,79
647,79
647,79
647,79
647,79
647,79
648,79
648,79
648,79
648,79
648,79
648,79
648,79
648,79
648,79
648,79
648,79
648,79
648,79
649,79
649,79
649,79
649,79
649,79
649,79
650,79
650,79
650,79
650,79
650,79
650,79
650,79
650,79
650,79
650,79
650,79
650,79
650,79
651,79
651,79
651,79
651,79
651,79
651,79
651,79
651,79
651,79
651,79
651,79
651,79
652,79
652,79
652,79
652,79
652,79
652,79
653,79
653,79
653,79
653,79
653,79
653,79
653,79
653,79
653,79
653,79
653,79
653,79
653,79
654,78
654,78
654,78
654,78
654,78
654,78
655,79
655,79
655,79
655,79
655,79
655,79
655,79
655,79
655,79
655,79
655,79
655,79
655,79
656,79
656,79
656,79
656,79
656,79
656,79
656,79
656,79
656,79
656,79
656,79
656,79
656,79
657,79
657,79
657,79
657,79
657,79
657,79
658,78
658,78
658,78
658,78
658,78
658,78
658,79
658,79
658,79
658,79
658,79
658,79
659,79
659,79
659,79
659,79
659,79
659,79
659,79
660,79
660,79
660,79
660,79
660,79
660,79
660,79
660,79
660,79
660,79
660,79
660,79
661,79
661,79
661,79
661,79
661,79
661,79
661,79
662,79
662,79
662,79
662,79
662,79
662,79
662,78
662,78
662,78
662,78
662,78
662,78
663,79
663,79
663,79
663,79
663,79
663,79
663,79
663,79
663,79
663,79
663,79
663,79
663,79
664,79
664,79
664,79
664,79
664,79
664,79
665,79
665,79
665,79
665,79
665,79
665,79
665,79
665,79
665,79
665,79
665,79
665,79
665,79
666,78
666,78
666,78
666,78
666,78
666,78
667,78
667,78
667,78
667,78
667,78
667,78
667,79
667,79
667,79
667,79
667,79
667,79
667,79
668,79
668,79
668,79
668,79
668,79
668,79
668,79
668,79
668,79
668,79
668,79
668,79
669,79
669,79
669,79
669,79
669,79
669,79
670,79
670,79
670,79
670,79
670,79
670,79
670,79
670,79
670,79
670,79
670,79
670,79
670,79
671,79
671,79
671,79
671,79
671,79
671,79
672,79
672,79
672,79
672,79
672,79
672,79
672,79
672,79
672,79
672,79
672,79
672,79
672,79
673,79
673,79
673,79
673,79
673,79
673,79
673,78
673,78
673,78
673,78
673,78
673,78
673,78
674,79
674,79
674,79
674,79
674,79
674,79
675,78
675,78
675,78
675,78
675,78
675,78
675,79
675,79
675,79
675,79
675,79
675,79
676,78
676,78
676,78
676,78
676,78
676,78
676,78
677,79
677,79
677,79
677,79
677,79
677,79
677,79
677,79
677,79
677,79
677,79
677,79
678,79
678,79
678,79
678,79
678,79
678,79
678,79
679,79
679,79
679,79
679,79
679,79
679,79
679,79
679,79
679,79
679,79
679,79
679,79
680,79
680,79
680,79
680,79
680,79
680,79
680,78
680,78
680,78
680,78
680,78
680,78
680,78
681,79
681,79
681,79
681,79
681,79
681,79
682,79
682,79
682,79
682,79
682,79
682,79
682,79
682,79
682,79
682,79
682,79
682,79
682,79
683,79
683,79
683,79
683,79
683,79
683,79
684,79
684,79
684,79
684,79
684,79
684,79
684,78
684,78
684,78
684,78
684,78
684,78
684,78
685,79
685,79
685,79
685,79
685,79
685,79
685,79
685,79
685,79
685,79
685,79
685,79
686,79
686,79
686,79
686,79
686,79
686,79
687,79
687,79
687,79
687,79
687,79
687,79
687,79
687,79
687,79
687,79
687,79
687,79
687,79
688,79
688,79
688,79
688,79
688,79
688,79
689,79
689,79
689,79
689,79
689,79
689,79
689,79
689,79
689,79
689,79
689,79
689,79
689,79
690,79
690,79
690,79
690,79
690,79
690,79
691,78
691,78
691,78
691,78
691,78
691,78
691,79
691,79
691,79
691,79
691,79
691,79
691,79
692,78
692,78
692,78
692,78
692,78
692,78
692,78
692,78
692,78
692,78
692,78
692,78
693,78
693,78
693,78
693,78
693,78
693,78
693,78
694,79
694,79
694,79
694,79
694,79
694,79
694,79
694,79
694,79
694,79
694,79
694,79
695,79
695,79
695,79
695,79
695,79
695,79
695,79
696,78
696,78
696,78
696,78
696,78
696,78
696,79
696,79
696,79
696,79
696,79
696,79
697,78
697,78
697,78
697,78
697,78
697,78
697,79
697,79
697,79
697,79
697,79
697,79
697,79
698,79
698,79
698,79
698,79
698,79
698,79
699,79
699,79
699,79
699,79
699,79
699,79
699,79
699,79
699,79
699,79
699,79
699,79
699,79
700,78
700,78
700,78
700,78
700,78
700,78
701,79
701,79
701,79
701,79
701,79
701,79
701,79
701,79
701,79
701,79
701,79
701,79
701,79
702,79
702,79
702,79
702,79
702,79
702,79
703,78
703,78
703,78
703,78
703,78
703,78
703,78
703,78
703,78
703,78
703,78
703,78
704,78
704,78
704,78
704,78
704,78
704,78
704,78
704,78
704,78
704,78
704,78
704,78
704,78
705,79
705,79
705,79
705,79
705,79
705,79
706,79
706,79
706,79
706,79
706,79
706,79
706,79
706,79
706,79
706,79
706,79
706,79
706,79
707,78
707,78
707,78
707,78
707,78
707,78
708,79
708,79
708,79
708,79
708,79
708,79
708,79
708,79
708,79
708,79
708,79
708,79
708,79
709,79
709,79
709,79
709,79
709,79
709,79
709,78
709,78
709,78
709,78
709,78
709,78
710,78
710,78
710,78
710,78
710,78
710,78
710,78
711,78
711,78
711,78
711,78
711,78
711,78
711,78
711,78
711,78
711,78
711,78
711,78
712,79
712,79
712,79
712,79
712,79
712,79
712,79
713,79
713,79
713,79
713,79
713,79
713,79
713,79
713,79
713,79
713,79
713,79
713,79
714,78
714,78
714,78
714,78
714,78
714,78
715,79
715,79
715,79
715,79
715,79
715,79
715,79
715,78
715,78
715,78
715,78
715,78
715,78
716,79
716,79
716,79
716,79
716,79
716,79
716,79
716,79
716,79
716,79
716,79
716,79
716,79
717,79
717,79
717,79
717,79
717,79
717,79
718,78
718,78
718,78
718,78
718,78
718,78
718,78
718,78
718,78
718,78
718,78
718,78
719,79
719,79
719,79
719,79
719,79
719,79
719,79
720,78
720,78
720,78
720,78
720,78
720,78
720,78
720,78
720,78
720,78
720,78
720,78
721,78
721,78
721,78
721,78
721,78
721,78
721,78
721,78
721,78
721,78
721,78
721,78
721,78
722,78
722,78
722,78
722,78
722,78
722,78
723,78
723,78
723,78
723,78
723,78
723,78
723,78
723,79
723,79
723,79
723,79
723,79
723,79
724,79
724,79
724,79
724,79
724,79
724,79
725,79
725,79
725,79
725,79
725,79
725,79
725,78
725,78
725,78
725,78
725,78
725,78
725,78
726,79
726,79
726,79
726,79
726,79
726,79
726,79
726,79
726,79
726,79
726,79
726,79
727,78
727,78
727,78
727,78
727,78
727,78
727,78
728,79
728,79
728,79
728,79
728,79
728,79
728,79
728,79
728,79
728,79
728,79
728,79
729,78
729,78
729,78
729,78
729,78
729,78
729,78
730,79
730,79
730,79
730,79
730,79
730,79
730,79
730,79
730,79
730,79
730,79
730,79
731,79
731,79
731,79
731,79
731,79
731,79
732,79
732,79
732,79
732,79
732,79
732,79
732,79
732,78
732,78
732,78
732,78
732,78
732,78
733,78
733,78
733,78
733,78
733,78
733,78
733,79
733,79
733,79
733,79
733,79
733,79
733,79
734,78
734,78
734,78
734,78
734,78
734,78
735,78
735,78
735,78
735,78
735,78
735,78
735,79
735,79
735,79
735,79
735,79
735,79
736,79
736,79
736,79
736,79
736,79
736,79
736,79
737,78
737,78
737,78
737,78
737,78
737,78
737,79
737,79
737,79
737,79
737,79
737,79
738,78
738,78
738,78
738,78
738,78
738,78
738,78
738,79
738,79
738,79
738,79
738,79
738,79
739,79
739,79
739,79
739,79
739,79
739,79
740,79
740,79
740,79
740,79
740,79
740,79
740,79
740,78
740,78
740,78
740,78
740,78
740,78
741,78
741,78
741,78
741,78
741,78
741,78
742,79
742,79
742,79
742,79
742,79
742,79
742,79
742,79
742,79
742,79
742,79
742,79
742,79
743,78
743,78
743,78
743,78
743,78
743,78
744,79
744,79
744,79
744,79
744,79
744,79
744,78
744,78
744,78
744,78
744,78
744,78
744,78
745,79
745,79
745,79
745,79
745,79
745,79
745,79
745,79
745,79
745,79
745,79
745,79
746,78
746,78
746,78
746,78
746,78
746,78
747,79
747,79
747,79
747,79
747,79
747,79
747,79
747,78
747,78
747,78
747,78
747,78
747,78
748,78
748,78
748,78
748,78
748,78
748,78
749,79
749,79
749,79
749,79
749,79
749,79
749,79
749,79
749,79
749,79
749,79
749,79
749,79
750,79
750,79
750,79
750,79
750,79
750,79
750,79
750,79
750,79
750,79
750,79
750,79
751,78
751,78
751,78
751,78
751,78
751,78
751,78
752,79
752,79
752,79
752,79
752,79
752,79
752,78
752,78
752,78
752,78
752,78
752,78
753,79
753,79
753,79
753,79
753,79
753,79
753,79
754,79
754,79
754,79
754,79
754,79
754,79
754,78
754,78
754,78
754,78
754,78
754,78
755,79
755,79
755,79
755,79
755,79
755,79
756,78
756,78
756,78
756,78
756,78
756,78
756,78
756,79
756,79
756,79
756,79
756,79
756,79
757,79
757,79
757,79
757,79
757,79
757,79
757,78
757,78
757,78
757,78
757,78
757,78
757,78
758,79
758,79
758,79
758,79
758,79
758,79
759,79
759,79
759,79
759,79
759,79
759,79
759,79
759,79
759,79
759,79
759,79
759,79
759,79
760,79
760,79
760,79
760,79
760,79
760,79
761,78
761,78
761,78
761,78
761,78
761,78
761,78
761,78
761,78
761,78
761,78
761,78
762,78
762,78
762,78
762,78
762,78
762,78
762,78
762,79
762,79
762,79
762,79
762,79
762,79
763,78
763,78
763,78
763,78
763,78
763,78
764,79
764,79
764,79
764,79
764,79
764,79
764,79
764,78
764,78
764,78
764,78
764,78
764,78
765,79
765,79
765,79
765,79
765,79
765,79
766,79
766,79
766,79
766,79
766,79
766,79
766,79
766,78
766,78
766,78
766,78
766,78
766,78
767,78
767,78
767,78
767,78
767,78
767,78
768,78
768,78
768,78
768,78
768,78
768,78
768,78
768,78
768,78
768,78
768,78
768,78
768,78
769,79
769,79
769,79
769,79
769,79
769,79
769,78
769,78
769,78
769,78
769,78
769,78
770,79
770,79
770,79
770,79
770,79
770,79
770,79
771,78
771,78
771,78
771,78
771,78
771,78
771,78
771,78
771,78
771,78
771,78
771,78
772,78
772,78
772,78
772,78
772,78
772,78
773,79
773,79
773,79
773,79
773,79
773,79
773,79
773,79
773,79
773,79
773,79
773,79
773,79
774,78
774,78
774,78
774,78
774,78
774,78
774,78
774,78
774,78
774,78
774,78
774,78
774,78
775,78
775,78
775,78
775,78
775,78
775,78
776,78
776,78
776,78
776,78
776,78
776,78
776,79
776,79
776,79
776,79
776,79
776,79
776,79
777,78
777,78
777,78
777,78
777,78
777,78
778,79
778,79
778,79
778,79
778,79
778,79
778,79
778,79
778,79
778,79
778,79
778,79
779,79
779,79
779,79
779,79
779,79
779,79
779,79
779,78
779,78
779,78
779,78
779,78
779,78
780,79
780,79
780,79
780,79
780,79
780,79
781,79
781,79
781,79
781,79
781,79
781,79
781,79
781,78
781,78
781,78
781,78
781,78
781,78
782,78
782,78
782,78
782,78
782,78
782,78
783,79
783,79
783,79
783,79
783,79
783,79
783,79
783,78
783,78
783,78
783,78
783,78
783,78
784,79
784,79
784,79
784,79
784,79
784,79
785,79
785,79
785,79
785,79
785,79
785,79
785,78
785,78
785,78
785,78
785,78
785,78
785,78
786,79
786,79
786,79
786,79
786,79
786,79
786,79
786,79
786,79
786,79
786,79
786,79
787,79
787,79
787,79
787,79
787,79
787,79
787,79
788,78
788,78
788,78
788,78
788,78
788,78
788,79
788,79
788,79
788,79
788,79
788,79
789,79
789,79
789,79
789,79
789,79
789,79
790,79
790,79
790,79
790,79
790,79
790,79
790,79
790,79
790,79
790,79
790,79
790,79
790,79
791,78
791,78
791,78
791,78
791,78
791,78
791,79
791,79
791,79
791,79
791,79
791,79
791,79
792,78
792,78
792,78
792,78
792,78
792,78
793,79
793,79
793,79
793,79
793,79
793,79
793,78
793,78
793,78
793,78
793,78
793,78
794,78
794,78
794,78
794,78
794,78
794,78
794,78
795,78
795,78
795,78
795,78
795,78
795,78
795,78
795,78
795,78
795,78
795,78
795,78
796,78
796,78
796,78
796,78
796,78
796,78
796,78
797,78
797,78
797,78
797,78
797,78
797,78
797,78
797,78
797,78
797,78
797,78
797,78
798,79
798,79
798,79
798,79
798,79
798,79
798,79
798,78
798,78
798,78
798,78
798,78
798,78
799,78
799,78
799,78
799,78
799,78
799,78
800,78
800,78
800,78
800,78
800,78
800,78
800,78
800,78
800,78
800,78
800,78
800,78
800,78
801,79
801,79
801,79
801,79
801,79
801,79
802,78
802,78
802,78
802,78
802,78
802,78
802,78
802,78
802,78
802,78
802,78
802,78
802,78
803,79
803,79
803,79
803,79
803,79
803,79
803,78
803,78
803,78
803,78
803,78
803,78
804,78
804,78
804,78
804,78
804,78
804,78
805,78
805,78
805,78
805,78
805,78
805,78
805,78
805,78
805,78
805,78
805,78
805,78
805,78
806,78
806,78
806,78
806,78
806,78
806,78
807,78
807,78
807,78
807,78
807,78
807,78
807,78
807,79
807,79
807,79
807,79
807,79
807,79
808,79
808,79
808,79
808,79
808,79
808,79
809,79
809,79
809,79
809,79
809,79
809,79
809,79
809,79
809,79
809,79
809,79
809,79
809,79
810,79
810,79
810,79
810,79
810,79
810,79
810,78
810,78
810,78
810,78
810,78
810,78
811,78
811,78
811,78
811,78
811,78
811,78
811,78
812,79
812,79
812,79
812,79
812,79
812,79
812,78
812,78
812,78
812,78
812,78
812,78
813,78
813,78
813,78
813,78
813,78
813,78
813,78
814,79
814,79
814,79
814,79
814,79
814,79
814,78
814,78
814,78
814,78
814,78
814,78
815,78
815,78
815,78
815,78
815,78
815,78
815,78
815,78
815,78
815,78
815,78
815,78
815,78
816,78
816,78
816,78
816,78
816,78
816,78
817,79
817,79
817,79
817,79
817,79
817,79
817,78
817,78
817,78
817,78
817,78
817,78
817,78
818,79
818,79
818,79
818,79
818,79
818,79
819,78
819,78
819,78
819,78
819,78
819,78
819,79
819,79
819,79
819,79
819,79
819,79
819,79
820,78
820,78
820,78
820,78
820,78
820,78
821,78
821,78
821,78
821,78
821,78
821,78
821,79
821,79
821,79
821,79
821,79
821,79
822,78
822,78
822,78
822,78
822,78
822,78
822,78
822,78
822,78
822,78
822,78
822,78
822,78
823,78
823,78
823,78
823,78
823,78
823,78
824,78
824,78
824,78
824,78
824,78
824,78
824,78
824,79
824,79
824,79
824,79
824,79
824,79
825,78
825,78
825,78
825,78
825,78
825,78
826,78
826,78
826,78
826,78
826,78
826,78
826,78
826,78
826,78
826,78
826,78
826,78
826,78
827,79
827,79
827,79
827,79
827,79
827,79
827,79
827,79
827,79
827,79
827,79
827,79
828,78
828,78
828,78
828,78
828,78
828,78
828,78
829,79
829,79
829,79
829,79
829,79
829,79
829,78
829,78
829,78
829,78
829,78
829,78
830,78
830,78
830,78
830,78
830,78
830,78
830,78
831,78
831,78
831,78
831,78
831,78
831,78
831,78
831,78
831,78
831,78
831,78
831,78
832,79
832,79
832,79
832,79
832,79
832,79
832,79
833,78
833,78
833,78
833,78
833,78
833,78
833,78
833,78
833,78
833,78
833,78
833,78
834,78
834,78
834,78
834,78
834,78
834,78
834,78
834,78
834,78
834,78
834,78
834,78
834,78
835,78
835,78
835,78
835,78
835,78
835,78
836,79
836,79
836,79
836,79
836,79
836,79
836,78
836,78
836,78
836,78
836,78
836,78
836,78
837,78
837,78
837,78
837,78
837,78
837,78
838,78
838,78
838,78
838,78
838,78
838,78
838,78
838,78
838,78
838,78
838,78
838,78
838,78
839,78
839,78
839,78
839,78
839,78
839,78
839,79
839,79
839,79
839,79
839,79
839,79
840,79
840,79
840,79
840,79
840,79
840,79
841,78
841,78
841,78
841,78
841,78
841,78
841,78
841,79
841,79
841,79
841,79
841,79
841,79
842,78
842,78
842,78
842,78
842,78
842,78
843,78
843,78
843,78
843,78
843,78
843,78
843,78
843,78
843,78
843,78
843,78
843,78
843,78
844,78
844,78
844,78
844,78
844,78
844,78
844,78
844,78
844,78
844,78
844,78
844,78
845,78
845,78
845,78
845,78
845,78
845,78
845,78
846,78
846,78
846,78
846,78
846,78
846,78
846,78
846,78
846,78
846,78
846,78
846,78
847,78
847,78
847,78
847,78
847,78
847,78
847,78
848,79
848,79
848,79
848,79
848,79
848,79
848,78
848,78
848,78
848,78
848,78
848,78
849,78
849,78
849,78
849,78
849,78
849,78
849,78
850,78
850,78
850,78
850,78
850,78
850,78
850,78
850,78
850,78
850,78
850,78
850,78
851,79
851,79
851,79
851,79
851,79
851,79
851,78
851,78
851,78
851,78
851,78
851,78
851,78
852,78
852,78
852,78
852,78
852,78
852,78
853,78
853,78
853,78
853,78
853,78
853,78
853,78
853,78
853,78
853,78
853,78
853,78
853,78
854,79
854,79
854,79
854,79
854,79
854,79
855,78
855,78
855,78
855,78
855,78
855,78
855,78
855,78
855,78
855,78
855,78
855,78
855,78
856,78
856,78
856,78
856,78
856,78
856,78
856,78
856,78
856,78
856,78
856,78
856,78
857,78
857,78
857,78
857,78
857,78
857,78
858,78
858,78
858,78
858,78
858,78
858,78
858,78
858,78
858,78
858,78
858,78
858,78
858,78
859,78
859,78
859,78
859,78
859,78
859,78
860,79
860,79
860,79
860,79
860,79
860,79
860,79
860,78
860,78
860,78
860,78
860,78
860,78
861,78
861,78
861,78
861,78
861,78
861,78
862,78
862,78
862,78
862,78
862,78
862,78
862,78
862,78
862,78
862,78
862,78
862,78
862,78
863,78
863,78
863,78
863,78
863,78
863,78
863,78
863,78
863,78
863,78
863,78
863,78
864,78
864,78
864,78
864,78
864,78
864,78
864,78
865,78
865,78
865,78
865,78
865,78
865,78
865,78
865,78
865,78
865,78
865,78
865,78
866,78
866,78
866,78
866,78
866,78
866,78
866,78
867,78
867,78
867,78
867,78
867,78
867,78
867,79
867,79
867,79
867,79
867,79
867,79
868,78
868,78
868,78
868,78
868,78
868,78
868,78
868,78
868,78
868,78
868,78
868,78
868,78
869,78
869,78
869,78
869,78
869,78
869,78
870,78
870,78
870,78
870,78
870,78
870,78
870,78
870,78
870,78
870,78
870,78
870,78
870,78
871,78
871,78
871,78
871,78
871,78
871,78
872,78
872,78
872,78
872,78
872,78
872,78
872,78
872,78
872,78
872,78
872,78
872,78
872,78
873,78
873,78
873,78
873,78
873,78
873,78
874,78
874,78
874,78
874,78
874,78
874,78
874,78
874,78
874,78
874,78
874,78
874,78
875,79
875,79
875,79
875,79
875,79
875,79
875,79
875,78
875,78
875,78
875,78
875,78
875,78
876,78
876,78
876,78
876,78
876,78
876,78
877,78
877,78
877,78
877,78
877,78
877,78
877,78
877,78
877,78
877,78
877,78
877,78
877,78
878,78
878,78
878,78
878,78
878,78
878,78
879,78
879,78
879,78
879,78
879,78
879,78
879,78
879,78
879,78
879,78
879,78
879,78
879,78
880,78
880,78
880,78
880,78
880,78
880,78
880,78
880,78
880,78
880,78
880,78
880,78
881,78
881,78
881,78
881,78
881,78
881,78
881,78
882,79
882,79
882,79
882,79
882,79
882,79
882,78
882,78
882,78
882,78
882,78
882,78
883,78
883,78
883,78
883,78
883,78
883,78
883,78
884,78
884,78
884,78
884,78
884,78
884,78
884,78
884,78
884,78
884,78
884,78
884,78
885,78
885,78
885,78
885,78
885,78
885,78
886,78
886,78
886,78
886,78
886,78
886,78
886,78
886,78
886,78
886,78
886,78
886,78
886,78
887,78
887,78
887,78
887,78
887,78
887,78
887,78
887,78
887,78
887,78
887,78
887,78
887,78
888,78
888,78
888,78
888,78
888,78
888,78
889,78
889,78
889,78
889,78
889,78
889,78
889,79
889,79
889,79
889,79
889,79
889,79
890,78
890,78
890,78
890,78
890,78
890,78
890,78
891,79
891,79
891,79
891,79
891,79
891,79
891,78
891,78
891,78
891,78
891,78
891,78
892,78
892,78
892,78
892,78
892,78
892,78
892,78
892,78
892,78
892,78
892,78
892,78
892,78
893,78
893,78
893,78
893,78
893,78
893,78
894,78
894,78
894,78
894,78
894,78
894,78
894,78
894,78
894,78
894,78
894,78
894,78
894,78
895,78
895,78
895,78
895,78
895,78
895,78
896,78
896,78
896,78
896,78
896,78
896,78
896,78
896,78
896,78
896,78
896,78
896,78
896,78
897,77
897,77
897,77
897,77
897,77
897,77
897,78
897,78
897,78
897,78
897,78
897,78
898,78
898,78
898,78
898,78
898,78
898,78
898,78
899,78
899,78
899,78
899,78
899,78
899,78
899,79
899,79
899,79
899,79
899,79
899,79
900,78
900,78
900,78
900,78
900,78
900,78
900,78
900,78
900,78
900,78
900,78
900,78
900,78
900,78
900,78
900,78
900,78
900,78
900,78
900,78
900,78
900,78
900,78
900,78
900,78
900,78
900,78
900,78
900,78
900,78
900,78
900,78
900,78
900,78
900,78
900,78
900,78
900,78
900,78
900,78
900,78
900,78
900,78
900,78
900,78
900,78
900,78
900,78
900,78
900,78
900,78
900,78
900,78
900,78
900,78
900,78
900,78
900,78
900,78
900,78
900,78
900,78
900,78
900,78
900,78
900,78
900,78
900,78
900,78
900,78
900,78
900,78
900,78
900,78
900,78
900,78
900,78
900,78
900,78
900,78
900,78
900,78
900,78
900,78
900,78
900,78
900,78
