0,0
0,72
0,72
0,72
0,72
0,72
0,72
0,72
0,72
0,72
0,72
0,72
0,72
0,72
1,71
1,71
1,71
1,71
1,71
1,71
1,71
2,72
2,72
2,72
2,72
2,72
2,72
2,72
2,72
2,72
2,72
2,72
2,72
3,72
3,72
3,72
3,72
3,72
3,72
3,72
3,72
3,72
3,72
3,72
3,72
3,72
4,71
4,71
4,71
4,71
4,71
4,71
5,72
5,72
5,72
5,72
5,72
5,72
5,72
5,72
5,72
5,72
5,72
5,72
5,72
6,71
6,71
6,71
6,71
6,71
6,71
6,71
7,72
7,72
7,72
7,72
7,72
7,72
7,72
7,72
7,72
7,72
7,72
7,72
8,72
8,72
8,72
8,72
8,72
8,72
8,72
9,71
9,71
9,71
9,71
9,71
9,71
9,72
9,72
9,72
9,72
9,72
9,72
9,72
10,72
10,72
10,72
10,72
10,72
10,72
10,72
10,72
10,72
10,72
10,72
10,72
11,72
11,72
11,72
11,72
11,72
11,72
11,72
12,71
12,71
12,71
12,71
12,71
12,71
12,72
12,72
12,72
12,72
12,72
12,72
12,72
13,72
13,72
13,72
13,72
13,72
13,72
14,72
14,72
14,72
14,72
14,72
14,72
14,71
14,71
14,71
14,71
14,71
14,71
14,71
15,72
15,72
15,72
15,72
15,72
15,72
16,71
16,71
16,71
16,71
16,71
16,71
16,72
16,72
16,72
16,72
16,72
16,72
16,72
17,72
17,72
17,72
17,72
17,72
17,72
18,72
18,72
18,72
18,72
18,72
18,72
18,72
18,72
18,72
18,72
18,72
18,72
18,72
19,72
19,72
19,72
19,72
19,72
19,72
19,71
19,71
19,71
19,71
19,71
19,71
19,71
20,72
20,72
20,72
20,72
20,72
20,72
21,71
21,71
21,71
21,71
21,71
21,71
21,71
21,72
21,72
21,72
21,72
21,72
21,72
22,72
22,72
22,72
22,72
22,72
22,72
23,71
23,71
23,71
23,71
23,71
23,71
23,71
23,72
23,72
23,72
23,72
23,72
23,72
24,72
24,72
24,72
24,72
24,72
24,72
24,72
25,72
25,72
25,72
25,72
25,72
25,72
25,72
25,72
25,72
25,72
25,72
25,72
26,72
26,72
26,72
26,72
26,72
26,72
26,72
27,71
27,71
27,71
27,71
27,71
27,71
27,72
27,72
27,72
27,72
27,72
27,72
27,72
28,72
28,72
28,72
28,72
28,72
28,72
28,72
28,72
28,72
28,72
28,72
28,72
29,72
29,72
29,72
29,72
29,72
29,72
29,72
30,72
30,72
30,72
30,72
30,72
30,72
30,72
30,72
30,72
30,72
30,72
30,72
31,71
31,71
31,71
31,71
31,71
31,71
31,71
32,72
32,72
32,72
32,72
32,72
32,72
32,72
32,72
32,72
32,72
32,72
32,72
32,72
33,72
33,72
33,72
33,72
33,72
33,72
34,72
34,72
34,72
34,72
34,72
34,72
34,72
34,72
34,72
34,72
34,72
34,72
34,72
35,71
35,71
35,71
35,71
35,71
35,71
35,71
35,71
35,71
35,71
35,71
35,71
35,71
36,71
36,71
36,71
36,71
36,71
36,71
37,72
37,72
37,72
37,72
37,72
37,72
37,72
37,72
37,72
37,72
37,72
37,72
37,72
38,71
38,71
38,71
38,71
38,71
38,71
39,72
39,72
39,72
39,72
39,72
39,72
39,72
39,72
39,72
39,72
39,72
39,72
39,72
40,72
40,72
40,72
40,72
40,72
40,72
41,72
41,72
41,72
41,72
41,72
41,72
41,72
41,71
41,71
41,71
41,71
41,71
41,71
42,71
42,71
42,71
42,71
42,71
42,71
42,71
43,72
43,72
43,72
43,72
43,72
43,72
43,72
43,72
43,72
43,72
43,72
43,72
44,72
44,72
44,72
44,72
44,72
44,72
44,72
44,71
44,71
44,71
44,71
44,71
44,71
45,72
45,72
45,72
45,72
45,72
45,72
46,72
46,72
46,72
46,72
46,72
46,72
46,72
46,71
46,71
46,71
46,71
46,71
46,71
47,72
47,72
47,72
47,72
47,72
47,72
47,72
48,71
48,71
48,71
48,71
48,71
48,71
48,71
48,71
48,71
48,71
48,71
48,71
49,72
49,72
49,72
49,72
49,72
49,72
49,72
50,71
50,71
50,71
50,71
50,71
50,71
50,72
50,72
50,72
50,72
50,72
50,72
50,72
51,72
51,72
51,72
51,72
51,72
51,72
52,72
52,72
52,72
52,72
52,72
52,72
52,71
52,71
52,71
52,71
52,71
52,71
52,71
53,72
53,72
53,72
53,72
53,72
53,72
53,72
53,72
53,72
53,72
53,72
53,72
53,72
54,72
54,72
54,72
54,72
54,72
54,72
55,71
55,71
55,71
55,71
55,71
55,71
55,72
55,72
55,72
55,72
55,72
55,72
55,72
56,72
56,72
56,72
56,72
56,72
56,72
57,72
57,72
57,72
57,72
57,72
57,72
57,72
57,72
57,72
57,72
57,72
57,72
57,72
58,72
58,72
58,72
58,72
58,72
58,72
59,71
59,71
59,71
59,71
59,71
59,71
59,71
59,71
59,71
59,71
59,71
59,71
59,71
60,71
60,71
60,71
60,71
60,71
60,71
60,72
60,72
60,72
60,72
60,72
60,72
60,72
61,72
61,72
61,72
61,72
61,72
61,72
62,71
62,71
62,71
62,71
62,71
62,71
62,71
62,72
62,72
62,72
62,72
62,72
62,72
63,72
63,72
63,72
63,72
63,72
63,72
64,72
64,72
64,72
64,72
64,72
64,72
64,72
64,72
64,72
64,72
64,72
64,72
64,72
65,71
65,71
65,71
65,71
65,71
65,71
65,71
66,72
66,72
66,72
66,72
66,72
66,72
66,72
66,72
66,72
66,72
66,72
66,72
67,71
67,71
67,71
67,71
67,71
67,71
67,71
68,71
68,71
68,71
68,71
68,71
68,71
68,72
68,72
68,72
68,72
68,72
68,72
69,72
69,72
69,72
69,72
69,72
69,72
69,72
69,72
69,72
69,72
69,72
69,72
69,72
70,71
70,71
70,71
70,71
70,71
70,71
70,71
71,72
71,72
71,72
71,72
71,72
71,72
71,71
71,71
71,71
71,71
71,71
71,71
72,72
72,72
72,72
72,72
72,72
72,72
72,72
73,72
73,72
73,72
73,72
73,72
73,72
73,72
73,72
73,72
73,72
73,72
73,72
73,72
74,71
74,71
74,71
74,71
74,71
74,71
75,71
75,71
75,71
75,71
75,71
75,71
75,71
75,71
75,71
75,71
75,71
75,71
75,71
76,72
76,72
76,72
76,72
76,72
76,72
76,72
76,72
76,72
76,72
76,72
76,72
77,72
77,72
77,72
77,72
77,72
77,72
77,72
78,72
78,72
78,72
78,72
78,72
78,72
78,72
78,72
78,72
78,72
78,72
78,72
78,72
79,71
79,71
79,71
79,71
79,71
79,71
80,72
80,72
80,72
80,72
80,72
80,72
80,71
80,71
80,71
80,71
80,71
80,71
80,71
81,71
81,71
81,71
81,71
81,71
81,71
82,72
82,72
82,72
82,72
82,72
82,72
82,72
82,71
82,71
82,71
82,71
82,71
82,71
83,72
83,72
83,72
83,72
83,72
83,72
84,72
84,72
84,72
84,72
84,72
84,72
84,72
84,72
84,72
84,72
84,72
84,72
84,72
85,71
85,71
85,71
85,71
85,71
85,71
85,72
85,72
85,72
85,72
85,72
85,72
85,72
86,72
86,72
86,72
86,72
86,72
86,72
87,72
87,72
87,72
87,72
87,72
87,72
87,72
87,72
87,72
87,72
87,72
87,72
87,72
88,72
88,72
88,72
88,72
88,72
88,72
89,72
89,72
89,72
89,72
89,72
89,72
89,72
89,72
89,72
89,72
89,72
89,72
89,72
90,72
90,72
90,72
90,72
90,72
90,72
90,72
91,72
91,72
91,72
91,72
91,72
91,72
91,72
91,72
91,72
91,72
91,72
91,72
92,72
92,72
92,72
92,72
92,72
92,72
92,72
92,72
92,72
92,72
92,72
92,72
92,72
93,71
93,71
93,71
93,71
93,71
93,71
93,71
94,72
94,72
94,72
94,72
94,72
94,72
94,72
94,72
94,72
94,72
94,72
94,72
95,72
95,72
95,72
95,72
95,72
95,72
95,72
96,72
96,72
96,72
96,72
96,72
96,72
96,71
96,71
96,71
96,71
96,71
96,71
97,71
97,71
97,71
97,71
97,71
97,71
97,71
98,72
98,72
98,72
98,72
98,72
98,72
98,72
98,72
98,72
98,72
98,72
98,72
98,72
99,71
99,71
99,71
99,71
99,71
99,71
100,72
100,72
100,72
100,72
100,72
100,72
100,72
100,72
100,72
100,72
100,72
100,72
100,72
101,71
101,71
101,71
101,71
101,71
101,71
101,72
101,72
101,72
101,72
101,72
101,72
101,72
102,72
102,72
102,72
102,72
102,72
102,72
103,72
103,72
103,72
103,72
103,72
103,72
103,71
103,71
103,71
103,71
103,71
103,71
103,71
104,72
104,72
104,72
104,72
104,72
104,72
105,72
105,72
105,72
105,72
105,72
105,72
105,72
105,72
105,72
105,72
105,72
105,72
105,72
106,72
106,72
106,72
106,72
106,72
106,72
107,72
107,72
107,72
107,72
107,72
107,72
107,72
107,71
107,71
107,71
107,71
107,71
107,71
108,71
108,71
108,71
108,71
108,71
108,71
108,71
108,71
108,71
108,71
108,71
108,71
108,71
109,72
109,72
109,72
109,72
109,72
109,72
110,71
110,71
110,71
110,71
110,71
110,71
110,71
110,72
110,72
110,72
110,72
110,72
110,72
111,72
111,72
111,72
111,72
111,72
111,72
112,71
112,71
112,71
112,71
112,71
112,71
112,71
112,72
112,72
112,72
112,72
112,72
112,72
113,72
113,72
113,72
113,72
113,72
113,72
113,72
114,72
114,72
114,72
114,72
114,72
114,72
114,71
114,71
114,71
114,71
114,71
114,71
115,72
115,72
115,72
115,72
115,72
115,72
115,72
116,72
116,72
116,72
116,72
116,72
116,72
116,72
116,72
116,72
116,72
116,72
116,72
117,72
117,72
117,72
117,72
117,72
117,72
117,72
117,71
117,71
117,71
117,71
117,71
117,71
118,72
118,72
118,72
118,72
118,72
118,72
118,72
119,72
119,72
119,72
119,72
119,72
119,72
119,72
119,72
119,72
119,72
119,72
119,72
120,72
120,72
120,72
120,72
120,72
120,72
120,72
121,72
121,72
121,72
121,72
121,72
121,72
121,72
121,72
121,72
121,72
121,72
121,72
121,72
122,72
122,72
122,72
122,72
122,72
122,72
123,72
123,72
123,72
123,72
123,72
123,72
123,72
123,72
123,72
123,72
123,72
123,72
123,72
124,72
124,72
124,72
124,72
124,72
124,72
125,72
125,72
125,72
125,72
125,72
125,72
125,72
125,72
125,72
125,72
125,72
125,72
125,72
126,72
126,72
126,72
126,72
126,72
126,72
126,72
126,72
126,72
126,72
126,72
126,72
126,72
127,72
127,72
127,72
127,72
127,72
127,72
128,71
128,71
128,71
128,71
128,71
128,71
128,72
128,72
128,72
128,72
128,72
128,72
128,72
129,72
129,72
129,72
129,72
129,72
129,72
130,72
130,72
130,72
130,72
130,72
130,72
130,72
130,72
130,72
130,72
130,72
130,72
130,72
131,72
131,72
131,72
131,72
131,72
131,72
132,72
132,72
132,72
132,72
132,72
132,72
132,72
132,72
132,72
132,72
132,72
132,72
132,72
133,71
133,71
133,71
133,71
133,71
133,71
133,72
133,72
133,72
133,72
133,72
133,72
133,72
134,72
134,72
134,72
134,72
134,72
134,72
135,72
135,72
135,72
135,72
135,72
135,72
135,72
135,72
135,72
135,72
135,72
135,72
135,72
136,72
136,72
136,72
136,72
136,72
136,72
137,72
137,72
137,72
137,72
137,72
137,72
137,72
137,72
137,72
137,72
137,72
137,72
137,72
138,72
138,72
138,72
138,72
138,72
138,72
138,72
139,72
139,72
139,72
139,72
139,72
139,72
139,72
139,72
139,72
139,72
139,72
139,72
140,72
140,72
140,72
140,72
140,72
140,72
140,72
141,72
141,72
141,72
141,72
141,72
141,72
141,72
141,72
141,72
141,72
141,72
141,72
142,72
142,72
142,72
142,72
142,72
142,72
142,72
142,72
142,72
142,72
142,72
142,72
142,72
143,72
143,72
143,72
143,72
143,72
143,72
143,72
144,71
144,71
144,71
144,71
144,71
144,71
144,72
144,72
144,72
144,72
144,72
144,72
145,72
145,72
145,72
145,72
145,72
145,72
145,72
146,72
146,72
146,72
146,72
146,72
146,72
146,72
146,72
146,72
146,72
146,72
146,72
146,72
147,72
147,72
147,72
147,72
147,72
147,72
148,72
148,72
148,72
148,72
148,72
148,72
148,72
148,72
148,72
148,72
148,72
148,72
148,72
149,72
149,72
149,72
149,72
149,72
149,72
149,72
149,72
149,72
149,72
149,72
149,72
149,72
150,72
150,72
150,72
150,72
150,72
150,72
151,72
151,72
151,72
151,72
151,72
151,72
151,72
151,72
151,72
151,72
151,72
151,72
151,72
152,72
152,72
152,72
152,72
152,72
152,72
153,72
153,72
153,72
153,72
153,72
153,72
153,72
153,72
153,72
153,72
153,72
153,72
153,72
154,72
154,72
154,72
154,72
154,72
154,72
155,72
155,72
155,72
155,72
155,72
155,72
155,72
155,72
155,72
155,72
155,72
155,72
155,72
156,72
156,72
156,72
156,72
156,72
156,72
157,72
157,72
157,72
157,72
157,72
157,72
157,72
157,72
157,72
157,72
157,72
157,72
157,72
158,72
158,72
158,72
158,72
158,72
158,72
158,72
158,72
158,72
158,72
158,72
158,72
158,72
159,72
159,72
159,72
159,72
159,72
159,72
160,72
160,72
160,72
160,72
160,72
160,72
160,72
160,72
160,72
160,72
160,72
160,72
160,72
161,72
161,72
161,72
161,72
161,72
161,72
161,72
162,71
162,71
162,71
162,71
162,71
162,71
162,72
162,72
162,72
162,72
162,72
162,72
163,71
163,71
163,71
163,71
163,71
163,71
163,71
164,72
164,72
164,72
164,72
164,72
164,72
164,71
164,71
164,71
164,71
164,71
164,71
164,71
165,72
165,72
165,72
165,72
165,72
165,72
165,72
165,72
165,72
165,72
165,72
165,72
166,71
166,71
166,71
166,71
166,71
166,71
166,71
167,72
167,72
167,72
167,72
167,72
167,72
167,72
167,72
167,72
167,72
167,72
167,72
167,72
168,72
168,72
168,72
168,72
168,72
168,72
169,72
169,72
169,72
169,72
169,72
169,72
169,71
169,71
169,71
169,71
169,71
169,71
169,71
170,71
170,71
170,71
170,71
170,71
170,71
171,72
171,72
171,72
171,72
171,72
171,72
171,72
171,71
171,71
171,71
171,71
171,71
171,71
172,72
172,72
172,72
172,72
172,72
172,72
173,72
173,72
173,72
173,72
173,72
173,72
173,72
173,72
173,72
173,72
173,72
173,72
173,72
174,72
174,72
174,72
174,72
174,72
174,72
174,72
174,72
174,72
174,72
174,72
174,72
174,72
175,71
175,71
175,71
175,71
175,71
175,71
176,71
176,71
176,71
176,71
176,71
176,71
176,71
176,71
176,71
176,71
176,71
176,71
176,71
177,72
177,72
177,72
177,72
177,72
177,72
178,72
178,72
178,72
178,72
178,72
178,72
178,72
178,71
178,71
178,71
178,71
178,71
178,71
179,72
179,72
179,72
179,72
179,72
179,72
179,72
180,72
180,72
180,72
180,72
180,72
180,72
180,72
180,72
180,72
180,72
180,72
180,72
181,72
181,72
181,72
181,72
181,72
181,72
181,72
182,72
182,72
182,72
182,72
182,72
182,72
182,71
182,71
182,71
182,71
182,71
182,71
182,71
183,71
183,71
183,71
183,71
183,71
183,71
183,72
183,72
183,72
183,72
183,72
183,72
184,72
184,72
184,72
184,72
184,72
184,72
184,72
185,72
185,72
185,72
185,72
185,72
185,72
185,72
185,72
185,72
185,72
185,72
185,72
185,72
186,72
186,72
186,72
186,72
186,72
186,72
187,72
187,72
187,72
187,72
187,72
187,72
187,71
187,71
187,71
187,71
187,71
187,71
187,71
188,72
188,72
188,72
188,72
188,72
188,72
189,72
189,72
189,72
189,72
189,72
189,72
189,72
189,72
189,72
189,72
189,72
189,72
189,72
190,71
190,71
190,71
190,71
190,71
190,71
190,72
190,72
190,72
190,72
190,72
190,72
190,72
191,72
191,72
191,72
191,72
191,72
191,72
192,72
192,72
192,72
192,72
192,72
192,72
192,72
192,72
192,72
192,72
192,72
192,72
192,72
193,72
193,72
193,72
193,72
193,72
193,72
194,72
194,72
194,72
194,72
194,72
194,72
194,72
194,72
194,72
194,72
194,72
194,72
194,72
195,71
195,71
195,71
195,71
195,71
195,71
196,72
196,72
196,72
196,72
196,72
196,72
196,72
196,72
196,72
196,72
196,72
196,72
196,72
197,72
197,72
197,72
197,72
197,72
197,72
197,72
198,72
198,72
198,72
198,72
198,72
198,72
198,72
198,72
198,72
198,72
198,72
198,72
199,71
199,71
199,71
199,71
199,71
199,71
199,71
199,72
199,72
199,72
199,72
199,72
199,72
200,72
200,72
200,72
200,72
200,72
200,72
200,72
201,71
201,71
201,71
201,71
201,71
201,71
201,71
201,71
201,71
201,71
201,71
201,71
202,72
202,72
202,72
202,72
202,72
202,72
202,72
203,72
203,72
203,72
203,72
203,72
203,72
203,72
203,72
203,72
203,72
203,72
203,72
204,72
204,72
204,72
204,72
204,72
204,72
204,72
205,72
205,72
205,72
205,72
205,72
205,72
205,72
205,72
205,72
205,72
205,72
205,72
205,72
206,72
206,72
206,72
206,72
206,72
206,72
207,72
207,72
207,72
207,72
207,72
207,72
207,72
207,72
207,72
207,72
207,72
207,72
207,72
208,72
208,72
208,72
208,72
208,72
208,72
208,72
208,72
208,72
208,72
208,72
208,72
208,72
209,72
209,72
209,72
209,72
209,72
209,72
210,72
210,72
210,72
210,72
210,72
210,72
210,72
210,72
210,72
210,72
210,72
210,72
210,72
211,71
211,71
211,71
211,71
211,71
211,71
212,72
212,72
212,72
212,72
212,72
212,72
212,72
212,72
212,72
212,72
212,72
212,72
212,72
213,72
213,72
213,72
213,72
213,72
213,72
214,71
214,71
214,71
214,71
214,71
214,71
214,71
214,72
214,72
214,72
214,72
214,72
214,72
215,72
215,72
215,72
215,72
215,72
215,72
215,72
215,72
215,72
215,72
215,72
215,72
215,72
216,71
216,71
216,71
216,71
216,71
216,71
217,71
217,71
217,71
217,71
217,71
217,71
217,71
217,72
217,72
217,72
217,72
217,72
217,72
218,72
218,72
218,72
218,72
218,72
218,72
219,72
219,72
219,72
219,72
219,72
219,72
219,72
219,72
219,72
219,72
219,72
219,72
219,72
220,71
220,71
220,71
220,71
220,71
220,71
220,71
221,71
221,71
221,71
221,71
221,71
221,71
221,72
221,72
221,72
221,72
221,72
221,72
222,71
222,71
222,71
222,71
222,71
222,71
222,71
223,72
223,72
223,72
223,72
223,72
223,72
223,72
223,72
223,72
223,72
223,72
223,72
223,72
224,71
224,71
224,71
224,71
224,71
224,71
224,72
224,72
224,72
224,72
224,72
224,72
225,72
225,72
225,72
225,72
225,72
225,72
225,72
226,72
226,72
226,72
226,72
226,72
226,72
226,72
226,72
226,72
226,72
226,72
226,72
227,72
227,72
227,72
227,72
227,72
227,72
227,72
228,72
228,72
228,72
228,72
228,72
228,72
228,72
228,72
228,72
228,72
228,72
228,72
228,72
229,71
229,71
229,71
229,71
229,71
229,71
230,72
230,72
230,72
230,72
230,72
230,72
230,72
230,72
230,72
230,72
230,72
230,72
230,72
231,72
231,72
231,72
231,72
231,72
231,72
231,72
231,72
231,72
231,72
231,72
231,72
231,72
232,71
232,71
232,71
232,71
232,71
232,71
233,72
233,72
233,72
233,72
233,72
233,72
233,71
233,71
233,71
233,71
233,71
233,71
233,71
234,72
234,72
234,72
234,72
234,72
234,72
235,72
235,72
235,72
235,72
235,72
235,72
235,72
235,71
235,71
235,71
235,71
235,71
235,71
236,71
236,71
236,71
236,71
236,71
236,71
237,72
237,72
237,72
237,72
237,72
237,72
237,72
237,72
237,72
237,72
237,72
237,72
237,72
238,72
238,72
238,72
238,72
238,72
238,72
238,72
239,72
239,72
239,72
239,72
239,72
239,72
239,72
239,72
239,72
239,72
239,72
239,72
240,72
240,72
240,72
240,72
240,72
240,72
240,72
240,72
240,72
240,72
240,72
240,72
240,72
241,72
241,72
241,72
241,72
241,72
241,72
242,72
242,72
242,72
242,72
242,72
242,72
242,72
242,72
242,72
242,72
242,72
242,72
242,72
243,72
243,72
243,72
243,72
243,72
243,72
243,72
244,72
244,72
244,72
244,72
244,72
244,72
244,72
244,72
244,72
244,72
244,72
244,72
245,72
245,72
245,72
245,72
245,72
245,72
245,72
246,72
246,72
246,72
246,72
246,72
246,72
246,72
246,72
246,72
246,72
246,72
246,72
246,72
247,72
247,72
247,72
247,72
247,72
247,72
248,72
248,72
248,72
248,72
248,72
248,72
248,72
248,72
248,72
248,72
248,72
248,72
248,72
249,72
249,72
249,72
249,72
249,72
249,72
249,72
249,72
249,72
249,72
249,72
249,72
250,71
250,71
250,71
250,71
250,71
250,71
250,71
251,72
251,72
251,72
251,72
251,72
251,72
251,72
251,72
251,72
251,72
251,72
251,72
251,72
252,72
252,72
252,72
252,72
252,72
252,72
253,72
253,72
253,72
253,72
253,72
253,72
253,72
253,72
253,72
253,72
253,72
253,72
253,72
254,72
254,72
254,72
254,72
254,72
254,72
255,72
255,72
255,72
255,72
255,72
255,72
255,72
255,72
255,72
255,72
255,72
255,72
255,72
256,72
256,72
256,72
256,72
256,72
256,72
256,72
256,72
256,72
256,72
256,72
256,72
256,72
257,72
257,72
257,72
257,72
257,72
257,72
258,72
258,72
258,72
258,72
258,72
258,72
258,72
258,72
258,72
258,72
258,72
258,72
258,72
259,72
259,72
259,72
259,72
259,72
259,72
260,72
260,72
260,72
260,72
260,72
260,72
260,72
260,72
260,72
260,72
260,72
260,72
260,72
261,72
261,72
261,72
261,72
261,72
261,72
262,72
262,72
262,72
262,72
262,72
262,72
262,72
262,72
262,72
262,72
262,72
262,72
262,72
263,72
263,72
263,72
263,72
263,72
263,72
263,72
264,72
264,72
264,72
264,72
264,72
264,72
264,72
264,72
264,72
264,72
264,72
264,72
265,72
265,72
265,72
265,72
265,72
265,72
265,72
265,72
265,72
265,72
265,72
265,72
265,72
266,72
266,72
266,72
266,72
266,72
266,72
266,72
267,72
267,72
267,72
267,72
267,72
267,72
267,72
267,72
267,72
267,72
267,72
267,72
268,72
268,72
268,72
268,72
268,72
268,72
268,72
269,72
269,72
269,72
269,72
269,72
269,72
269,71
269,71
269,71
269,71
269,71
269,71
270,72
270,72
270,72
270,72
270,72
270,72
270,72
271,72
271,72
271,72
271,72
271,72
271,72
271,72
271,72
271,72
271,72
271,72
271,72
271,72
272,72
272,72
272,72
272,72
272,72
272,72
272,72
272,72
272,72
272,72
272,72
272,72
273,71
273,71
273,71
273,71
273,71
273,71
273,71
274,72
274,72
274,72
274,72
274,72
274,72
274,72
274,72
274,72
274,72
274,72
274,72
274,72
275,72
275,72
275,72
275,72
275,72
275,72
276,72
276,72
276,72
276,72
276,72
276,72
276,71
276,71
276,71
276,71
276,71
276,71
276,71
277,71
277,71
277,71
277,71
277,71
277,71
278,72
278,72
278,72
278,72
278,72
278,72
278,72
278,72
278,72
278,72
278,72
278,72
278,72
279,72
279,72
279,72
279,72
279,72
279,72
280,72
280,72
280,72
280,72
280,72
280,72
280,72
280,71
280,71
280,71
280,71
280,71
280,71
281,72
281,72
281,72
281,72
281,72
281,72
281,72
281,72
281,72
281,72
281,72
281,72
281,72
282,72
282,72
282,72
282,72
282,72
282,72
283,72
283,72
283,72
283,72
283,72
283,72
283,72
283,72
283,72
283,72
283,72
283,72
283,72
284,72
284,72
284,72
284,72
284,72
284,72
285,72
285,72
285,72
285,72
285,72
285,72
285,72
285,72
285,72
285,72
285,72
285,72
285,72
286,72
286,72
286,72
286,72
286,72
286,72
286,72
287,71
287,71
287,71
287,71
287,71
287,71
287,72
287,72
287,72
287,72
287,72
287,72
288,72
288,72
288,72
288,72
288,72
288,72
288,72
289,71
289,71
289,71
289,71
289,71
289,71
289,72
289,72
289,72
289,72
289,72
289,72
289,72
290,72
290,72
290,72
290,72
290,72
290,72
290,72
290,72
290,72
290,72
290,72
290,72
291,72
291,72
291,72
291,72
291,72
291,72
291,72
292,72
292,72
292,72
292,72
292,72
292,72
292,72
292,72
292,72
292,72
292,72
292,72
293,71
293,71
293,71
293,71
293,71
293,71
293,71
294,72
294,72
294,72
294,72
294,72
294,72
294,72
294,72
294,72
294,72
294,72
294,72
294,72
295,72
295,72
295,72
295,72
295,72
295,72
296,72
296,72
296,72
296,72
296,72
296,72
296,72
296,72
296,72
296,72
296,72
296,72
296,72
297,72
297,72
297,72
297,72
297,72
297,72
297,72
297,72
297,72
297,72
297,72
297,72
298,72
298,72
298,72
298,72
298,72
298,72
298,72
299,72
299,72
299,72
299,72
299,72
299,72
299,72
299,72
299,72
299,72
299,72
299,72
299,72
300,72
300,72
300,72
300,72
300,72
300,72
301,72
301,72
301,72
301,72
301,72
301,72
301,71
301,71
301,71
301,71
301,71
301,71
301,71
302,71
302,71
302,71
302,71
302,71
302,71
303,72
303,72
303,72
303,72
303,72
303,72
303,72
303,72
303,72
303,72
303,72
303,72
303,72
304,72
304,72
304,72
304,72
304,72
304,72
305,72
305,72
305,72
305,72
305,72
305,72
305,72
305,72
305,72
305,72
305,72
305,72
305,72
306,72
306,72
306,72
306,72
306,72
306,72
306,72
306,72
306,72
306,72
306,72
306,72
306,72
307,72
307,72
307,72
307,72
307,72
307,72
308,72
308,72
308,72
308,72
308,72
308,72
308,72
308,72
308,72
308,72
308,72
308,72
308,72
309,72
309,72
309,72
309,72
309,72
309,72
309,72
310,72
310,72
310,72
310,72
310,72
310,72
310,72
310,72
310,72
310,72
310,72
310,72
311,71
311,71
311,71
311,71
311,71
311,71
311,71
312,72
312,72
312,72
312,72
312,72
312,72
312,72
312,72
312,72
312,72
312,72
312,72
313,72
313,72
313,72
313,72
313,72
313,72
313,72
313,72
313,72
313,72
313,72
313,72
313,72
314,72
314,72
314,72
314,72
314,72
314,72
314,72
315,72
315,72
315,72
315,72
315,72
315,72
315,72
315,72
315,72
315,72
315,72
315,72
316,72
316,72
316,72
316,72
316,72
316,72
316,72
317,72
317,72
317,72
317,72
317,72
317,72
317,72
317,72
317,72
317,72
317,72
317,72
317,72
318,72
318,72
318,72
318,72
318,72
318,72
319,72
319,72
319,72
319,72
319,72
319,72
319,72
319,72
319,72
319,72
319,72
319,72
319,72
320,71
320,71
320,71
320,71
320,71
320,71
321,72
321,72
321,72
321,72
321,72
321,72
321,72
321,72
321,72
321,72
321,72
321,72
321,72
322,71
322,71
322,71
322,71
322,71
322,71
322,71
322,71
322,71
322,71
322,71
322,71
322,71
323,72
323,72
323,72
323,72
323,72
323,72
324,72
324,72
324,72
324,72
324,72
324,72
324,72
324,72
324,72
324,72
324,72
324,72
324,72
325,71
325,71
325,71
325,71
325,71
325,71
326,71
326,71
326,71
326,71
326,71
326,71
326,71
326,72
326,72
326,72
326,72
326,72
326,72
327,72
327,72
327,72
327,72
327,72
327,72
328,72
328,72
328,72
328,72
328,72
328,72
328,72
328,71
328,71
328,71
328,71
328,71
328,71
329,72
329,72
329,72
329,72
329,72
329,72
329,72
329,72
329,72
329,72
329,72
329,72
329,72
330,72
330,72
330,72
330,72
330,72
330,72
331,71
331,71
331,71
331,71
331,71
331,71
331,71
331,72
331,72
331,72
331,72
331,72
331,72
332,72
332,72
332,72
332,72
332,72
332,72
333,72
333,72
333,72
333,72
333,72
333,72
333,72
333,71
333,71
333,71
333,71
333,71
333,71
334,72
334,72
334,72
334,72
334,72
334,72
334,72
335,72
335,72
335,72
335,72
335,72
335,72
335,71
335,71
335,71
335,71
335,71
335,71
336,72
336,72
336,72
336,72
336,72
336,72
336,72
337,72
337,72
337,72
337,72
337,72
337,72
337,72
337,72
337,72
337,72
337,72
337,72
337,72
338,72
338,72
338,72
338,72
338,72
338,72
338,72
338,72
338,72
338,72
338,72
338,72
339,72
339,72
339,72
339,72
339,72
339,72
339,72
340,72
340,72
340,72
340,72
340,72
340,72
340,72
340,72
340,72
340,72
340,72
340,72
340,72
341,72
341,72
341,72
341,72
341,72
341,72
342,72
342,72
342,72
342,72
342,72
342,72
342,71
342,71
342,71
342,71
342,71
342,71
342,71
343,72
343,72
343,72
343,72
343,72
343,72
344,72
344,72
344,72
344,72
344,72
344,72
344,72
344,72
344,72
344,72
344,72
344,72
344,72
345,72
345,72
345,72
345,72
345,72
345,72
345,72
345,72
345,72
345,72
345,72
345,72
345,72
346,72
346,72
346,72
346,72
346,72
346,72
347,71
347,71
347,71
347,71
347,71
347,71
347,71
347,72
347,72
347,72
347,72
347,72
347,72
348,72
348,72
348,72
348,72
348,72
348,72
349,72
349,72
349,72
349,72
349,72
349,72
349,72
349,71
349,71
349,71
349,71
349,71
349,71
350,71
350,71
350,71
350,71
350,71
350,71
351,72
351,72
351,72
351,72
351,72
351,72
351,72
351,72
351,72
351,72
351,72
351,72
351,72
352,72
352,72
352,72
352,72
352,72
352,72
352,72
353,72
353,72
353,72
353,72
353,72
353,72
353,71
353,71
353,71
353,71
353,71
353,71
354,71
354,71
354,71
354,71
354,71
354,71
354,71
354,72
354,72
354,72
354,72
354,72
354,72
355,72
355,72
355,72
355,72
355,72
355,72
355,72
356,72
356,72
356,72
356,72
356,72
356,72
356,72
356,72
356,72
356,72
356,72
356,72
357,72
357,72
357,72
357,72
357,72
357,72
357,72
358,72
358,72
358,72
358,72
358,72
358,72
358,71
358,71
358,71
358,71
358,71
358,71
359,72
359,72
359,72
359,72
359,72
359,72
359,72
360,71
360,71
360,71
360,71
360,71
360,71
360,71
360,71
360,71
360,71
360,71
360,71
360,71
361,72
361,72
361,72
361,72
361,72
361,72
362,72
362,72
362,72
362,72
362,72
362,72
362,71
362,71
362,71
362,71
362,71
362,71
362,71
363,72
363,72
363,72
363,72
363,72
363,72
363,72
363,72
363,72
363,72
363,72
363,72
363,72
364,72
364,72
364,72
364,72
364,72
364,72
365,71
365,71
365,71
365,71
365,71
365,71
365,72
365,72
365,72
365,72
365,72
365,72
365,72
366,72
366,72
366,72
366,72
366,72
366,72
367,71
367,71
367,71
367,71
367,71
367,71
367,71
367,72
367,72
367,72
367,72
367,72
367,72
368,71
368,71
368,71
368,71
368,71
368,71
369,71
369,71
369,71
369,71
369,71
369,71
369,71
369,72
369,72
369,72
369,72
369,72
369,72
370,72
370,72
370,72
370,72
370,72
370,72
370,71
370,71
370,71
370,71
370,71
370,71
370,71
371,72
371,72
371,72
371,72
371,72
371,72
372,72
372,72
372,72
372,72
372,72
372,72
372,72
372,72
372,72
372,72
372,72
372,72
372,72
373,72
373,72
373,72
373,72
373,72
373,72
374,72
374,72
374,72
374,72
374,72
374,72
374,72
374,72
374,72
374,72
374,72
374,72
374,72
375,72
375,72
375,72
375,72
375,72
375,72
375,72
376,72
376,72
376,72
376,72
376,72
376,72
376,72
376,72
376,72
376,72
376,72
376,72
377,72
377,72
377,72
377,72
377,72
377,72
377,72
378,72
378,72
378,72
378,72
378,72
378,72
378,72
378,72
378,72
378,72
378,72
378,72
378,72
379,72
379,72
379,72
379,72
379,72
379,72
379,72
379,72
379,72
379,72
379,72
379,72
380,71
380,71
380,71
380,71
380,71
380,71
380,71
381,72
381,72
381,72
381,72
381,72
381,72
381,72
381,72
381,72
381,72
381,72
381,72
382,72
382,72
382,72
382,72
382,72
382,72
382,72
383,72
383,72
383,72
383,72
383,72
383,72
383,72
383,72
383,72
383,72
383,72
383,72
383,72
384,72
384,72
384,72
384,72
384,72
384,72
385,72
385,72
385,72
385,72
385,72
385,72
385,72
385,72
385,72
385,72
385,72
385,72
385,72
386,72
386,72
386,72
386,72
386,72
386,72
386,72
386,72
386,72
386,72
386,72
386,72
386,72
387,72
387,72
387,72
387,72
387,72
387,72
388,72
388,72
388,72
388,72
388,72
388,72
388,72
388,72
388,72
388,72
388,72
388,72
388,72
389,72
389,72
389,72
389,72
389,72
389,72
390,72
390,72
390,72
390,72
390,72
390,72
390,72
390,72
390,72
390,72
390,72
390,72
390,72
391,72
391,72
391,72
391,72
391,72
391,72
392,72
392,72
392,72
392,72
392,72
392,72
392,72
392,72
392,72
392,72
392,72
392,72
392,72
393,72
393,72
393,72
393,72
393,72
393,72
394,72
394,72
394,72
394,72
394,72
394,72
394,72
394,72
394,72
394,72
394,72
394,72
394,72
395,72
395,72
395,72
395,72
395,72
395,72
395,72
395,71
395,71
395,71
395,71
395,71
395,71
396,72
396,72
396,72
396,72
396,72
396,72
397,72
397,72
397,72
397,72
397,72
397,72
397,72
397,72
397,72
397,72
397,72
397,72
397,72
398,71
398,71
398,71
398,71
398,71
398,71
398,71
399,72
399,72
399,72
399,72
399,72
399,72
399,72
399,72
399,72
399,72
399,72
399,72
400,72
400,72
400,72
400,72
400,72
400,72
400,72
401,72
401,72
401,72
401,72
401,72
401,72
401,72
401,72
401,72
401,72
401,72
401,72
402,72
402,72
402,72
402,72
402,72
402,72
402,72
402,72
402,72
402,72
402,72
402,72
402,72
403,72
403,72
403,72
403,72
403,72
403,72
403,72
404,72
404,72
404,72
404,72
404,72
404,72
404,72
404,72
404,72
404,72
404,72
404,72
405,71
405,71
405,71
405,71
405,71
405,71
405,71
406,72
406,72
406,72
406,72
406,72
406,72
406,72
406,72
406,72
406,72
406,72
406,72
406,72
407,72
407,72
407,72
407,72
407,72
407,72
408,72
408,72
408,72
408,72
408,72
408,72
408,71
408,71
408,71
408,71
408,71
408,71
408,71
409,72
409,72
409,72
409,72
409,72
409,72
410,72
410,72
410,72
410,72
410,72
410,72
410,72
410,72
410,72
410,72
410,72
410,72
410,72
411,71
411,71
411,71
411,71
411,71
411,71
411,72
411,72
411,72
411,72
411,72
411,72
411,72
412,71
412,71
412,71
412,71
412,71
412,71
413,72
413,72
413,72
413,72
413,72
413,72
413,72
413,72
413,72
413,72
413,72
413,72
413,72
414,72
414,72
414,72
414,72
414,72
414,72
415,72
415,72
415,72
415,72
415,72
415,72
415,72
415,71
415,71
415,71
415,71
415,71
415,71
416,71
416,71
416,71
416,71
416,71
416,71
417,72
417,72
417,72
417,72
417,72
417,72
417,72
417,72
417,72
417,72
417,72
417,72
417,72
418,72
418,72
418,72
418,72
418,72
418,72
418,72
418,72
418,72
418,72
418,72
418,72
418,72
419,72
419,72
419,72
419,72
419,72
419,72
420,71
420,71
420,71
420,71
420,71
420,71
420,71
420,72
420,72
420,72
420,72
420,72
420,72
421,71
421,71
421,71
421,71
421,71
421,71
422,72
422,72
422,72
422,72
422,72
422,72
422,72
422,72
422,72
422,72
422,72
422,72
422,72
423,72
423,72
423,72
423,72
423,72
423,72
423,72
424,72
424,72
424,72
424,72
424,72
424,72
424,72
424,72
424,72
424,72
424,72
424,72
425,72
425,72
425,72
425,72
425,72
425,72
425,72
426,72
426,72
426,72
426,72
426,72
426,72
426,72
426,72
426,72
426,72
426,72
426,72
427,72
427,72
427,72
427,72
427,72
427,72
427,72
427,72
427,72
427,72
427,72
427,72
427,72
428,72
428,72
428,72
428,72
428,72
428,72
428,72
429,72
429,72
429,72
429,72
429,72
429,72
429,72
429,72
429,72
429,72
429,72
429,72
430,71
430,71
430,71
430,71
430,71
430,71
430,71
431,72
431,72
431,72
431,72
431,72
431,72
431,71
431,71
431,71
431,71
431,71
431,71
431,71
432,72
432,72
432,72
432,72
432,72
432,72
433,72
433,72
433,72
433,72
433,72
433,72
433,72
433,72
433,72
433,72
433,72
433,72
433,72
434,72
434,72
434,72
434,72
434,72
434,72
435,72
435,72
435,72
435,72
435,72
435,72
435,72
435,72
435,72
435,72
435,72
435,72
435,72
436,71
436,71
436,71
436,71
436,71
436,71
436,72
436,72
436,72
436,72
436,72
436,72
436,72
437,72
437,72
437,72
437,72
437,72
437,72
438,72
438,72
438,72
438,72
438,72
438,72
438,72
438,72
438,72
438,72
438,72
438,72
438,72
439,72
439,72
439,72
439,72
439,72
439,72
440,71
440,71
440,71
440,71
440,71
440,71
440,71
440,72
440,72
440,72
440,72
440,72
440,72
441,72
441,72
441,72
441,72
441,72
441,72
442,72
442,72
442,72
442,72
442,72
442,72
442,72
442,72
442,72
442,72
442,72
442,72
442,72
443,72
443,72
443,72
443,72
443,72
443,72
443,72
443,72
443,72
443,72
443,72
443,72
443,72
444,72
444,72
444,72
444,72
444,72
444,72
445,72
445,72
445,72
445,72
445,72
445,72
445,72
445,72
445,72
445,72
445,72
445,72
445,72
446,72
446,72
446,72
446,72
446,72
446,72
447,72
447,72
447,72
447,72
447,72
447,72
447,72
447,72
447,72
447,72
447,72
447,72
447,72
448,72
448,72
448,72
448,72
448,72
448,72
448,72
449,72
449,72
449,72
449,72
449,72
449,72
449,72
449,72
449,72
449,72
449,72
449,72
450,72
450,72
450,72
450,72
450,72
450,72
450,72
451,72
451,72
451,72
451,72
451,72
451,72
451,72
451,72
451,72
451,72
451,72
451,72
452,72
452,72
452,72
452,72
452,72
452,72
452,72
452,72
452,72
452,72
452,72
452,72
452,72
453,71
453,71
453,71
453,71
453,71
453,71
453,71
454,72
454,72
454,72
454,72
454,72
454,72
454,71
454,71
454,71
454,71
454,71
454,71
455,72
455,72
455,72
455,72
455,72
455,72
455,72
456,72
456,72
456,72
456,72
456,72
456,72
456,72
456,72
456,72
456,72
456,72
456,72
456,72
457,72
457,72
457,72
457,72
457,72
457,72
458,72
458,72
458,72
458,72
458,72
458,72
458,72
458,72
458,72
458,72
458,72
458,72
458,72
459,72
459,72
459,72
459,72
459,72
459,72
459,72
459,72
459,72
459,72
459,72
459,72
459,72
460,71
460,71
460,71
460,71
460,71
460,71
461,71
461,71
461,71
461,71
461,71
461,71
461,72
461,72
461,72
461,72
