0,0
0,84
0,84
0,84
0,84
0,84
0,84
0,84
0,83
0,83
0,83
0,83
0,83
0,83
1,76
1,76
1,76
1,76
1,76
1,76
2,83
2,83
2,83
2,83
2,83
2,83
2,83
2,83
2,83
2,83
2,83
2,83
2,83
3,83
3,83
3,83
3,83
3,83
3,83
3,83
3,82
3,82
3,82
3,82
3,82
3,82
4,83
4,83
4,83
4,83
4,83
4,83
5,83
5,83
5,83
5,83
5,83
5,83
5,83
5,83
5,83
5,83
5,83
5,83
5,83
6,83
6,83
6,83
6,83
6,83
6,83
6,83
7,83
7,83
7,83
7,83
7,83
7,83
7,83
7,83
7,83
7,83
7,83
7,83
8,82
8,82
8,82
8,82
8,82
8,82
8,82
9,82
9,82
9,82
9,82
9,82
9,82
9,83
9,83
9,83
9,83
9,83
9,83
9,83
10,83
10,83
10,83
10,83
10,83
10,83
10,83
10,83
10,83
10,83
10,83
10,83
11,82
11,82
11,82
11,82
11,82
11,82
11,82
12,82
12,82
12,82
12,82
12,82
12,82
12,82
12,82
12,82
12,82
12,82
12,82
12,82
13,83
13,83
13,83
13,83
13,83
13,83
14,82
14,82
14,82
14,82
14,82
14,82
14,83
14,83
14,83
14,83
14,83
14,83
14,83
15,83
15,83
15,83
15,83
15,83
15,83
16,82
16,82
16,82
16,82
16,82
16,82
16,83
16,83
16,83
16,83
16,83
16,83
16,83
17,83
17,83
17,83
17,83
17,83
17,83
18,83
18,83
18,83
18,83
18,83
18,83
18,83
18,83
18,83
18,83
18,83
18,83
18,83
19,83
19,83
19,83
19,83
19,83
19,83
19,82
19,82
19,82
19,82
19,82
19,82
19,82
20,83
20,83
20,83
20,83
20,83
20,83
21,83
21,83
21,83
21,83
21,83
21,83
21,83
21,83
21,83
21,83
21,83
21,83
21,83
22,83
22,83
22,83
22,83
22,83
22,83
23,83
23,83
23,83
23,83
23,83
23,83
23,83
23,83
23,83
23,83
23,83
23,83
23,83
24,83
24,83
24,83
24,83
24,83
24,83
24,83
25,83
25,83
25,83
25,83
25,83
25,83
25,83
25,83
25,83
25,83
25,83
25,83
26,83
26,83
26,83
26,83
26,83
26,83
26,83
26,83
26,83
26,83
26,83
26,83
26,83
27,83
27,83
27,83
27,83
27,83
27,83
28,84
28,84
28,84
28,84
28,84
28,84
28,84
28,83
28,83
28,83
28,83
28,83
28,83
29,83
29,83
29,83
29,83
29,83
29,83
29,83
30,83
30,83
30,83
30,83
30,83
30,83
30,83
30,83
30,83
30,83
30,83
30,83
31,83
31,83
31,83
31,83
31,83
31,83
31,83
32,84
32,84
32,84
32,84
32,84
32,84
32,83
32,83
32,83
32,83
32,83
32,83
32,83
33,83
33,83
33,83
33,83
33,83
33,83
34,83
34,83
34,83
34,83
34,83
34,83
34,83
34,83
34,83
34,83
34,83
34,83
34,83
35,83
35,83
35,83
35,83
35,83
35,83
35,83
35,83
35,83
35,83
35,83
35,83
35,83
36,84
36,84
36,84
36,84
36,84
36,84
37,83
37,83
37,83
37,83
37,83
37,83
37,83
37,83
37,83
37,83
37,83
37,83
37,83
38,83
38,83
38,83
38,83
38,83
38,83
39,83
39,83
39,83
39,83
39,83
39,83
39,83
39,83
39,83
39,83
39,83
39,83
39,83
40,83
40,83
40,83
40,83
40,83
40,83
41,83
41,83
41,83
41,83
41,83
41,83
41,83
41,84
41,84
41,84
41,84
41,84
41,84
42,83
42,83
42,83
42,83
42,83
42,83
42,83
42,83
42,83
42,83
42,83
42,83
42,83
43,83
43,83
43,83
43,83
43,83
43,83
44,83
44,83
44,83
44,83
44,83
44,83
44,83
44,83
44,83
44,83
44,83
44,83
44,83
45,83
45,83
45,83
45,83
45,83
45,83
46,83
46,83
46,83
46,83
46,83
46,83
46,83
46,83
46,83
46,83
46,83
46,83
46,83
47,83
47,83
47,83
47,83
47,83
47,83
48,84
48,84
48,84
48,84
48,84
48,84
48,84
48,83
48,83
48,83
48,83
48,83
48,83
49,83
49,83
49,83
49,83
49,83
49,83
49,83
50,84
50,84
50,84
50,84
50,84
50,84
50,83
50,83
50,83
50,83
50,83
50,83
51,84
51,84
51,84
51,84
51,84
51,84
51,84
51,84
51,84
51,84
51,84
51,84
51,84
52,84
52,84
52,84
52,84
52,84
52,84
53,84
53,84
53,84
53,84
53,84
53,84
53,84
53,84
53,84
53,84
53,84
53,84
53,84
54,84
54,84
54,84
54,84
54,84
54,84
54,84
55,84
55,84
55,84
55,84
55,84
55,84
55,84
55,84
55,84
55,84
55,84
55,84
56,84
56,84
56,84
56,84
56,84
56,84
56,84
57,84
57,84
57,84
57,84
57,84
57,84
57,83
57,83
57,83
57,83
57,83
57,83
58,84
58,84
58,84
58,84
58,84
58,84
58,84
58,83
58,83
58,83
58,83
58,83
58,83
59,84
59,84
59,84
59,84
59,84
59,84
59,84
60,83
60,83
60,83
60,83
60,83
60,83
60,83
60,83
60,83
60,83
60,83
60,83
61,83
61,83
61,83
61,83
61,83
61,83
61,83
62,83
62,83
62,83
62,83
62,83
62,83
62,83
62,83
62,83
62,83
62,83
62,83
62,83
63,83
63,83
63,83
63,83
63,83
63,83
64,84
64,84
64,84
64,84
64,84
64,84
64,83
64,83
64,83
64,83
64,83
64,83
64,83
65,83
65,83
65,83
65,83
65,83
65,83
66,83
66,83
66,83
66,83
66,83
66,83
66,83
66,83
66,83
66,83
66,83
66,83
66,83
67,83
67,83
67,83
67,83
67,83
67,83
67,83
67,83
67,83
67,83
67,83
67,83
67,83
68,83
68,83
68,83
68,83
68,83
68,83
69,83
69,83
69,83
69,83
69,83
69,83
69,83
69,83
69,83
69,83
69,83
69,83
69,83
70,83
70,83
70,83
70,83
70,83
70,83
71,83
71,83
71,83
71,83
71,83
71,83
71,83
71,83
71,83
71,83
71,83
71,83
71,83
72,83
72,83
72,83
72,83
72,83
72,83
73,83
73,83
73,83
73,83
73,83
73,83
73,83
73,83
73,83
73,83
73,83
73,83
73,83
74,83
74,83
74,83
74,83
74,83
74,83
74,83
74,83
74,83
74,83
74,83
74,83
74,83
75,83
75,83
75,83
75,83
75,83
75,83
76,83
76,83
76,83
76,83
76,83
76,83
76,83
76,83
76,83
76,83
76,83
76,83
76,83
77,83
77,83
77,83
77,83
77,83
77,83
78,83
78,83
78,83
78,83
78,83
78,83
78,83
78,83
78,83
78,83
78,83
78,83
78,83
79,83
79,83
79,83
79,83
79,83
79,83
80,83
80,83
80,83
80,83
80,83
80,83
80,83
80,83
80,83
80,83
80,83
80,83
80,83
81,83
81,83
81,83
81,83
81,83
81,83
81,83
81,83
81,83
81,83
81,83
81,83
81,83
82,83
82,83
82,83
82,83
82,83
82,83
83,83
83,83
83,83
83,83
83,83
83,83
83,83
83,83
83,83
83,83
83,83
83,83
83,83
84,83
84,83
84,83
84,83
84,83
84,83
85,82
85,82
85,82
85,82
85,82
85,82
85,82
85,83
85,83
85,83
85,83
85,83
85,83
86,83
86,83
86,83
86,83
86,83
86,83
87,83
87,83
87,83
87,83
87,83
87,83
87,83
87,83
87,83
87,83
87,83
87,83
87,83
88,83
88,83
88,83
88,83
88,83
88,83
88,83
89,83
89,83
89,83
89,83
89,83
89,83
89,83
89,83
89,83
89,83
89,83
89,83
90,84
90,84
90,84
90,84
90,84
90,84
90,84
90,84
90,84
90,84
90,84
90,84
90,84
91,84
91,84
91,84
91,84
91,84
91,84
91,84
92,83
92,83
92,83
92,83
92,83
92,83
92,83
92,83
92,83
92,83
92,83
92,83
93,83
93,83
93,83
93,83
93,83
93,83
93,83
94,84
94,84
94,84
94,84
94,84
94,84
