0,0
0,71
0,71
0,71
0,71
0,71
0,71
0,71
0,72
0,72
0,72
0,72
0,72
0,72
1,71
1,71
1,71
1,71
1,71
1,71
1,71
2,71
2,71
2,71
2,71
2,71
2,71
2,72
2,72
2,72
2,72
2,72
2,72
3,72
3,72
3,72
3,72
3,72
3,72
3,72
3,72
3,72
3,72
3,72
3,72
3,72
4,71
4,71
4,71
4,71
4,71
4,71
5,71
5,71
5,71
5,71
5,71
5,71
5,71
5,71
5,71
5,71
5,71
5,71
5,71
6,71
6,71
6,71
6,71
6,71
6,71
6,71
7,72
7,72
7,72
7,72
7,72
7,72
7,71
7,71
7,71
7,71
7,71
7,71
8,71
8,71
8,71
8,71
8,71
8,71
8,71
9,71
9,71
9,71
9,71
9,71
9,71
9,71
9,71
9,71
9,71
9,71
9,71
10,72
10,72
10,72
10,72
10,72
10,72
10,72
10,72
10,72
10,72
10,72
10,72
10,72
11,72
11,72
11,72
11,72
11,72
11,72
11,72
12,72
12,72
12,72
12,72
12,72
12,72
12,71
12,71
12,71
12,71
12,71
12,71
13,71
13,71
13,71
13,71
13,71
13,71
13,71
14,71
14,71
14,71
14,71
14,71
14,71
14,71
14,71
14,71
14,71
14,71
14,71
15,72
15,72
15,72
15,72
15,72
15,72
15,72
16,72
16,72
16,72
16,72
16,72
16,72
16,71
16,71
16,71
16,71
16,71
16,71
16,71
17,71
17,71
17,71
17,71
17,71
17,71
18,72
18,72
18,72
18,72
18,72
18,72
18,72
18,72
18,72
18,72
18,72
18,72
18,72
19,71
19,71
19,71
19,71
19,71
19,71
19,71
19,71
19,71
19,71
19,71
19,71
20,71
20,71
20,71
20,71
20,71
20,71
20,71
21,72
21,72
21,72
21,72
21,72
21,72
21,72
21,72
21,72
21,72
21,72
21,72
21,72
22,72
22,72
22,72
22,72
22,72
22,72
23,72
23,72
23,72
23,72
23,72
23,72
23,71
23,71
23,71
23,71
23,71
23,71
23,71
24,71
24,71
24,71
24,71
24,71
24,71
25,71
25,71
25,71
25,71
25,71
25,71
25,71
25,71
25,71
25,71
25,71
25,71
25,71
26,71
26,71
26,71
26,71
26,71
26,71
26,71
26,71
26,71
26,71
26,71
26,71
26,71
27,72
27,72
27,72
27,72
27,72
27,72
28,71
28,71
28,71
28,71
28,71
28,71
28,71
28,72
28,72
28,72
28,72
28,72
28,72
29,72
29,72
29,72
29,72
29,72
29,72
30,72
30,72
30,72
30,72
30,72
30,72
30,72
30,71
30,71
30,71
30,71
30,71
30,71
31,72
31,72
31,72
31,72
31,72
31,72
32,72
32,72
32,72
32,72
32,72
32,72
32,72
32,72
32,72
32,72
32,72
32,72
32,72
33,72
33,72
33,72
33,72
33,72
33,72
33,72
34,71
34,71
34,71
34,71
34,71
34,71
34,71
34,71
34,71
34,71
34,71
34,71
35,71
35,71
35,71
35,71
35,71
35,71
35,71
35,72
35,72
35,72
35,72
35,72
35,72
36,72
36,72
36,72
36,72
36,72
36,72
37,72
37,72
37,72
37,72
37,72
37,72
37,72
37,72
37,72
37,72
37,72
37,72
37,72
38,72
38,72
38,72
38,72
38,72
38,72
38,72
39,71
39,71
39,71
39,71
39,71
39,71
39,72
39,72
39,72
39,72
39,72
39,72
40,72
40,72
40,72
40,72
40,72
40,72
40,72
41,71
41,71
41,71
41,71
41,71
41,71
41,71
41,71
41,71
41,71
41,71
41,71
42,72
42,72
42,72
42,72
42,72
42,72
42,72
42,72
42,72
42,72
42,72
42,72
42,72
43,71
43,71
43,71
43,71
43,71
43,71
43,71
44,72
44,72
44,72
44,72
44,72
44,72
44,72
44,72
44,72
44,72
44,72
44,72
45,71
45,71
45,71
45,71
45,71
45,71
45,71
46,72
46,72
46,72
46,72
46,72
46,72
46,71
46,71
46,71
46,71
46,71
46,71
47,71
47,71
47,71
47,71
47,71
47,71
47,71
48,71
48,71
48,71
48,71
48,71
48,71
48,71
48,71
48,71
48,71
48,71
48,71
48,71
49,71
49,71
49,71
49,71
49,71
49,71
49,72
49,72
49,72
49,72
49,72
49,72
50,71
50,71
50,71
50,71
50,71
50,71
50,71
51,71
51,71
51,71
51,71
51,71
51,71
51,72
51,72
51,72
51,72
51,72
51,72
51,72
52,72
52,72
52,72
52,72
52,72
52,72
53,71
53,71
53,71
53,71
53,71
53,71
53,72
53,72
53,72
53,72
53,72
53,72
53,72
54,71
54,71
54,71
54,71
54,71
54,71
55,72
55,72
55,72
55,72
55,72
55,72
55,71
55,71
55,71
55,71
55,71
55,71
55,71
56,72
56,72
56,72
56,72
56,72
56,72
57,71
57,71
57,71
57,71
57,71
57,71
57,71
57,71
57,71
57,71
57,71
57,71
57,71
58,72
58,72
58,72
58,72
58,72
58,72
58,72
58,72
58,72
58,72
58,72
58,72
58,72
59,72
59,72
59,72
59,72
59,72
59,72
60,72
60,72
60,72
60,72
60,72
60,72
60,71
60,71
60,71
60,71
60,71
60,71
60,71
61,72
61,72
61,72
61,72
61,72
61,72
62,71
62,71
62,71
62,71
62,71
62,71
62,71
62,71
62,71
62,71
62,71
62,71
62,71
63,71
63,71
63,71
63,71
63,71
63,71
64,71
64,71
64,71
64,71
64,71
64,71
64,71
64,72
64,72
64,72
64,72
64,72
64,72
65,72
65,72
65,72
65,72
65,72
65,72
65,72
65,72
65,72
65,72
65,72
65,72
65,72
66,72
66,72
66,72
66,72
66,72
66,72
67,71
67,71
67,71
67,71
67,71
67,71
67,71
67,71
67,71
67,71
67,71
67,71
67,71
68,71
68,71
68,71
68,71
68,71
68,71
69,72
69,72
69,72
69,72
69,72
69,72
69,72
69,71
69,71
69,71
69,71
69,71
69,71
70,72
70,72
70,72
70,72
70,72
70,72
71,72
71,72
71,72
71,72
71,72
71,72
71,72
71,71
71,71
71,71
71,71
71,71
71,71
72,71
72,71
72,71
72,71
72,71
72,71
72,71
72,71
72,71
72,71
72,71
72,71
72,71
73,72
73,72
73,72
73,72
73,72
73,72
74,71
74,71
74,71
74,71
74,71
74,71
74,71
74,72
74,72
74,72
74,72
74,72
74,72
75,72
75,72
75,72
75,72
75,72
75,72
76,72
76,72
76,72
76,72
76,72
76,72
76,72
76,72
76,72
76,72
76,72
76,72
76,72
77,71
77,71
77,71
77,71
77,71
77,71
78,72
78,72
78,72
78,72
78,72
78,72
78,72
78,72
78,72
78,72
78,72
78,72
78,72
79,72
79,72
79,72
79,72
79,72
79,72
80,72
80,72
80,72
80,72
80,72
80,72
80,72
80,71
80,71
80,71
80,71
80,71
80,71
81,72
81,72
81,72
81,72
81,72
81,72
81,72
81,72
81,72
81,72
81,72
81,72
81,72
82,71
82,71
82,71
82,71
82,71
82,71
83,72
83,72
83,72
83,72
83,72
83,72
83,72
83,72
83,72
83,72
83,72
83,72
83,72
84,72
84,72
84,72
84,72
84,72
84,72
84,72
85,71
85,71
85,71
85,71
85,71
85,71
85,72
85,72
85,72
85,72
85,72
85,72
86,72
86,72
86,72
86,72
86,72
86,72
86,72
87,72
87,72
87,72
87,72
87,72
87,72
87,72
87,72
87,72
87,72
87,72
87,72
87,72
88,72
88,72
88,72
88,72
88,72
88,72
88,72
88,72
88,72
88,72
88,72
88,72
89,72
89,72
89,72
89,72
89,72
89,72
89,72
90,71
90,71
90,71
90,71
90,71
90,71
90,72
90,72
90,72
90,72
90,72
90,72
91,71
91,71
91,71
91,71
91,71
91,71
91,71
92,72
92,72
92,72
92,72
92,72
92,72
92,72
92,72
92,72
92,72
92,72
92,72
92,72
93,71
93,71
93,71
93,71
93,71
93,71
94,72
94,72
94,72
94,72
94,72
94,72
94,72
94,72
94,72
94,72
94,72
94,72
94,72
95,72
95,72
95,72
95,72
95,72
95,72
96,72
96,72
96,72
96,72
96,72
96,72
96,72
96,71
96,71
96,71
96,71
96,71
96,71
97,72
97,72
97,72
97,72
97,72
97,72
97,71
97,71
97,71
97,71
97,71
97,71
97,71
98,72
98,72
98,72
98,72
98,72
98,72
99,72
99,72
99,72
99,72
99,72
99,72
99,72
99,71
99,71
99,71
99,71
99,71
99,71
100,72
100,72
100,72
100,72
100,72
100,72
101,72
101,72
101,72
101,72
101,72
101,72
101,72
101,71
101,71
101,71
101,71
101,71
101,71
102,71
102,71
102,71
102,71
102,71
102,71
102,71
103,71
103,71
103,71
103,71
