0,40
0,40
0,74.8
0,74.8
0,74.8
0,74.8
0,74.8
0,74.8
0,74.8
0,70.3
0,70.3
0,70.3
0,70.3
0,70.3
1,70.3
1,70.7
1,70.7
1,70.7
1,70.7
1,70.7
2,70.7
2,72.5
2,72.5
2,72.5
2,72.5
2,72.5
2,72.5
2,72.5
2,73.0
2,73.0
2,73.0
2,73.0
2,73.0
3,73.0
3,71.2
3,71.2
3,71.2
3,71.2
3,71.2
3,71.2
3,71.2
3,73.0
3,73.0
3,73.0
3,73.0
3,73.0
4,73.0
4,73.4
4,73.4
4,73.4
4,73.4
4,73.4
5,73.4
5,72.5
5,72.5
5,72.5
5,72.5
5,72.5
5,72.5
5,72.5
5,72.1
5,72.1
5,72.1
5,72.1
5,72.1
6,72.1
6,71.2
6,71.2
6,71.2
6,71.2
6,71.2
6,71.2
7,71.6
7,71.6
7,71.6
7,71.6
7,71.6
7,71.6
7,71.6
7,71.2
7,71.2
7,71.2
7,71.2
7,71.2
8,71.2
8,72.1
8,72.1
8,72.1
8,72.1
8,72.1
8,72.1
9,72.1
9,71.6
9,71.6
9,71.6
9,71.6
9,71.6
9,71.6
9,71.6
9,71.6
9,71.6
9,71.6
9,71.6
10,71.6
10,72.1
10,72.1
10,72.1
10,72.1
10,72.1
10,72.1
10,72.1
10,72.5
10,72.5
10,72.5
10,72.5
10,72.5
11,72.5
11,73.9
11,73.9
11,73.9
11,73.9
11,73.9
11,73.9
12,73.9
12,73.0
12,73.0
12,73.0
12,73.0
12,73.0
12,73.0
12,72.5
12,72.5
12,72.5
12,72.5
12,72.5
13,72.5
13,72.1
13,72.1
13,72.1
13,72.1
13,72.1
13,72.1
14,72.1
14,71.2
14,71.2
14,71.2
14,71.2
14,71.2
14,71.2
14,71.6
14,71.6
14,71.6
14,71.6
14,71.6
14,71.6
15,71.2
15,71.2
15,71.2
15,71.2
15,71.2
15,71.2
16,71.2
16,71.6
16,71.6
16,71.6
16,71.6
16,71.6
16,71.6
16,71.6
16,71.6
16,71.6
16,71.6
16,71.6
16,71.6
17,71.6
17,71.2
17,71.2
17,71.2
17,71.2
17,71.2
18,71.2
18,72.5
18,72.5
18,72.5
18,72.5
18,72.5
18,72.5
18,71.6
18,71.6
18,71.6
18,71.6
18,71.6
18,71.6
19,71.6
19,70.7
19,70.7
19,70.7
19,70.7
19,70.7
19,70.7
19,72.1
19,72.1
19,72.1
19,72.1
19,72.1
19,72.1
20,72.1
20,72.5
20,72.5
20,72.5
20,72.5
20,72.5
21,72.5
21,72.5
21,72.5
21,72.5
21,72.5
21,72.5
21,72.5
21,71.2
21,71.2
21,71.2
21,71.2
21,71.2
21,71.2
22,71.2
22,73.4
22,73.4
22,73.4
22,73.4
22,73.4
23,73.4
23,74.4
23,74.4
23,74.4
23,74.4
23,74.4
23,74.4
23,72.5
23,72.5
23,72.5
23,72.5
23,72.5
23,72.5
24,72.5
24,73.0
24,73.0
24,73.0
24,73.0
24,73.0
25,73.0
25,72.1
25,72.1
25,72.1
25,72.1
25,72.1
25,72.1
25,72.1
25,73.0
25,73.0
25,73.0
25,73.0
25,73.0
26,73.0
26,73.9
26,73.9
26,73.9
26,73.9
26,73.9
26,73.9
26,71.2
26,71.2
26,71.2
26,71.2
26,71.2
26,71.2
27,71.2
27,73.4
27,73.4
27,73.4
27,73.4
27,73.4
28,73.4
28,74.4
28,74.4
28,74.4
28,74.4
28,74.4
28,74.4
28,74.4
28,70.3
28,70.3
28,70.3
28,70.3
28,70.3
29,70.3
29,72.1
29,72.1
29,72.1
29,72.1
29,72.1
30,72.1
30,72.5
30,72.5
30,72.5
30,72.5
30,72.5
30,72.5
30,72.5
30,74.4
30,74.4
30,74.4
30,74.4
30,74.4
31,74.4
31,72.5
31,72.5
31,72.5
31,72.5
31,72.5
31,72.5
32,72.5
32,71.6
32,71.6
32,71.6
32,71.6
32,71.6
32,71.6
32,72.1
32,72.1
32,72.1
32,72.1
32,72.1
33,72.1
33,74.8
33,74.8
33,74.8
33,74.8
33,74.8
33,74.8
34,74.8
34,73.0
34,73.0
34,73.0
34,73.0
34,73.0
34,73.0
34,74.4
34,74.4
34,74.4
34,74.4
34,74.4
34,74.4
35,73.4
35,73.4
35,73.4
35,73.4
35,73.4
35,73.4
35,73.4
35,73.0
35,73.0
35,73.0
35,73.0
35,73.0
36,73.0
36,73.0
36,73.0
36,73.0
36,73.0
36,73.0
36,73.0
37,73.0
37,73.4
37,73.4
37,73.4
37,73.4
37,73.4
37,73.4
37,73.9
37,73.9
37,73.9
37,73.9
37,73.9
38,73.9
38,73.9
38,73.9
38,73.9
38,73.9
38,73.9
38,73.9
39,73.9
39,73.0
39,73.0
39,73.0
39,73.0
39,73.0
39,73.0
39,74.4
39,74.4
39,74.4
39,74.4
39,74.4
39,74.4
40,74.4
40,73.0
40,73.0
40,73.0
40,73.0
40,73.0
41,73.0
41,72.5
41,72.5
41,72.5
41,72.5
41,72.5
41,72.5
41,74.8
41,74.8
41,74.8
41,74.8
41,74.8
41,74.8
42,74.8
42,74.4
42,74.4
42,74.4
42,74.4
42,74.4
42,74.4
42,72.1
42,72.1
42,72.1
42,72.1
42,72.1
42,72.1
43,72.1
43,74.8
43,74.8
43,74.8
43,74.8
43,74.8
44,74.8
44,71.6
44,71.6
44,71.6
44,71.6
44,71.6
44,71.6
44,74.4
44,74.4
44,74.4
44,74.4
44,74.4
44,74.4
45,74.4
45,72.5
45,72.5
45,72.5
45,72.5
45,72.5
46,72.5
46,73.0
46,73.0
46,73.0
46,73.0
46,73.0
46,73.0
46,73.9
46,73.9
46,73.9
46,73.9
46,73.9
46,73.9
47,73.9
47,72.5
47,72.5
47,72.5
47,72.5
47,72.5
48,72.5
48,73.9
48,73.9
48,73.9
48,73.9
48,73.9
48,73.9
48,73.9
48,74.8
48,74.8
48,74.8
48,74.8
48,74.8
49,74.8
49,72.5
49,72.5
49,72.5
49,72.5
49,72.5
50,72.5
50,72.5
50,72.5
50,72.5
50,72.5
50,72.5
50,72.5
50,72.5
50,73.0
50,73.0
50,73.0
50,73.0
50,73.0
51,73.0
51,73.4
51,73.4
51,73.4
51,73.4
51,73.4
51,73.4
51,73.4
51,73.0
51,73.0
51,73.0
51,73.0
51,73.0
52,73.0
52,73.0
52,73.0
52,73.0
52,73.0
52,73.0
53,73.0
53,74.8
53,74.8
53,74.8
53,74.8
53,74.8
53,74.8
53,74.8
53,72.5
53,72.5
53,72.5
53,72.5
53,72.5
54,72.5
54,72.5
54,72.5
54,72.5
54,72.5
54,72.5
55,72.5
55,73.0
55,73.0
55,73.0
55,73.0
55,73.0
55,73.0
55,73.0
55,74.4
55,74.4
55,74.4
55,74.4
55,74.4
56,74.4
56,73.4
56,73.4
56,73.4
56,73.4
56,73.4
57,73.4
57,73.4
57,73.4
57,73.4
57,73.4
57,73.4
57,73.4
57,73.4
57,72.1
57,72.1
57,72.1
57,72.1
57,72.1
58,72.1
58,74.4
58,74.4
58,74.4
58,74.4
58,74.4
58,74.4
58,74.4
58,73.0
58,73.0
58,73.0
58,73.0
58,73.0
59,73.0
59,73.4
59,73.4
59,73.4
59,73.4
59,73.4
60,73.4
60,74.4
60,74.4
60,74.4
60,74.4
60,74.4
60,74.4
60,74.4
60,71.6
60,71.6
60,71.6
60,71.6
60,71.6
61,71.6
61,73.9
61,73.9
61,73.9
61,73.9
61,73.9
61,73.9
62,73.0
62,73.0
62,73.0
62,73.0
62,73.0
62,73.0
62,73.0
62,74.8
62,74.8
62,74.8
62,74.8
62,74.8
63,74.8
63,73.9
63,73.9
63,73.9
63,73.9
63,73.9
63,73.9
64,73.9
64,75.7
64,75.7
64,75.7
64,75.7
64,75.7
64,75.7
64,74.8
64,74.8
64,74.8
64,74.8
64,74.8
65,74.8
65,73.4
65,73.4
65,73.4
65,73.4
65,73.4
65,73.4
66,73.4
66,74.8
66,74.8
66,74.8
66,74.8
66,74.8
66,74.8
66,75.3
66,75.3
66,75.3
66,75.3
66,75.3
66,75.3
67,75.3
67,73.4
67,73.4
67,73.4
67,73.4
67,73.4
67,73.4
67,74.4
67,74.4
67,74.4
67,74.4
67,74.4
68,74.4
68,73.4
68,73.4
68,73.4
68,73.4
68,73.4
68,73.4
69,73.4
69,73.4
69,73.4
69,73.4
69,73.4
69,73.4
69,73.4
69,73.9
69,73.9
69,73.9
69,73.9
69,73.9
70,73.9
70,73.9
70,73.9
70,73.9
70,73.9
70,73.9
70,73.9
71,73.9
71,75.3
71,75.3
71,75.3
71,75.3
71,75.3
71,75.3
71,74.4
71,74.4
71,74.4
71,74.4
71,74.4
71,74.4
72,72.5
72,72.5
72,72.5
72,72.5
72,72.5
72,72.5
73,72.5
73,74.8
73,74.8
73,74.8
73,74.8
73,74.8
73,74.8
73,73.0
73,73.0
73,73.0
73,73.0
73,73.0
73,73.0
74,73.0
74,73.4
74,73.4
74,73.4
74,73.4
74,73.4
74,73.4
74,75.3
74,75.3
74,75.3
74,75.3
74,75.3
75,75.3
75,72.5
75,72.5
75,72.5
75,72.5
75,72.5
75,72.5
76,72.5
76,74.4
76,74.4
76,74.4
76,74.4
76,74.4
76,74.4
76,76.2
76,76.2
76,76.2
76,76.2
76,76.2
76,76.2
77,76.2
77,73.9
77,73.9
77,73.9
77,73.9
77,73.9
78,73.9
78,75.3
78,75.3
78,75.3
78,75.3
78,75.3
78,75.3
78,76.2
78,76.2
78,76.2
78,76.2
78,76.2
78,76.2
79,76.2
79,75.3
79,75.3
79,75.3
79,75.3
79,75.3
80,75.3
80,75.3
80,75.3
80,75.3
80,75.3
80,75.3
80,75.3
80,75.7
80,75.7
80,75.7
80,75.7
80,75.7
80,75.7
81,75.7
81,75.3
81,75.3
81,75.3
81,75.3
81,75.3
81,75.3
81,73.9
81,73.9
81,73.9
81,73.9
81,73.9
81,73.9
82,75.7
82,75.7
82,75.7
82,75.7
82,75.7
82,75.7
83,75.7
83,74.4
83,74.4
83,74.4
83,74.4
83,74.4
83,74.4
83,73.4
83,73.4
83,73.4
83,73.4
83,73.4
83,73.4
84,73.4
84,75.7
84,75.7
84,75.7
84,75.7
84,75.7
85,75.7
85,74.8
85,74.8
85,74.8
85,74.8
85,74.8
85,74.8
85,74.8
85,74.8
85,74.8
85,74.8
85,74.8
85,74.8
86,74.8
86,73.4
86,73.4
86,73.4
86,73.4
86,73.4
87,73.4
87,74.4
87,74.4
87,74.4
87,74.4
87,74.4
87,74.4
87,74.4
87,74.4
87,74.4
87,74.4
87,74.4
87,74.4
88,74.4
88,73.9
88,73.9
88,73.9
88,73.9
88,73.9
89,73.9
89,74.8
89,74.8
89,74.8
89,74.8
89,74.8
89,74.8
89,74.8
89,74.4
89,74.4
89,74.4
89,74.4
89,74.4
90,74.4
90,74.4
90,74.4
90,74.4
90,74.4
90,74.4
90,74.4
90,74.4
90,75.7
90,75.7
90,75.7
90,75.7
90,75.7
91,75.7
91,73.9
91,73.9
91,73.9
91,73.9
91,73.9
92,73.9
92,72.1
92,72.1
92,72.1
92,72.1
92,72.1
92,72.1
92,72.1
92,73.0
92,73.0
92,73.0
92,73.0
92,73.0
93,73.0
93,74.4
93,74.4
93,74.4
93,74.4
93,74.4
94,74.4
94,74.8
94,74.8
94,74.8
94,74.8
94,74.8
94,74.8
94,74.8
94,74.4
94,74.4
94,74.4
94,74.4
94,74.4
95,74.4
95,73.4
95,73.4
95,73.4
95,73.4
95,73.4
95,73.4
96,73.4
96,74.4
96,74.4
96,74.4
96,74.4
96,74.4
96,74.4
96,74.4
96,74.4
96,74.4
96,74.4
96,74.4
97,74.4
97,74.8
97,74.8
97,74.8
97,74.8
97,74.8
97,74.8
97,74.8
97,73.9
97,73.9
97,73.9
97,73.9
97,73.9
98,73.9
98,73.9
98,73.9
98,73.9
98,73.9
98,73.9
98,73.9
99,73.9
99,73.4
99,73.4
99,73.4
99,73.4
99,73.4
99,73.4
99,74.8
99,74.8
99,74.8
99,74.8
99,74.8
100,74.8
100,73.0
100,73.0
100,73.0
100,73.0
100,73.0
100,73.0
101,73.0
101,76.6
101,76.6
101,76.6
101,76.6
101,76.6
101,76.6
101,73.4
101,73.4
101,73.4
101,73.4
101,73.4
101,73.4
102,73.4
102,73.9
102,73.9
102,73.9
102,73.9
102,73.9
103,73.9
103,73.9
103,73.9
103,73.9
103,73.9
103,73.9
103,73.9
103,72.5
103,72.5
103,72.5
103,72.5
103,72.5
103,72.5
104,72.5
104,75.7
104,75.7
104,75.7
104,75.7
104,75.7
105,75.7
105,73.4
105,73.4
105,73.4
105,73.4
105,73.4
105,73.4
105,73.4
105,73.9
105,73.9
105,73.9
105,73.9
105,73.9
106,73.9
106,73.9
106,73.9
106,73.9
106,73.9
106,73.9
106,73.9
106,74.8
106,74.8
106,74.8
106,74.8
106,74.8
106,74.8
107,74.8
107,75.7
107,75.7
107,75.7
107,75.7
107,75.7
108,75.7
108,73.4
108,73.4
108,73.4
108,73.4
108,73.4
108,73.4
108,73.4
108,73.9
108,73.9
108,73.9
108,73.9
108,73.9
109,73.9
109,74.8
109,74.8
109,74.8
109,74.8
109,74.8
110,74.8
110,73.4
110,73.4
110,73.4
110,73.4
110,73.4
110,73.4
110,73.4
110,73.4
110,73.4
110,73.4
110,73.4
110,73.4
111,73.4
111,73.0
111,73.0
111,73.0
111,73.0
111,73.0
111,73.0
112,73.9
112,73.9
112,73.9
112,73.9
112,73.9
112,73.9
112,73.9
112,74.4
112,74.4
112,74.4
112,74.4
112,74.4
113,74.4
113,74.8
113,74.8
113,74.8
113,74.8
113,74.8
113,74.8
114,74.8
114,73.0
114,73.0
114,73.0
114,73.0
114,73.0
114,73.0
114,75.3
114,75.3
114,75.3
114,75.3
114,75.3
114,75.3
115,75.3
115,75.3
115,75.3
115,75.3
115,75.3
115,75.3
115,75.3
115,74.8
115,74.8
115,74.8
115,74.8
115,74.8
116,74.8
116,73.9
116,73.9
116,73.9
116,73.9
116,73.9
116,73.9
117,73.9
117,74.4
117,74.4
117,74.4
117,74.4
117,74.4
117,74.4
117,74.4
117,74.4
117,74.4
117,74.4
117,74.4
118,74.4
118,74.8
118,74.8
118,74.8
118,74.8
118,74.8
118,74.8
119,74.8
119,75.3
119,75.3
119,75.3
119,75.3
119,75.3
119,75.3
119,74.8
119,74.8
119,74.8
119,74.8
119,74.8
119,74.8
120,74.8
120,73.9
120,73.9
120,73.9
120,73.9
120,73.9
121,73.9
121,73.4
121,73.4
121,73.4
121,73.4
121,73.4
121,73.4
121,73.4
121,73.4
121,73.4
121,73.4
121,73.4
121,73.4
122,73.4
122,73.0
122,73.0
122,73.0
122,73.0
122,73.0
122,73.0
122,75.3
122,75.3
122,75.3
122,75.3
122,75.3
122,75.3
123,74.8
123,74.8
123,74.8
123,74.8
123,74.8
123,74.8
124,74.8
124,74.8
124,74.8
124,74.8
124,74.8
124,74.8
124,74.8
124,75.3
124,75.3
124,75.3
124,75.3
124,75.3
124,75.3
125,75.3
125,73.4
125,73.4
125,73.4
125,73.4
125,73.4
126,73.4
126,75.3
126,75.3
126,75.3
126,75.3
126,75.3
126,75.3
126,73.4
126,73.4
126,73.4
126,73.4
126,73.4
126,73.4
127,73.4
127,72.5
127,72.5
127,72.5
127,72.5
127,72.5
128,72.5
128,73.9
128,73.9
128,73.9
128,73.9
128,73.9
128,73.9
128,73.9
128,74.8
128,74.8
128,74.8
128,74.8
128,74.8
129,74.8
129,72.1
129,72.1
129,72.1
129,72.1
129,72.1
130,72.1
130,73.4
130,73.4
130,73.4
130,73.4
130,73.4
130,73.4
130,73.4
130,74.4
130,74.4
130,74.4
130,74.4
130,74.4
131,74.4
131,75.7
131,75.7
131,75.7
131,75.7
131,75.7
131,75.7
131,75.7
131,73.9
131,73.9
131,73.9
131,73.9
131,73.9
132,73.9
132,73.9
132,73.9
132,73.9
132,73.9
132,73.9
133,73.9
133,74.4
133,74.4
133,74.4
133,74.4
133,74.4
133,74.4
133,74.4
133,75.3
133,75.3
133,75.3
133,75.3
133,75.3
134,75.3
134,75.3
134,75.3
134,75.3
134,75.3
134,75.3
134,75.3
135,75.3
135,73.4
135,73.4
135,73.4
135,73.4
135,73.4
135,73.4
135,73.0
135,73.0
135,73.0
135,73.0
135,73.0
136,73.0
136,76.6
136,76.6
136,76.6
136,76.6
136,76.6
136,76.6
137,76.6
137,75.3
137,75.3
137,75.3
137,75.3
137,75.3
137,75.3
137,73.9
137,73.9
137,73.9
137,73.9
137,73.9
137,73.9
138,76.2
138,76.2
138,76.2
138,76.2
138,76.2
138,76.2
139,76.2
139,74.8
139,74.8
139,74.8
139,74.8
139,74.8
139,74.8
139,74.4
139,74.4
139,74.4
139,74.4
139,74.4
139,74.4
140,74.4
140,74.8
140,74.8
140,74.8
140,74.8
140,74.8
140,74.8
140,75.3
140,75.3
140,75.3
140,75.3
140,75.3
140,75.3
141,74.8
141,74.8
141,74.8
141,74.8
141,74.8
141,74.8
142,74.8
142,74.4
142,74.4
142,74.4
142,74.4
142,74.4
142,74.4
142,75.3
142,75.3
142,75.3
142,75.3
142,75.3
142,75.3
143,75.3
143,74.4
143,74.4
143,74.4
143,74.4
143,74.4
144,74.4
144,74.8
144,74.8
144,74.8
144,74.8
144,74.8
144,74.8
144,72.5
144,72.5
144,72.5
144,72.5
144,72.5
144,72.5
145,72.5
145,73.0
145,73.0
145,73.0
145,73.0
145,73.0
146,73.0
146,75.7
146,75.7
146,75.7
146,75.7
146,75.7
146,75.7
146,73.4
146,73.4
146,73.4
146,73.4
146,73.4
146,73.4
147,73.4
147,75.7
147,75.7
147,75.7
147,75.7
147,75.7
147,75.7
147,74.4
147,74.4
147,74.4
147,74.4
147,74.4
147,74.4
148,74.4
148,73.4
148,73.4
148,73.4
148,73.4
148,73.4
149,73.4
149,75.7
149,75.7
149,75.7
149,75.7
149,75.7
149,75.7
149,75.3
149,75.3
149,75.3
149,75.3
149,75.3
149,75.3
150,75.3
150,73.4
150,73.4
150,73.4
150,73.4
150,73.4
151,73.4
151,74.4
151,74.4
151,74.4
151,74.4
151,74.4
151,74.4
151,74.4
151,75.7
151,75.7
151,75.7
151,75.7
151,75.7
152,75.7
152,73.9
152,73.9
152,73.9
152,73.9
152,73.9
153,73.9
153,74.4
153,74.4
153,74.4
153,74.4
153,74.4
153,74.4
153,74.4
153,74.8
153,74.8
153,74.8
153,74.8
153,74.8
154,74.8
154,74.4
154,74.4
154,74.4
154,74.4
154,74.4
154,74.4
155,74.8
155,74.8
155,74.8
155,74.8
155,74.8
155,74.8
155,74.8
155,75.3
155,75.3
155,75.3
155,75.3
155,75.3
156,75.3
156,77.1
156,77.1
156,77.1
156,77.1
156,77.1
156,77.1
156,77.1
156,76.6
156,76.6
156,76.6
156,76.6
156,76.6
157,76.6
157,73.9
157,73.9
157,73.9
157,73.9
157,73.9
158,73.9
158,74.8
158,74.8
158,74.8
158,74.8
158,74.8
158,74.8
158,74.8
158,76.2
158,76.2
158,76.2
158,76.2
158,76.2
159,76.2
159,73.4
159,73.4
159,73.4
159,73.4
159,73.4
159,73.4
160,73.4
160,74.8
160,74.8
160,74.8
160,74.8
160,74.8
160,74.8
160,76.2
160,76.2
160,76.2
160,76.2
160,76.2
161,76.2
161,73.9
161,73.9
161,73.9
161,73.9
161,73.9
161,73.9
162,73.9
162,75.3
162,75.3
162,75.3
162,75.3
162,75.3
162,75.3
162,75.3
162,75.3
162,75.3
162,75.3
162,75.3
162,75.3
163,76.2
163,76.2
163,76.2
163,76.2
163,76.2
163,76.2
163,76.2
163,76.6
163,76.6
163,76.6
163,76.6
163,76.6
164,76.6
164,75.3
164,75.3
164,75.3
164,75.3
164,75.3
164,75.3
165,75.3
165,73.0
165,73.0
165,73.0
165,73.0
165,73.0
165,73.0
165,73.0
165,73.0
165,73.0
165,73.0
165,73.0
165,73.0
166,75.3
166,75.3
166,75.3
166,75.3
166,75.3
166,75.3
167,75.3
167,75.3
167,75.3
167,75.3
167,75.3
167,75.3
167,75.3
167,74.4
167,74.4
167,74.4
167,74.4
167,74.4
167,74.4
168,74.4
168,75.3
168,75.3
168,75.3
168,75.3
168,75.3
169,75.3
169,75.7
169,75.7
169,75.7
169,75.7
169,75.7
169,75.7
169,75.3
169,75.3
169,75.3
169,75.3
169,75.3
169,75.3
170,75.3
170,74.4
170,74.4
170,74.4
170,74.4
170,74.4
171,74.4
171,76.2
171,76.2
171,76.2
171,76.2
171,76.2
171,76.2
171,76.2
171,74.4
171,74.4
171,74.4
171,74.4
171,74.4
172,74.4
172,75.3
172,75.3
172,75.3
172,75.3
172,75.3
172,75.3
172,74.4
172,74.4
172,74.4
172,74.4
172,74.4
172,74.4
173,74.4
173,74.8
173,74.8
173,74.8
173,74.8
173,74.8
174,74.8
174,75.3
174,75.3
174,75.3
174,75.3
174,75.3
174,75.3
174,75.3
174,74.4
174,74.4
174,74.4
174,74.4
174,74.4
175,74.4
175,73.9
175,73.9
175,73.9
175,73.9
175,73.9
176,73.9
176,75.7
176,75.7
176,75.7
176,75.7
176,75.7
176,75.7
176,75.7
176,76.6
176,76.6
176,76.6
176,76.6
176,76.6
177,76.6
177,75.7
177,75.7
177,75.7
177,75.7
177,75.7
177,75.7
178,75.7
178,75.7
178,75.7
178,75.7
178,75.7
178,75.7
178,75.7
178,73.4
178,73.4
178,73.4
178,73.4
178,73.4
179,73.4
179,74.4
179,74.4
179,74.4
179,74.4
179,74.4
179,74.4
180,74.4
180,75.3
180,75.3
180,75.3
180,75.3
180,75.3
180,75.3
180,75.3
180,75.3
180,75.3
180,75.3
180,75.3
181,75.3
181,75.3
181,75.3
181,75.3
181,75.3
181,75.3
181,75.3
181,75.3
181,77.1
181,77.1
181,77.1
181,77.1
181,77.1
182,77.1
182,75.7
182,75.7
182,75.7
182,75.7
182,75.7
182,75.7
183,75.3
183,75.3
183,75.3
183,75.3
183,75.3
183,75.3
183,75.3
183,76.2
183,76.2
183,76.2
183,76.2
183,76.2
184,76.2
184,72.1
184,72.1
184,72.1
184,72.1
184,72.1
184,72.1
185,72.1
185,74.4
185,74.4
185,74.4
185,74.4
185,74.4
185,74.4
185,75.7
185,75.7
185,75.7
185,75.7
185,75.7
186,75.7
186,76.2
186,76.2
186,76.2
186,76.2
186,76.2
186,76.2
187,76.2
187,76.6
187,76.6
187,76.6
187,76.6
187,76.6
187,76.6
187,76.6
187,76.6
187,76.6
187,76.6
187,76.6
187,76.6
188,76.6
188,74.8
188,74.8
188,74.8
188,74.8
188,74.8
188,74.8
188,76.2
188,76.2
188,76.2
188,76.2
188,76.2
189,76.2
189,76.6
189,76.6
189,76.6
189,76.6
189,76.6
189,76.6
190,76.6
190,77.1
190,77.1
190,77.1
190,77.1
190,77.1
190,77.1
190,75.3
190,75.3
190,75.3
190,75.3
190,75.3
190,75.3
191,75.3
191,75.3
191,75.3
191,75.3
191,75.3
191,75.3
192,75.3
192,76.2
192,76.2
192,76.2
192,76.2
192,76.2
192,76.2
192,76.6
192,76.6
192,76.6
192,76.6
192,76.6
192,76.6
193,76.6
193,75.7
193,75.7
193,75.7
193,75.7
193,75.7
194,75.7
194,76.2
194,76.2
194,76.2
194,76.2
194,76.2
194,76.2
194,76.2
194,77.5
194,77.5
194,77.5
194,77.5
194,77.5
195,77.5
195,75.7
195,75.7
195,75.7
195,75.7
195,75.7
196,75.7
196,73.9
196,73.9
196,73.9
196,73.9
196,73.9
196,73.9
196,73.9
196,77.5
196,77.5
196,77.5
196,77.5
196,77.5
197,77.5
197,77.1
197,77.1
197,77.1
197,77.1
197,77.1
197,77.1
197,77.1
197,76.6
197,76.6
197,76.6
197,76.6
197,76.6
198,76.6
198,74.8
198,74.8
198,74.8
198,74.8
198,74.8
199,74.8
199,74.8
199,74.8
199,74.8
199,74.8
199,74.8
199,74.8
199,74.8
199,74.4
199,74.4
199,74.4
199,74.4
199,74.4
200,74.4
200,73.9
200,73.9
200,73.9
200,73.9
200,73.9
200,73.9
201,73.9
201,73.9
201,73.9
201,73.9
201,73.9
201,73.9
201,73.9
201,73.0
201,73.0
201,73.0
201,73.0
201,73.0
202,73.0
202,73.0
202,73.0
202,73.0
202,73.0
202,73.0
202,73.0
203,73.0
203,75.3
203,75.3
203,75.3
203,75.3
203,75.3
203,75.3
203,74.8
203,74.8
203,74.8
203,74.8
203,74.8
204,74.8
204,76.6
204,76.6
204,76.6
204,76.6
204,76.6
204,76.6
204,76.6
204,77.5
204,77.5
204,77.5
204,77.5
204,77.5
205,77.5
205,75.3
205,75.3
205,75.3
205,75.3
205,75.3
205,75.3
206,75.3
206,76.2
206,76.2
206,76.2
206,76.2
206,76.2
206,76.2
206,76.6
206,76.6
206,76.6
206,76.6
206,76.6
207,76.6
207,75.7
207,75.7
207,75.7
207,75.7
207,75.7
207,75.7
208,75.7
208,76.6
208,76.6
208,76.6
208,76.6
208,76.6
208,76.6
208,76.2
208,76.2
208,76.2
208,76.2
208,76.2
209,76.2
209,74.8
209,74.8
209,74.8
209,74.8
209,74.8
209,74.8
210,74.8
210,74.8
210,74.8
210,74.8
210,74.8
210,74.8
210,74.8
210,75.3
210,75.3
210,75.3
210,75.3
210,75.3
210,75.3
211,75.3
211,73.9
211,73.9
211,73.9
211,73.9
211,73.9
212,73.9
212,75.7
212,75.7
212,75.7
212,75.7
212,75.7
212,75.7
212,74.8
212,74.8
212,74.8
212,74.8
212,74.8
212,74.8
213,74.8
213,77.5
213,77.5
213,77.5
213,77.5
213,77.5
213,77.5
213,77.1
213,77.1
213,77.1
213,77.1
213,77.1
213,77.1
214,77.1
214,75.7
214,75.7
214,75.7
214,75.7
214,75.7
215,75.7
215,75.7
215,75.7
215,75.7
215,75.7
215,75.7
215,75.7
215,77.1
215,77.1
215,77.1
215,77.1
215,77.1
215,77.1
216,77.1
216,77.5
216,77.5
216,77.5
216,77.5
216,77.5
217,77.5
217,75.3
217,75.3
217,75.3
217,75.3
217,75.3
217,75.3
217,75.3
217,76.2
217,76.2
217,76.2
217,76.2
217,76.2
218,76.2
218,75.3
218,75.3
218,75.3
218,75.3
218,75.3
219,75.3
219,75.7
219,75.7
219,75.7
219,75.7
219,75.7
219,75.7
219,75.7
219,74.4
219,74.4
219,74.4
219,74.4
219,74.4
220,74.4
220,75.3
220,75.3
220,75.3
220,75.3
220,75.3
220,75.3
221,75.3
221,75.3
221,75.3
221,75.3
221,75.3
221,75.3
221,75.3
221,76.2
221,76.2
221,76.2
221,76.2
221,76.2
222,76.2
222,76.6
222,76.6
222,76.6
222,76.6
222,76.6
222,76.6
222,76.6
222,75.3
222,75.3
222,75.3
222,75.3
222,75.3
223,75.3
223,76.2
223,76.2
223,76.2
223,76.2
223,76.2
223,76.2
224,74.4
224,74.4
224,74.4
224,74.4
224,74.4
224,74.4
224,74.4
224,77.1
224,77.1
224,77.1
224,77.1
224,77.1
225,77.1
225,73.9
225,73.9
225,73.9
225,73.9
225,73.9
225,73.9
226,73.9
226,74.4
226,74.4
226,74.4
226,74.4
226,74.4
226,74.4
226,75.7
226,75.7
226,75.7
226,75.7
226,75.7
226,75.7
227,73.0
227,73.0
227,73.0
227,73.0
227,73.0
227,73.0
228,73.0
228,75.7
228,75.7
228,75.7
228,75.7
228,75.7
228,75.7
228,75.7
228,75.7
228,75.7
228,75.7
228,75.7
228,75.7
229,75.7
229,75.7
229,75.7
229,75.7
229,75.7
229,75.7
229,75.7
229,73.4
229,73.4
229,73.4
229,73.4
229,73.4
230,73.4
230,75.7
230,75.7
230,75.7
230,75.7
230,75.7
230,75.7
231,75.7
231,76.6
231,76.6
231,76.6
231,76.6
231,76.6
231,76.6
231,76.2
231,76.2
231,76.2
231,76.2
231,76.2
231,76.2
232,76.2
232,74.8
232,74.8
232,74.8
232,74.8
232,74.8
233,74.8
233,76.2
233,76.2
233,76.2
233,76.2
233,76.2
233,76.2
233,76.2
233,76.2
233,76.2
233,76.2
233,76.2
233,76.2
234,76.2
234,75.3
234,75.3
234,75.3
234,75.3
234,75.3
235,75.3
235,73.0
235,73.0
235,73.0
235,73.0
235,73.0
235,73.0
235,73.0
235,75.7
235,75.7
235,75.7
235,75.7
235,75.7
236,75.7
236,77.5
236,77.5
236,77.5
236,77.5
236,77.5
237,77.5
237,74.4
237,74.4
237,74.4
237,74.4
237,74.4
237,74.4
237,74.4
237,74.8
237,74.8
237,74.8
237,74.8
237,74.8
238,74.8
238,76.2
238,76.2
238,76.2
238,76.2
238,76.2
238,76.2
238,76.2
238,74.4
238,74.4
238,74.4
238,74.4
238,74.4
239,74.4
239,73.0
239,73.0
239,73.0
239,73.0
239,73.0
240,73.0
240,76.6
240,76.6
240,76.6
240,76.6
240,76.6
240,76.6
240,76.6
240,76.6
240,76.6
240,76.6
240,76.6
240,76.6
241,76.6
241,73.9
241,73.9
241,73.9
241,73.9
241,73.9
241,73.9
242,75.3
242,75.3
242,75.3
242,75.3
242,75.3
242,75.3
242,75.3
242,75.7
242,75.7
242,75.7
242,75.7
242,75.7
243,75.7
243,74.4
243,74.4
243,74.4
243,74.4
243,74.4
243,74.4
244,74.4
244,74.8
244,74.8
244,74.8
244,74.8
244,74.8
244,74.8
244,76.2
244,76.2
244,76.2
244,76.2
244,76.2
244,76.2
245,75.3
245,75.3
245,75.3
245,75.3
245,75.3
245,75.3
245,75.3
245,76.2
245,76.2
245,76.2
245,76.2
245,76.2
246,76.2
246,74.8
246,74.8
246,74.8
246,74.8
246,74.8
246,74.8
247,74.8
247,77.5
247,77.5
247,77.5
247,77.5
247,77.5
247,77.5
247,74.4
247,74.4
247,74.4
247,74.4
247,74.4
248,74.4
248,73.9
248,73.9
248,73.9
248,73.9
248,73.9
248,73.9
249,73.9
249,76.6
249,76.6
249,76.6
249,76.6
249,76.6
249,76.6
249,75.7
249,75.7
249,75.7
249,75.7
249,75.7
249,75.7
250,75.7
250,74.8
250,74.8
250,74.8
250,74.8
250,74.8
251,74.8
251,74.4
251,74.4
251,74.4
251,74.4
251,74.4
251,74.4
251,73.9
251,73.9
251,73.9
251,73.9
251,73.9
251,73.9
252,73.9
252,76.2
252,76.2
252,76.2
252,76.2
252,76.2
253,76.2
253,73.0
253,73.0
253,73.0
253,73.0
253,73.0
253,73.0
253,75.3
253,75.3
253,75.3
253,75.3
253,75.3
253,75.3
254,75.3
254,77.1
254,77.1
254,77.1
254,77.1
254,77.1
254,77.1
254,74.8
254,74.8
254,74.8
254,74.8
254,74.8
254,74.8
255,74.8
255,77.1
255,77.1
255,77.1
255,77.1
255,77.1
256,77.1
256,74.8
256,74.8
256,74.8
256,74.8
256,74.8
256,74.8
256,74.8
256,74.8
256,74.8
256,74.8
256,74.8
256,74.8
257,74.8
257,75.7
257,75.7
257,75.7
257,75.7
257,75.7
258,75.7
258,76.2
258,76.2
258,76.2
258,76.2
258,76.2
258,76.2
258,76.2
258,73.9
258,73.9
258,73.9
258,73.9
258,73.9
259,73.9
259,73.9
259,73.9
259,73.9
259,73.9
259,73.9
260,73.9
260,76.2
260,76.2
260,76.2
260,76.2
260,76.2
260,76.2
260,76.2
260,75.7
260,75.7
260,75.7
260,75.7
260,75.7
261,75.7
261,73.9
261,73.9
261,73.9
261,73.9
261,73.9
261,73.9
261,75.7
261,75.7
261,75.7
261,75.7
261,75.7
261,75.7
262,75.7
262,75.7
262,75.7
262,75.7
262,75.7
262,75.7
263,75.7
263,74.8
263,74.8
263,74.8
263,74.8
263,74.8
263,74.8
263,74.8
263,79.4
263,79.4
263,79.4
263,79.4
263,79.4
264,79.4
264,73.9
264,73.9
264,73.9
264,73.9
264,73.9
265,73.9
265,74.8
265,74.8
265,74.8
265,74.8
265,74.8
265,74.8
265,74.8
265,75.3
265,75.3
265,75.3
265,75.3
265,75.3
266,75.3
266,75.7
266,75.7
266,75.7
266,75.7
266,75.7
266,75.7
267,75.7
267,76.2
267,76.2
267,76.2
267,76.2
267,76.2
267,76.2
267,76.2
267,76.2
267,76.2
267,76.2
267,76.2
268,76.2
268,77.1
268,77.1
268,77.1
268,77.1
268,77.1
268,77.1
269,77.1
269,76.2
269,76.2
269,76.2
269,76.2
269,76.2
269,76.2
269,73.4
269,73.4
269,73.4
269,73.4
269,73.4
269,73.4
270,74.8
270,74.8
270,74.8
270,74.8
270,74.8
270,74.8
270,74.8
270,76.6
270,76.6
270,76.6
270,76.6
270,76.6
271,76.6
271,74.8
271,74.8
271,74.8
271,74.8
271,74.8
271,74.8
272,76.2
272,76.2
272,76.2
272,76.2
272,76.2
272,76.2
272,76.2
272,76.6
272,76.6
272,76.6
272,76.6
272,76.6
273,76.6
273,73.9
273,73.9
273,73.9
273,73.9
273,73.9
273,73.9
274,73.9
274,76.2
274,76.2
274,76.2
274,76.2
274,76.2
274,76.2
274,76.2
274,76.2
274,76.2
274,76.2
274,76.2
274,76.2
275,76.6
275,76.6
275,76.6
275,76.6
275,76.6
275,76.6
276,76.6
276,75.7
276,75.7
276,75.7
276,75.7
276,75.7
276,75.7
276,73.9
276,73.9
276,73.9
276,73.9
276,73.9
276,73.9
277,73.9
277,76.2
277,76.2
277,76.2
277,76.2
277,76.2
278,76.2
278,75.3
278,75.3
278,75.3
278,75.3
278,75.3
278,75.3
278,74.8
278,74.8
278,74.8
278,74.8
278,74.8
278,74.8
279,74.8
279,74.8
279,74.8
279,74.8
279,74.8
279,74.8
279,74.8
279,75.3
279,75.3
279,75.3
279,75.3
279,75.3
279,75.3
280,75.3
280,74.4
280,74.4
280,74.4
280,74.4
280,74.4
281,74.4
281,76.2
281,76.2
281,76.2
281,76.2
281,76.2
281,76.2
281,74.8
281,74.8
281,74.8
281,74.8
281,74.8
281,74.8
282,74.8
282,75.3
282,75.3
282,75.3
282,75.3
282,75.3
283,75.3
283,75.3
283,75.3
283,75.3
283,75.3
283,75.3
283,75.3
283,75.3
283,74.8
283,74.8
283,74.8
283,74.8
283,74.8
284,74.8
284,77.1
284,77.1
284,77.1
284,77.1
284,77.1
284,77.1
285,74.4
285,74.4
285,74.4
285,74.4
285,74.4
285,74.4
285,74.4
285,75.7
285,75.7
285,75.7
285,75.7
285,75.7
286,75.7
286,76.2
286,76.2
286,76.2
286,76.2
286,76.2
286,76.2
286,76.2
286,76.2
286,76.2
286,76.2
286,76.2
286,76.2
287,76.2
287,74.8
287,74.8
287,74.8
287,74.8
287,74.8
287,74.8
288,73.9
288,73.9
288,73.9
288,73.9
288,73.9
288,73.9
288,73.9
288,76.6
288,76.6
288,76.6
288,76.6
288,76.6
289,76.6
289,75.7
289,75.7
289,75.7
289,75.7
289,75.7
289,75.7
290,75.7
290,74.8
290,74.8
290,74.8
290,74.8
290,74.8
290,74.8
290,75.7
290,75.7
290,75.7
290,75.7
290,75.7
290,75.7
291,73.4
291,73.4
291,73.4
291,73.4
291,73.4
291,73.4
292,73.4
292,73.9
292,73.9
292,73.9
292,73.9
292,73.9
292,73.9
292,74.8
292,74.8
292,74.8
292,74.8
292,74.8
292,74.8
293,74.8
293,73.9
293,73.9
293,73.9
293,73.9
293,73.9
294,73.9
294,74.8
294,74.8
294,74.8
294,74.8
294,74.8
294,74.8
294,76.6
294,76.6
294,76.6
294,76.6
294,76.6
294,76.6
295,76.6
295,74.8
295,74.8
295,74.8
295,74.8
295,74.8
295,74.8
295,74.8
295,74.8
295,74.8
295,74.8
295,74.8
295,74.8
296,74.8
296,76.2
296,76.2
296,76.2
296,76.2
296,76.2
297,76.2
297,73.9
297,73.9
297,73.9
297,73.9
297,73.9
297,73.9
297,74.4
297,74.4
297,74.4
297,74.4
297,74.4
297,74.4
298,74.4
298,73.9
298,73.9
298,73.9
298,73.9
298,73.9
299,73.9
299,75.7
299,75.7
299,75.7
299,75.7
299,75.7
299,75.7
299,76.6
299,76.6
299,76.6
299,76.6
299,76.6
299,76.6
300,76.6
300,74.8
300,74.8
300,74.8
300,74.8
300,74.8
301,74.8
301,75.7
301,75.7
301,75.7
301,75.7
301,75.7
301,75.7
301,75.7
301,76.2
301,76.2
301,76.2
301,76.2
301,76.2
302,76.2
302,76.6
302,76.6
302,76.6
302,76.6
302,76.6
303,76.6
303,76.6
303,76.6
303,76.6
303,76.6
303,76.6
303,76.6
303,76.6
303,73.9
303,73.9
303,73.9
303,73.9
303,73.9
304,73.9
304,75.3
304,75.3
304,75.3
304,75.3
304,75.3
304,75.3
304,75.3
304,75.3
304,75.3
304,75.3
304,75.3
304,75.3
305,75.3
305,74.4
305,74.4
305,74.4
305,74.4
305,74.4
305,74.4
306,74.8
306,74.8
306,74.8
306,74.8
306,74.8
306,74.8
306,74.8
306,76.2
306,76.2
306,76.2
306,76.2
306,76.2
307,76.2
307,74.8
307,74.8
307,74.8
307,74.8
307,74.8
307,74.8
308,74.8
308,73.9
308,73.9
308,73.9
308,73.9
308,73.9
308,73.9
308,77.1
308,77.1
308,77.1
308,77.1
308,77.1
309,77.1
309,76.6
309,76.6
309,76.6
309,76.6
309,76.6
309,76.6
310,76.6
310,72.1
310,72.1
310,72.1
310,72.1
310,72.1
310,72.1
310,74.8
310,74.8
310,74.8
310,74.8
310,74.8
310,74.8
311,74.4
311,74.4
311,74.4
311,74.4
311,74.4
311,74.4
311,74.4
311,76.2
311,76.2
311,76.2
311,76.2
311,76.2
312,76.2
312,75.3
312,75.3
312,75.3
312,75.3
312,75.3
312,75.3
313,74.8
313,74.8
313,74.8
313,74.8
313,74.8
313,74.8
313,74.8
313,76.2
313,76.2
313,76.2
313,76.2
313,76.2
314,76.2
314,76.2
314,76.2
314,76.2
314,76.2
314,76.2
314,76.2
315,76.2
315,77.1
315,77.1
315,77.1
315,77.1
315,77.1
315,77.1
315,74.4
315,74.4
315,74.4
315,74.4
315,74.4
315,74.4
316,75.3
316,75.3
316,75.3
316,75.3
316,75.3
316,75.3
317,75.3
317,74.8
317,74.8
317,74.8
317,74.8
317,74.8
317,74.8
317,76.2
317,76.2
317,76.2
317,76.2
317,76.2
317,76.2
318,76.2
318,77.1
318,77.1
318,77.1
318,77.1
318,77.1
318,77.1
318,76.2
318,76.2
318,76.2
318,76.2
318,76.2
319,76.2
319,74.4
319,74.4
319,74.4
319,74.4
319,74.4
319,74.4
320,74.4
320,76.2
320,76.2
320,76.2
320,76.2
320,76.2
320,76.2
320,75.7
320,75.7
320,75.7
320,75.7
320,75.7
320,75.7
321,75.7
321,75.7
321,75.7
321,75.7
321,75.7
321,75.7
322,75.7
322,74.8
322,74.8
322,74.8
322,74.8
322,74.8
322,74.8
322,75.3
322,75.3
322,75.3
322,75.3
322,75.3
322,75.3
323,75.3
323,75.3
323,75.3
323,75.3
323,75.3
323,75.3
324,75.3
324,75.7
324,75.7
324,75.7
324,75.7
324,75.7
324,75.7
324,75.7
324,75.7
324,75.7
324,75.7
324,75.7
324,75.7
325,75.7
325,74.8
325,74.8
325,74.8
325,74.8
325,74.8
326,74.8
326,75.3
326,75.3
326,75.3
326,75.3
326,75.3
326,75.3
326,75.3
326,73.9
326,73.9
326,73.9
326,73.9
326,73.9
327,73.9
327,76.2
327,76.2
327,76.2
327,76.2
327,76.2
327,76.2
327,74.4
327,74.4
327,74.4
327,74.4
327,74.4
327,74.4
328,74.4
328,75.7
328,75.7
328,75.7
328,75.7
328,75.7
329,75.7
329,76.2
329,76.2
329,76.2
329,76.2
329,76.2
329,76.2
329,76.2
329,76.2
329,76.2
329,76.2
329,76.2
329,76.2
330,76.2
330,75.3
330,75.3
330,75.3
330,75.3
330,75.3
331,75.3
331,74.4
331,74.4
331,74.4
331,74.4
331,74.4
331,74.4
331,74.4
331,75.3
331,75.3
331,75.3
331,75.3
331,75.3
332,75.3
332,77.1
332,77.1
332,77.1
332,77.1
332,77.1
332,77.1
333,73.9
333,73.9
333,73.9
333,73.9
333,73.9
333,73.9
333,73.9
333,75.3
333,75.3
333,75.3
333,75.3
333,75.3
334,75.3
334,71.6
334,71.6
334,71.6
334,71.6
334,71.6
334,71.6
335,71.6
335,75.7
335,75.7
335,75.7
335,75.7
335,75.7
335,75.7
335,76.6
335,76.6
335,76.6
335,76.6
335,76.6
336,76.6
336,74.8
336,74.8
336,74.8
336,74.8
336,74.8
336,74.8
336,74.8
336,74.8
336,74.8
336,74.8
336,74.8
336,74.8
337,74.8
337,78.0
337,78.0
337,78.0
337,78.0
337,78.0
337,78.0
338,78.0
338,75.3
338,75.3
338,75.3
338,75.3
338,75.3
338,75.3
338,75.7
338,75.7
338,75.7
338,75.7
338,75.7
339,75.7
339,73.4
339,73.4
339,73.4
339,73.4
339,73.4
339,73.4
340,73.4
340,73.9
340,73.9
340,73.9
340,73.9
340,73.9
340,73.9
340,76.2
340,76.2
340,76.2
340,76.2
340,76.2
340,76.2
341,75.3
341,75.3
341,75.3
341,75.3
341,75.3
341,75.3
342,75.3
342,73.9
342,73.9
342,73.9
342,73.9
342,73.9
342,73.9
342,75.7
342,75.7
342,75.7
342,75.7
342,75.7
342,75.7
343,75.7
343,75.7
343,75.7
343,75.7
343,75.7
343,75.7
343,75.7
343,76.6
343,76.6
343,76.6
343,76.6
343,76.6
344,76.6
344,74.8
344,74.8
344,74.8
344,74.8
344,74.8
344,74.8
345,74.8
345,77.1
345,77.1
345,77.1
345,77.1
345,77.1
345,77.1
345,73.4
345,73.4
345,73.4
345,73.4
345,73.4
345,73.4
346,73.4
346,73.9
346,73.9
346,73.9
346,73.9
346,73.9
347,73.9
347,74.4
347,74.4
347,74.4
347,74.4
347,74.4
347,74.4
347,75.7
347,75.7
347,75.7
347,75.7
347,75.7
347,75.7
348,75.7
348,75.7
348,75.7
348,75.7
348,75.7
348,75.7
349,75.7
349,76.6
349,76.6
349,76.6
349,76.6
349,76.6
349,76.6
349,77.1
349,77.1
349,77.1
349,77.1
349,77.1
349,77.1
350,77.1
350,76.2
350,76.2
350,76.2
350,76.2
350,76.2
351,76.2
351,74.8
351,74.8
351,74.8
351,74.8
351,74.8
351,74.8
351,74.8
351,77.1
351,77.1
351,77.1
351,77.1
351,77.1
352,77.1
352,75.7
352,75.7
352,75.7
352,75.7
352,75.7
352,75.7
352,75.3
352,75.3
352,75.3
352,75.3
352,75.3
352,75.3
353,75.3
353,75.7
353,75.7
353,75.7
353,75.7
353,75.7
354,75.7
354,76.2
354,76.2
354,76.2
354,76.2
354,76.2
354,76.2
354,76.2
354,78.0
354,78.0
354,78.0
354,78.0
354,78.0
355,78.0
355,74.4
355,74.4
355,74.4
355,74.4
355,74.4
356,74.4
356,74.4
356,74.4
356,74.4
356,74.4
356,74.4
356,74.4
356,74.4
356,75.7
356,75.7
356,75.7
356,75.7
356,75.7
357,75.7
357,76.6
357,76.6
357,76.6
357,76.6
357,76.6
357,76.6
358,76.6
358,76.6
358,76.6
358,76.6
358,76.6
358,76.6
358,76.6
358,73.9
358,73.9
358,73.9
358,73.9
358,73.9
359,73.9
359,77.5
359,77.5
359,77.5
359,77.5
359,77.5
359,77.5
359,77.5
359,76.6
359,76.6
359,76.6
359,76.6
359,76.6
360,76.6
360,73.4
360,73.4
360,73.4
360,73.4
360,73.4
361,73.4
361,73.4
361,73.4
361,73.4
361,73.4
361,73.4
361,73.4
361,73.4
361,76.2
361,76.2
361,76.2
361,76.2
361,76.2
362,76.2
362,77.1
362,77.1
362,77.1
362,77.1
362,77.1
362,77.1
363,77.1
363,75.3
363,75.3
363,75.3
363,75.3
363,75.3
363,75.3
363,74.4
363,74.4
363,74.4
363,74.4
363,74.4
364,74.4
364,74.8
364,74.8
364,74.8
364,74.8
364,74.8
364,74.8
365,74.8
365,73.0
365,73.0
365,73.0
365,73.0
365,73.0
365,73.0
365,75.3
365,75.3
365,75.3
365,75.3
365,75.3
365,75.3
366,76.2
366,76.2
366,76.2
366,76.2
366,76.2
366,76.2
367,76.2
367,76.6
367,76.6
367,76.6
367,76.6
367,76.6
367,76.6
367,77.5
367,77.5
367,77.5
367,77.5
367,77.5
367,77.5
368,77.5
368,77.1
368,77.1
368,77.1
368,77.1
368,77.1
368,77.1
368,76.6
368,76.6
368,76.6
368,76.6
368,76.6
369,76.6
369,75.3
369,75.3
369,75.3
369,75.3
369,75.3
369,75.3
370,75.3
370,74.4
370,74.4
370,74.4
370,74.4
370,74.4
370,74.4
370,75.3
370,75.3
370,75.3
370,75.3
370,75.3
370,75.3
371,75.3
371,75.7
371,75.7
371,75.7
371,75.7
371,75.7
372,75.7
372,74.8
372,74.8
372,74.8
372,74.8
372,74.8
372,74.8
372,76.6
372,76.6
372,76.6
372,76.6
372,76.6
372,76.6
373,76.6
373,76.2
373,76.2
373,76.2
373,76.2
373,76.2
374,76.2
374,74.8
374,74.8
374,74.8
374,74.8
374,74.8
374,74.8
374,76.6
374,76.6
374,76.6
374,76.6
374,76.6
374,76.6
375,76.6
375,76.2
375,76.2
375,76.2
375,76.2
375,76.2
375,76.2
375,76.6
375,76.6
375,76.6
375,76.6
375,76.6
375,76.6
376,76.6
376,74.8
376,74.8
376,74.8
376,74.8
376,74.8
377,74.8
377,76.6
377,76.6
377,76.6
377,76.6
377,76.6
377,76.6
377,76.2
377,76.2
377,76.2
377,76.2
377,76.2
377,76.2
378,76.2
378,75.7
378,75.7
378,75.7
378,75.7
378,75.7
379,75.7
379,75.3
379,75.3
379,75.3
379,75.3
379,75.3
379,75.3
379,75.3
379,75.7
379,75.7
379,75.7
379,75.7
379,75.7
380,75.7
380,75.3
380,75.3
380,75.3
380,75.3
380,75.3
381,75.3
381,76.6
381,76.6
381,76.6
381,76.6
381,76.6
381,76.6
381,76.6
381,76.2
381,76.2
381,76.2
381,76.2
381,76.2
382,76.2
382,74.8
382,74.8
382,74.8
382,74.8
382,74.8
382,74.8
383,76.6
383,76.6
383,76.6
383,76.6
383,76.6
383,76.6
383,76.6
383,75.3
383,75.3
383,75.3
383,75.3
383,75.3
384,75.3
384,76.2
384,76.2
384,76.2
384,76.2
384,76.2
384,76.2
384,76.2
384,75.7
384,75.7
384,75.7
384,75.7
384,75.7
385,75.7
385,75.3
385,75.3
385,75.3
385,75.3
385,75.3
386,75.3
386,73.4
386,73.4
386,73.4
386,73.4
386,73.4
386,73.4
386,73.4
386,75.3
386,75.3
386,75.3
386,75.3
386,75.3
387,75.3
387,75.7
387,75.7
387,75.7
387,75.7
387,75.7
387,75.7
388,75.7
388,73.4
388,73.4
388,73.4
388,73.4
388,73.4
388,73.4
388,74.8
388,74.8
388,74.8
388,74.8
388,74.8
389,74.8
389,73.4
389,73.4
389,73.4
389,73.4
389,73.4
389,73.4
390,73.4
390,75.7
390,75.7
390,75.7
390,75.7
390,75.7
390,75.7
390,73.9
390,73.9
390,73.9
390,73.9
390,73.9
390,73.9
391,74.8
391,74.8
391,74.8
391,74.8
391,74.8
391,74.8
391,74.8
391,74.4
391,74.4
391,74.4
391,74.4
391,74.4
392,74.4
392,73.4
392,73.4
392,73.4
392,73.4
392,73.4
392,73.4
393,73.4
393,74.4
393,74.4
393,74.4
393,74.4
393,74.4
393,74.4
393,74.4
393,74.4
393,74.4
393,74.4
393,74.4
394,74.4
394,74.8
394,74.8
394,74.8
394,74.8
394,74.8
394,74.8
395,74.8
395,74.8
395,74.8
395,74.8
395,74.8
395,74.8
395,74.8
395,74.8
395,74.8
395,74.8
395,74.8
395,74.8
395,74.8
396,74.8
396,74.4
396,74.4
396,74.4
396,74.4
396,74.4
397,74.4
397,75.3
397,75.3
397,75.3
397,75.3
397,75.3
397,75.3
397,78.0
397,78.0
397,78.0
397,78.0
397,78.0
397,78.0
398,78.0
398,74.8
398,74.8
398,74.8
398,74.8
398,74.8
399,74.8
399,76.6
399,76.6
399,76.6
399,76.6
399,76.6
399,76.6
399,76.6
399,76.2
399,76.2
399,76.2
399,76.2
399,76.2
400,76.2
400,75.3
400,75.3
400,75.3
400,75.3
400,75.3
400,75.3
400,76.2
400,76.2
400,76.2
400,76.2
400,76.2
400,76.2
401,76.2
401,75.3
401,75.3
401,75.3
401,75.3
401,75.3
402,75.3
402,73.0
402,73.0
402,73.0
402,73.0
402,73.0
402,73.0
402,74.4
402,74.4
402,74.4
402,74.4
402,74.4
402,74.4
403,74.4
403,76.2
403,76.2
403,76.2
403,76.2
403,76.2
404,76.2
404,74.4
404,74.4
404,74.4
404,74.4
404,74.4
404,74.4
404,74.4
404,76.2
404,76.2
404,76.2
404,76.2
404,76.2
405,76.2
405,76.2
405,76.2
405,76.2
405,76.2
405,76.2
406,76.2
406,75.3
406,75.3
406,75.3
406,75.3
406,75.3
406,75.3
406,75.3
406,74.8
406,74.8
406,74.8
406,74.8
406,74.8
407,74.8
407,75.7
407,75.7
407,75.7
407,75.7
407,75.7
407,75.7
408,75.7
408,74.8
408,74.8
408,74.8
408,74.8
408,74.8
408,74.8
408,73.9
408,73.9
408,73.9
408,73.9
408,73.9
409,73.9
409,75.7
409,75.7
409,75.7
409,75.7
409,75.7
409,75.7
409,75.7
409,75.3
409,75.3
409,75.3
409,75.3
409,75.3
410,75.3
410,75.7
410,75.7
410,75.7
410,75.7
410,75.7
410,75.7
411,78.5
411,78.5
411,78.5
411,78.5
411,78.5
411,78.5
411,78.5
411,75.7
411,75.7
411,75.7
411,75.7
411,75.7
412,75.7
412,73.9
412,73.9
412,73.9
412,73.9
412,73.9
412,73.9
413,73.9
413,76.6
413,76.6
413,76.6
413,76.6
413,76.6
413,76.6
413,77.5
413,77.5
413,77.5
413,77.5
413,77.5
413,77.5
414,76.6
414,76.6
414,76.6
414,76.6
414,76.6
414,76.6
415,76.6
415,75.3
415,75.3
415,75.3
415,75.3
415,75.3
415,75.3
415,74.4
415,74.4
415,74.4
415,74.4
415,74.4
415,74.4
416,74.4
416,78.0
416,78.0
416,78.0
416,78.0
416,78.0
416,78.0
416,76.6
416,76.6
416,76.6
416,76.6
416,76.6
417,76.6
417,76.2
417,76.2
417,76.2
417,76.2
417,76.2
417,76.2
418,76.2
418,75.7
418,75.7
418,75.7
418,75.7
418,75.7
418,75.7
418,75.3
418,75.3
418,75.3
418,75.3
418,75.3
418,75.3
419,75.3
419,77.5
419,77.5
419,77.5
419,77.5
419,77.5
420,77.5
420,75.7
420,75.7
420,75.7
420,75.7
420,75.7
420,75.7
420,75.7
420,75.7
420,75.7
420,75.7
420,75.7
420,75.7
421,75.7
421,73.9
421,73.9
421,73.9
421,73.9
421,73.9
422,73.9
422,75.3
422,75.3
422,75.3
422,75.3
422,75.3
422,75.3
422,75.3
422,77.5
422,77.5
422,77.5
422,77.5
422,77.5
423,77.5
423,77.1
423,77.1
423,77.1
423,77.1
423,77.1
424,77.1
424,77.5
424,77.5
424,77.5
424,77.5
424,77.5
424,77.5
424,77.5
424,76.2
424,76.2
424,76.2
424,76.2
424,76.2
425,76.2
425,76.6
425,76.6
425,76.6
425,76.6
425,76.6
425,76.6
425,74.4
425,74.4
425,74.4
425,74.4
425,74.4
425,74.4
426,74.4
426,75.7
426,75.7
426,75.7
426,75.7
426,75.7
427,75.7
427,76.2
427,76.2
427,76.2
427,76.2
427,76.2
427,76.2
427,76.2
427,77.1
427,77.1
427,77.1
427,77.1
427,77.1
428,77.1
428,78.9
428,78.9
428,78.9
428,78.9
428,78.9
428,78.9
429,78.9
429,78.9
429,78.9
429,78.9
429,78.9
429,78.9
429,78.9
429,76.6
429,76.6
429,76.6
429,76.6
429,76.6
430,76.6
430,78.9
430,78.9
430,78.9
430,78.9
430,78.9
430,78.9
431,78.9
431,75.3
431,75.3
431,75.3
431,75.3
431,75.3
431,75.3
431,77.1
431,77.1
431,77.1
431,77.1
431,77.1
432,77.1
432,76.2
432,76.2
432,76.2
432,76.2
432,76.2
432,76.2
432,76.2
432,78.0
432,78.0
432,78.0
432,78.0
432,78.0
433,78.0
433,75.7
433,75.7
433,75.7
433,75.7
433,75.7
433,75.7
434,75.7
434,76.6
434,76.6
434,76.6
434,76.6
434,76.6
434,76.6
434,75.3
434,75.3
434,75.3
434,75.3
434,75.3
435,75.3
435,76.2
435,76.2
435,76.2
435,76.2
435,76.2
435,76.2
436,76.2
436,78.5
436,78.5
436,78.5
436,78.5
436,78.5
436,78.5
436,77.1
436,77.1
436,77.1
436,77.1
436,77.1
436,77.1
437,77.1
437,77.1
437,77.1
437,77.1
437,77.1
437,77.1
438,77.1
438,77.1
438,77.1
438,77.1
438,77.1
438,77.1
438,77.1
438,78.0
438,78.0
438,78.0
438,78.0
438,78.0
438,78.0
439,78.0
439,77.1
439,77.1
439,77.1
439,77.1
439,77.1
440,77.1
440,76.2
440,76.2
440,76.2
440,76.2
440,76.2
440,76.2
440,75.3
440,75.3
440,75.3
440,75.3
440,75.3
440,75.3
441,75.3
441,78.5
441,78.5
441,78.5
441,78.5
441,78.5
441,78.5
441,76.2
441,76.2
441,76.2
441,76.2
441,76.2
441,76.2
442,76.2
442,79.4
442,79.4
442,79.4
442,79.4
442,79.4
443,79.4
443,77.1
443,77.1
443,77.1
443,77.1
443,77.1
443,77.1
443,77.1
443,77.1
443,77.1
443,77.1
443,77.1
443,77.1
444,77.1
444,75.7
444,75.7
444,75.7
444,75.7
444,75.7
445,75.7
445,78.0
445,78.0
445,78.0
445,78.0
445,78.0
445,78.0
445,78.0
445,78.0
445,78.0
445,78.0
445,78.0
445,78.0
446,78.0
446,76.6
446,76.6
446,76.6
446,76.6
446,76.6
447,76.6
447,78.0
447,78.0
447,78.0
