0,40
0,40
0,94.1
0,94.1
0,94.1
0,94.1
0,94.1
0,94.1
0,94.1
0,94.1
0,94.1
0,94.1
0,94.1
0,94.1
1,94.1
1,92.3
1,92.3
1,92.3
1,92.3
1,92.3
1,92.3
2,95.0
2,95.0
2,95.0
2,95.0
2,95.0
2,95.0
2,95.0
2,95.0
2,95.0
2,95.0
2,95.0
2,95.0
3,95.0
3,95.4
3,95.4
3,95.4
3,95.4
3,95.4
3,95.4
3,95.4
3,94.5
3,94.5
3,94.5
3,94.5
3,94.5
4,94.5
4,93.2
4,93.2
4,93.2
4,93.2
4,93.2
5,93.2
5,95.0
5,95.0
5,95.0
5,95.0
5,95.0
5,95.0
5,95.0
5,94.1
5,94.1
5,94.1
5,94.1
5,94.1
6,94.1
6,92.3
6,92.3
6,92.3
6,92.3
6,92.3
6,92.3
7,92.3
7,94.1
7,94.1
7,94.1
7,94.1
7,94.1
7,94.1
7,95.4
7,95.4
7,95.4
7,95.4
7,95.4
8,95.4
8,94.5
8,94.5
8,94.5
8,94.5
8,94.5
8,94.5
9,94.5
9,92.7
9,92.7
9,92.7
9,92.7
9,92.7
9,92.7
9,94.5
9,94.5
9,94.5
9,94.5
9,94.5
9,94.5
10,94.5
10,93.6
10,93.6
10,93.6
10,93.6
10,93.6
10,93.6
10,94.5
10,94.5
10,94.5
10,94.5
10,94.5
11,94.5
11,95.4
11,95.4
11,95.4
11,95.4
11,95.4
11,95.4
12,95.4
12,92.7
12,92.7
12,92.7
12,92.7
12,92.7
12,92.7
12,95.0
12,95.0
12,95.0
12,95.0
12,95.0
12,95.0
13,93.6
13,93.6
13,93.6
13,93.6
13,93.6
13,93.6
14,93.6
14,94.5
14,94.5
14,94.5
14,94.5
14,94.5
14,94.5
14,92.7
14,92.7
14,92.7
14,92.7
14,92.7
14,92.7
15,92.7
15,94.1
15,94.1
15,94.1
15,94.1
15,94.1
16,94.1
16,92.3
16,92.3
16,92.3
16,92.3
16,92.3
16,92.3
16,93.6
16,93.6
16,93.6
16,93.6
16,93.6
16,93.6
17,93.6
17,94.5
17,94.5
17,94.5
17,94.5
17,94.5
18,94.5
18,95.4
18,95.4
18,95.4
18,95.4
18,95.4
18,95.4
18,95.4
18,94.5
18,94.5
18,94.5
18,94.5
18,94.5
19,94.5
19,93.6
19,93.6
19,93.6
19,93.6
19,93.6
19,93.6
19,91.8
19,91.8
19,91.8
19,91.8
19,91.8
19,91.8
20,91.8
20,94.1
20,94.1
20,94.1
20,94.1
20,94.1
21,94.1
21,93.2
21,93.2
21,93.2
21,93.2
21,93.2
21,93.2
21,93.2
21,93.6
21,93.6
21,93.6
21,93.6
21,93.6
22,93.6
22,95.0
22,95.0
22,95.0
22,95.0
22,95.0
23,95.0
23,92.7
23,92.7
23,92.7
23,92.7
23,92.7
23,92.7
23,92.7
23,94.5
23,94.5
23,94.5
23,94.5
23,94.5
24,94.5
24,93.6
24,93.6
24,93.6
24,93.6
24,93.6
24,93.6
25,93.6
25,94.1
25,94.1
25,94.1
25,94.1
25,94.1
25,94.1
25,94.5
25,94.5
25,94.5
25,94.5
25,94.5
26,94.5
26,95.0
26,95.0
26,95.0
26,95.0
26,95.0
26,95.0
27,95.0
27,91.8
27,91.8
27,91.8
27,91.8
27,91.8
27,91.8
27,93.6
27,93.6
27,93.6
27,93.6
27,93.6
27,93.6
28,94.5
28,94.5
28,94.5
28,94.5
28,94.5
28,94.5
28,94.5
28,93.6
28,93.6
28,93.6
28,93.6
28,93.6
29,93.6
29,94.1
29,94.1
29,94.1
29,94.1
29,94.1
29,94.1
30,94.1
30,93.6
30,93.6
30,93.6
30,93.6
30,93.6
30,93.6
30,95.9
30,95.9
30,95.9
30,95.9
30,95.9
31,95.9
31,92.3
31,92.3
31,92.3
31,92.3
31,92.3
31,92.3
32,92.3
32,95.4
32,95.4
32,95.4
32,95.4
32,95.4
32,95.4
32,93.6
32,93.6
32,93.6
32,93.6
32,93.6
32,93.6
33,93.6
33,95.4
33,95.4
33,95.4
33,95.4
33,95.4
34,95.4
34,95.0
34,95.0
34,95.0
34,95.0
34,95.0
34,95.0
34,94.1
34,94.1
34,94.1
34,94.1
34,94.1
34,94.1
35,94.1
35,90.9
35,90.9
35,90.9
35,90.9
35,90.9
35,90.9
35,93.2
35,93.2
35,93.2
35,93.2
35,93.2
35,93.2
36,93.2
36,93.2
36,93.2
36,93.2
36,93.2
36,93.2
37,93.2
37,94.5
37,94.5
37,94.5
37,94.5
37,94.5
37,94.5
37,95.0
37,95.0
37,95.0
37,95.0
37,95.0
37,95.0
38,95.0
38,92.3
38,92.3
38,92.3
38,92.3
38,92.3
39,92.3
39,94.1
39,94.1
39,94.1
39,94.1
39,94.1
39,94.1
39,93.6
39,93.6
39,93.6
39,93.6
39,93.6
39,93.6
40,93.6
40,94.1
40,94.1
40,94.1
40,94.1
40,94.1
41,94.1
41,94.5
41,94.5
41,94.5
41,94.5
41,94.5
41,94.5
41,94.5
41,92.3
41,92.3
41,92.3
41,92.3
41,92.3
42,92.3
42,93.2
42,93.2
42,93.2
42,93.2
42,93.2
42,93.2
43,94.1
43,94.1
43,94.1
43,94.1
43,94.1
43,94.1
43,94.1
43,93.6
43,93.6
43,93.6
43,93.6
43,93.6
44,93.6
44,95.4
44,95.4
44,95.4
44,95.4
44,95.4
44,95.4
44,95.4
44,93.2
44,93.2
44,93.2
44,93.2
44,93.2
45,93.2
45,93.6
45,93.6
45,93.6
45,93.6
45,93.6
46,93.6
46,95.4
46,95.4
46,95.4
46,95.4
46,95.4
46,95.4
46,95.4
46,92.3
46,92.3
46,92.3
46,92.3
46,92.3
47,92.3
47,95.0
47,95.0
47,95.0
47,95.0
47,95.0
47,95.0
48,95.0
48,93.2
48,93.2
48,93.2
48,93.2
48,93.2
48,93.2
48,92.3
48,92.3
48,92.3
48,92.3
48,92.3
49,92.3
49,95.4
49,95.4
49,95.4
49,95.4
49,95.4
49,95.4
50,95.4
50,93.2
50,93.2
50,93.2
50,93.2
50,93.2
50,93.2
50,95.0
50,95.0
50,95.0
50,95.0
50,95.0
50,95.0
51,95.0
51,95.0
51,95.0
51,95.0
51,95.0
51,95.0
52,95.0
52,93.6
52,93.6
52,93.6
52,93.6
52,93.6
52,93.6
52,92.3
52,92.3
52,92.3
52,92.3
52,92.3
52,92.3
53,92.3
53,95.4
53,95.4
53,95.4
53,95.4
53,95.4
53,95.4
53,93.6
53,93.6
53,93.6
53,93.6
53,93.6
53,93.6
54,93.6
54,93.6
54,93.6
54,93.6
54,93.6
54,93.6
55,93.6
55,92.3
55,92.3
55,92.3
55,92.3
55,92.3
55,92.3
55,94.5
55,94.5
55,94.5
55,94.5
55,94.5
55,94.5
56,94.5
56,94.5
56,94.5
56,94.5
56,94.5
56,94.5
57,94.5
57,93.6
57,93.6
57,93.6
57,93.6
57,93.6
57,93.6
57,94.1
57,94.1
57,94.1
57,94.1
57,94.1
57,94.1
58,94.1
58,93.6
58,93.6
58,93.6
58,93.6
58,93.6
59,93.6
59,91.8
59,91.8
59,91.8
59,91.8
59,91.8
59,91.8
59,91.8
59,92.3
59,92.3
59,92.3
59,92.3
59,92.3
60,92.3
60,93.2
60,93.2
60,93.2
60,93.2
60,93.2
60,93.2
60,94.5
60,94.5
60,94.5
60,94.5
60,94.5
60,94.5
61,94.5
61,95.4
61,95.4
61,95.4
61,95.4
61,95.4
62,95.4
62,91.3
62,91.3
62,91.3
62,91.3
62,91.3
62,91.3
62,91.3
62,93.6
62,93.6
62,93.6
62,93.6
62,93.6
63,93.6
63,93.6
63,93.6
63,93.6
63,93.6
63,93.6
64,93.6
64,95.4
64,95.4
64,95.4
64,95.4
64,95.4
64,95.4
64,95.4
64,95.4
64,95.4
64,95.4
64,95.4
64,95.4
65,95.4
65,92.7
65,92.7
65,92.7
65,92.7
65,92.7
65,92.7
66,92.7
66,93.6
66,93.6
66,93.6
66,93.6
66,93.6
66,93.6
66,94.5
66,94.5
66,94.5
66,94.5
66,94.5
67,94.5
67,93.2
67,93.2
67,93.2
67,93.2
67,93.2
67,93.2
68,93.2
68,92.7
68,92.7
68,92.7
68,92.7
68,92.7
68,92.7
68,95.0
68,95.0
68,95.0
68,95.0
68,95.0
69,95.0
69,95.4
69,95.4
69,95.4
69,95.4
69,95.4
69,95.4
69,95.4
69,95.4
69,95.4
69,95.4
69,95.4
69,95.4
70,95.4
70,92.7
70,92.7
70,92.7
70,92.7
70,92.7
70,92.7
71,92.7
71,95.9
71,95.9
71,95.9
71,95.9
71,95.9
71,95.9
71,93.2
71,93.2
71,93.2
71,93.2
71,93.2
72,93.2
72,94.5
72,94.5
72,94.5
72,94.5
72,94.5
72,94.5
73,94.5
73,93.6
73,93.6
73,93.6
73,93.6
73,93.6
73,93.6
73,94.5
73,94.5
73,94.5
73,94.5
73,94.5
73,94.5
74,93.2
74,93.2
74,93.2
74,93.2
74,93.2
74,93.2
75,93.2
75,93.2
75,93.2
75,93.2
75,93.2
75,93.2
75,93.2
75,92.7
75,92.7
75,92.7
75,92.7
75,92.7
75,92.7
76,92.7
76,95.4
76,95.4
76,95.4
76,95.4
76,95.4
76,95.4
76,95.0
76,95.0
76,95.0
76,95.0
76,95.0
77,95.0
77,94.5
77,94.5
77,94.5
77,94.5
77,94.5
77,94.5
78,94.5
78,95.9
78,95.9
78,95.9
78,95.9
78,95.9
78,95.9
78,95.4
78,95.4
78,95.4
78,95.4
78,95.4
78,95.4
79,95.4
79,93.2
79,93.2
79,93.2
79,93.2
79,93.2
80,93.2
80,94.1
80,94.1
80,94.1
80,94.1
80,94.1
80,94.1
80,93.2
80,93.2
80,93.2
80,93.2
80,93.2
80,93.2
81,93.2
81,92.3
81,92.3
81,92.3
81,92.3
81,92.3
82,92.3
82,93.6
82,93.6
82,93.6
82,93.6
82,93.6
82,93.6
82,92.7
82,92.7
82,92.7
82,92.7
82,92.7
82,92.7
83,92.7
83,97.3
83,97.3
83,97.3
83,97.3
83,97.3
84,97.3
84,94.5
84,94.5
84,94.5
84,94.5
84,94.5
84,94.5
84,94.5
84,94.1
84,94.1
84,94.1
84,94.1
84,94.1
85,94.1
85,93.2
85,93.2
85,93.2
85,93.2
85,93.2
85,93.2
85,93.6
85,93.6
85,93.6
85,93.6
85,93.6
85,93.6
86,93.6
86,94.1
86,94.1
86,94.1
86,94.1
86,94.1
87,94.1
87,95.0
87,95.0
87,95.0
87,95.0
87,95.0
87,95.0
87,95.0
87,94.1
87,94.1
87,94.1
87,94.1
87,94.1
88,94.1
88,95.4
88,95.4
88,95.4
88,95.4
88,95.4
89,95.4
89,93.6
89,93.6
89,93.6
89,93.6
89,93.6
89,93.6
89,93.6
89,96.8
89,96.8
89,96.8
89,96.8
89,96.8
90,96.8
90,94.5
90,94.5
90,94.5
90,94.5
90,94.5
90,94.5
91,94.5
91,95.4
91,95.4
91,95.4
91,95.4
91,95.4
91,95.4
91,94.5
91,94.5
91,94.5
91,94.5
91,94.5
92,94.5
92,95.0
92,95.0
92,95.0
92,95.0
92,95.0
92,95.0
92,95.0
92,94.5
92,94.5
92,94.5
92,94.5
92,94.5
93,94.5
93,93.2
93,93.2
93,93.2
93,93.2
93,93.2
93,93.2
94,94.1
94,94.1
94,94.1
94,94.1
94,94.1
94,94.1
94,94.1
94,94.1
94,94.1
94,94.1
94,94.1
94,94.1
95,94.1
95,93.6
95,93.6
95,93.6
95,93.6
95,93.6
95,93.6
96,93.6
96,95.0
96,95.0
96,95.0
96,95.0
96,95.0
96,95.0
96,92.7
96,92.7
96,92.7
96,92.7
96,92.7
97,92.7
97,93.2
97,93.2
97,93.2
97,93.2
97,93.2
97,93.2
98,93.2
98,94.1
98,94.1
98,94.1
98,94.1
98,94.1
98,94.1
98,94.1
98,94.1
98,94.1
98,94.1
98,94.1
98,94.1
99,94.1
99,92.7
99,92.7
99,92.7
99,92.7
99,92.7
100,92.7
100,95.0
100,95.0
100,95.0
100,95.0
100,95.0
100,95.0
100,93.6
100,93.6
100,93.6
100,93.6
100,93.6
100,93.6
101,93.6
101,92.3
101,92.3
101,92.3
101,92.3
101,92.3
101,92.3
101,94.5
101,94.5
101,94.5
101,94.5
101,94.5
101,94.5
102,94.1
102,94.1
102,94.1
102,94.1
102,94.1
102,94.1
103,94.1
103,96.4
103,96.4
103,96.4
103,96.4
103,96.4
103,96.4
103,91.3
103,91.3
103,91.3
103,91.3
103,91.3
103,91.3
104,91.3
104,94.1
104,94.1
104,94.1
104,94.1
104,94.1
105,94.1
105,94.1
105,94.1
105,94.1
105,94.1
105,94.1
105,94.1
105,95.0
105,95.0
105,95.0
105,95.0
105,95.0
105,95.0
106,95.0
106,94.1
106,94.1
106,94.1
106,94.1
106,94.1
107,94.1
107,94.5
107,94.5
107,94.5
107,94.5
107,94.5
107,94.5
107,94.5
107,92.7
107,92.7
107,92.7
107,92.7
107,92.7
108,92.7
108,92.3
108,92.3
108,92.3
108,92.3
108,92.3
108,92.3
108,92.7
108,92.7
108,92.7
108,92.7
108,92.7
108,92.7
109,92.7
109,95.0
109,95.0
109,95.0
109,95.0
109,95.0
110,95.0
110,93.2
110,93.2
110,93.2
110,93.2
110,93.2
110,93.2
110,93.2
110,95.4
110,95.4
110,95.4
110,95.4
110,95.4
111,95.4
111,93.6
111,93.6
111,93.6
111,93.6
111,93.6
112,93.6
112,93.2
112,93.2
112,93.2
112,93.2
112,93.2
112,93.2
112,93.2
112,95.0
112,95.0
112,95.0
112,95.0
112,95.0
113,95.0
113,93.6
113,93.6
113,93.6
113,93.6
113,93.6
113,93.6
114,93.6
114,94.1
114,94.1
114,94.1
114,94.1
114,94.1
114,94.1
114,92.3
114,92.3
114,92.3
114,92.3
114,92.3
115,92.3
115,95.4
115,95.4
115,95.4
115,95.4
115,95.4
115,95.4
116,95.4
116,94.5
116,94.5
116,94.5
116,94.5
116,94.5
116,94.5
116,94.5
116,94.5
116,94.5
116,94.5
116,94.5
117,94.5
117,94.1
117,94.1
117,94.1
117,94.1
117,94.1
117,94.1
117,94.1
117,90.0
117,90.0
117,90.0
117,90.0
117,90.0
118,90.0
118,94.5
118,94.5
118,94.5
118,94.5
118,94.5
118,94.5
119,94.5
119,95.4
119,95.4
119,95.4
119,95.4
119,95.4
119,95.4
119,95.9
119,95.9
119,95.9
119,95.9
119,95.9
120,95.9
120,93.6
120,93.6
120,93.6
120,93.6
120,93.6
120,93.6
121,93.6
121,94.5
121,94.5
121,94.5
121,94.5
121,94.5
121,94.5
121,95.0
121,95.0
121,95.0
121,95.0
121,95.0
121,95.0
122,95.0
122,94.5
122,94.5
122,94.5
122,94.5
122,94.5
123,94.5
123,95.0
123,95.0
123,95.0
123,95.0
123,95.0
123,95.0
123,94.1
123,94.1
123,94.1
123,94.1
123,94.1
123,94.1
124,94.1
124,94.5
124,94.5
124,94.5
124,94.5
124,94.5
125,94.5
125,94.5
125,94.5
125,94.5
125,94.5
125,94.5
125,94.5
125,94.5
125,94.5
125,94.5
125,94.5
125,94.5
125,94.5
126,94.5
126,94.5
126,94.5
126,94.5
126,94.5
126,94.5
126,94.5
126,94.5
126,94.5
126,94.5
126,94.5
126,94.5
126,94.5
127,94.5
127,94.1
127,94.1
127,94.1
127,94.1
127,94.1
128,94.1
128,93.2
128,93.2
128,93.2
128,93.2
128,93.2
128,93.2
128,94.1
128,94.1
128,94.1
128,94.1
128,94.1
128,94.1
129,94.1
129,93.6
129,93.6
129,93.6
129,93.6
129,93.6
130,93.6
130,94.5
130,94.5
130,94.5
130,94.5
130,94.5
130,94.5
130,95.4
130,95.4
130,95.4
130,95.4
130,95.4
130,95.4
131,95.4
131,96.4
131,96.4
131,96.4
131,96.4
131,96.4
132,96.4
132,94.1
132,94.1
132,94.1
132,94.1
132,94.1
132,94.1
132,94.1
132,94.5
132,94.5
132,94.5
132,94.5
132,94.5
133,94.5
133,92.7
133,92.7
133,92.7
133,92.7
133,92.7
133,92.7
133,95.0
133,95.0
133,95.0
133,95.0
133,95.0
133,95.0
134,95.0
134,96.8
134,96.8
134,96.8
134,96.8
134,96.8
135,96.8
135,94.1
135,94.1
135,94.1
135,94.1
135,94.1
135,94.1
135,94.1
135,94.5
135,94.5
135,94.5
135,94.5
135,94.5
136,94.5
136,93.6
136,93.6
136,93.6
136,93.6
136,93.6
137,93.6
137,95.4
137,95.4
137,95.4
137,95.4
137,95.4
137,95.4
137,95.4
137,94.5
137,94.5
137,94.5
137,94.5
137,94.5
138,94.5
138,94.5
138,94.5
138,94.5
138,94.5
138,94.5
138,94.5
139,94.5
139,94.5
139,94.5
139,94.5
139,94.5
139,94.5
139,94.5
139,93.6
139,93.6
139,93.6
139,93.6
139,93.6
140,93.6
140,94.5
140,94.5
140,94.5
140,94.5
140,94.5
140,94.5
141,94.5
141,93.6
141,93.6
141,93.6
141,93.6
141,93.6
141,93.6
141,94.1
141,94.1
141,94.1
141,94.1
141,94.1
142,94.1
142,94.5
142,94.5
142,94.5
142,94.5
142,94.5
142,94.5
142,94.5
142,93.6
142,93.6
142,93.6
142,93.6
142,93.6
143,93.6
143,95.0
143,95.0
143,95.0
143,95.0
143,95.0
143,95.0
144,95.0
144,93.2
144,93.2
144,93.2
144,93.2
144,93.2
144,93.2
144,95.4
144,95.4
144,95.4
144,95.4
144,95.4
145,95.4
145,94.1
145,94.1
145,94.1
145,94.1
145,94.1
145,94.1
146,94.1
146,94.5
146,94.5
146,94.5
146,94.5
146,94.5
146,94.5
146,94.1
146,94.1
146,94.1
146,94.1
146,94.1
146,94.1
147,94.1
147,94.1
147,94.1
147,94.1
147,94.1
147,94.1
148,94.1
148,95.0
148,95.0
148,95.0
148,95.0
148,95.0
148,95.0
148,94.5
148,94.5
148,94.5
148,94.5
148,94.5
148,94.5
149,94.5
149,94.1
149,94.1
149,94.1
149,94.1
149,94.1
149,94.1
149,95.9
149,95.9
149,95.9
149,95.9
149,95.9
149,95.9
150,93.6
150,93.6
150,93.6
150,93.6
150,93.6
150,93.6
151,93.6
151,93.6
151,93.6
151,93.6
151,93.6
151,93.6
151,93.6
151,93.6
151,93.6
151,93.6
151,93.6
151,93.6
151,93.6
152,93.6
152,94.5
152,94.5
152,94.5
152,94.5
152,94.5
153,94.5
153,95.4
153,95.4
153,95.4
153,95.4
153,95.4
153,95.4
153,95.4
153,95.4
153,95.4
153,95.4
153,95.4
153,95.4
154,95.4
154,95.0
154,95.0
154,95.0
154,95.0
154,95.0
155,95.0
155,94.1
155,94.1
155,94.1
155,94.1
155,94.1
155,94.1
155,94.1
155,93.6
155,93.6
155,93.6
155,93.6
155,93.6
156,93.6
156,95.4
156,95.4
156,95.4
156,95.4
156,95.4
157,95.4
157,94.1
157,94.1
157,94.1
157,94.1
157,94.1
157,94.1
157,94.1
157,95.0
157,95.0
157,95.0
157,95.0
157,95.0
158,95.0
158,95.0
158,95.0
158,95.0
158,95.0
158,95.0
158,95.0
158,95.0
158,93.6
158,93.6
158,93.6
158,93.6
158,93.6
159,93.6
159,95.4
159,95.4
159,95.4
159,95.4
159,95.4
160,95.4
160,93.6
160,93.6
160,93.6
160,93.6
160,93.6
160,93.6
160,93.6
160,93.6
160,93.6
160,93.6
160,93.6
160,93.6
161,93.6
161,94.1
161,94.1
161,94.1
161,94.1
161,94.1
161,94.1
162,94.1
162,93.2
162,93.2
162,93.2
162,93.2
162,93.2
162,93.2
162,95.0
162,95.0
162,95.0
162,95.0
162,95.0
163,95.0
163,92.7
163,92.7
163,92.7
163,92.7
163,92.7
163,92.7
164,92.7
164,95.4
164,95.4
164,95.4
164,95.4
164,95.4
164,95.4
164,92.3
164,92.3
164,92.3
164,92.3
164,92.3
164,92.3
165,95.4
165,95.4
165,95.4
165,95.4
165,95.4
165,95.4
165,95.4
165,95.9
165,95.9
165,95.9
165,95.9
165,95.9
166,95.9
166,93.2
166,93.2
166,93.2
166,93.2
166,93.2
166,93.2
167,93.2
167,93.6
167,93.6
167,93.6
167,93.6
167,93.6
167,93.6
167,94.5
167,94.5
167,94.5
167,94.5
167,94.5
167,94.5
168,95.4
168,95.4
168,95.4
168,95.4
168,95.4
168,95.4
169,95.4
169,94.1
169,94.1
169,94.1
169,94.1
169,94.1
169,94.1
169,92.7
169,92.7
169,92.7
169,92.7
169,92.7
169,92.7
170,92.7
170,92.3
170,92.3
170,92.3
170,92.3
170,92.3
171,92.3
171,94.1
171,94.1
171,94.1
171,94.1
171,94.1
171,94.1
171,93.2
171,93.2
171,93.2
171,93.2
171,93.2
171,93.2
172,93.2
172,95.0
172,95.0
172,95.0
172,95.0
172,95.0
173,95.0
173,94.1
173,94.1
173,94.1
173,94.1
173,94.1
173,94.1
173,94.1
173,93.6
173,93.6
173,93.6
173,93.6
173,93.6
174,93.6
174,94.5
174,94.5
174,94.5
174,94.5
174,94.5
174,94.5
174,94.5
174,94.5
174,94.5
174,94.5
174,94.5
174,94.5
175,94.5
175,93.2
175,93.2
175,93.2
175,93.2
175,93.2
176,93.2
176,92.3
176,92.3
176,92.3
176,92.3
176,92.3
176,92.3
176,92.3
176,92.7
176,92.7
176,92.7
176,92.7
176,92.7
177,92.7
177,94.1
177,94.1
177,94.1
177,94.1
177,94.1
178,94.1
178,93.6
178,93.6
178,93.6
178,93.6
178,93.6
178,93.6
178,93.6
178,91.3
178,91.3
178,91.3
178,91.3
178,91.3
179,91.3
179,95.0
179,95.0
179,95.0
179,95.0
179,95.0
179,95.0
180,95.0
180,94.1
180,94.1
180,94.1
180,94.1
180,94.1
180,94.1
180,94.5
180,94.5
180,94.5
180,94.5
180,94.5
181,94.5
181,96.8
181,96.8
181,96.8
181,96.8
181,96.8
181,96.8
182,96.8
182,94.5
182,94.5
182,94.5
182,94.5
182,94.5
182,94.5
182,93.2
182,93.2
182,93.2
182,93.2
182,93.2
182,93.2
183,93.2
183,92.3
183,92.3
183,92.3
183,92.3
183,92.3
183,92.3
183,94.1
183,94.1
183,94.1
183,94.1
183,94.1
184,94.1
184,94.1
184,94.1
184,94.1
184,94.1
184,94.1
184,94.1
185,94.1
185,95.4
185,95.4
185,95.4
185,95.4
185,95.4
185,95.4
185,94.5
185,94.5
185,94.5
185,94.5
185,94.5
185,94.5
186,94.5
186,93.6
186,93.6
186,93.6
186,93.6
186,93.6
187,93.6
187,95.0
187,95.0
187,95.0
187,95.0
187,95.0
187,95.0
187,93.2
187,93.2
187,93.2
187,93.2
187,93.2
187,93.2
188,93.2
188,94.5
188,94.5
188,94.5
188,94.5
188,94.5
189,94.5
189,94.1
189,94.1
189,94.1
189,94.1
189,94.1
189,94.1
189,93.6
189,93.6
189,93.6
189,93.6
189,93.6
189,93.6
190,93.6
190,92.3
190,92.3
190,92.3
190,92.3
190,92.3
190,92.3
190,93.6
190,93.6
190,93.6
190,93.6
190,93.6
190,93.6
191,93.6
191,94.1
191,94.1
191,94.1
191,94.1
191,94.1
192,94.1
192,93.6
192,93.6
192,93.6
192,93.6
192,93.6
192,93.6
192,94.1
192,94.1
192,94.1
192,94.1
192,94.1
192,94.1
193,94.1
193,94.5
193,94.5
193,94.5
193,94.5
193,94.5
194,94.5
194,94.5
194,94.5
194,94.5
194,94.5
194,94.5
194,94.5
194,94.5
194,94.5
194,94.5
194,94.5
194,94.5
194,94.5
195,94.5
195,91.8
195,91.8
195,91.8
195,91.8
195,91.8
196,91.8
196,96.4
196,96.4
196,96.4
196,96.4
196,96.4
196,96.4
196,96.4
196,93.6
196,93.6
196,93.6
196,93.6
196,93.6
197,93.6
197,94.1
197,94.1
197,94.1
197,94.1
197,94.1
197,94.1
198,95.9
198,95.9
198,95.9
198,95.9
198,95.9
198,95.9
198,95.9
198,94.1
198,94.1
198,94.1
198,94.1
198,94.1
199,94.1
199,93.2
199,93.2
199,93.2
199,93.2
199,93.2
199,93.2
199,93.2
199,93.6
199,93.6
199,93.6
199,93.6
199,93.6
200,93.6
200,94.1
200,94.1
200,94.1
200,94.1
200,94.1
200,94.1
201,92.7
201,92.7
201,92.7
201,92.7
201,92.7
201,92.7
201,92.7
201,92.7
201,92.7
201,92.7
201,92.7
201,92.7
202,92.7
202,94.5
202,94.5
202,94.5
202,94.5
202,94.5
202,94.5
203,94.5
203,94.1
203,94.1
203,94.1
203,94.1
203,94.1
203,94.1
203,96.8
203,96.8
203,96.8
203,96.8
203,96.8
204,96.8
204,93.6
204,93.6
204,93.6
204,93.6
204,93.6
204,93.6
205,93.6
205,93.6
205,93.6
205,93.6
205,93.6
205,93.6
205,93.6
205,95.4
205,95.4
205,95.4
205,95.4
205,95.4
205,95.4
206,95.4
206,94.5
206,94.5
206,94.5
206,94.5
206,94.5
207,94.5
207,95.4
207,95.4
207,95.4
207,95.4
207,95.4
207,95.4
207,94.1
207,94.1
207,94.1
207,94.1
207,94.1
207,94.1
208,94.1
208,95.0
208,95.0
208,95.0
208,95.0
208,95.0
208,95.0
208,95.0
208,95.0
208,95.0
208,95.0
208,95.0
208,95.0
209,94.5
209,94.5
209,94.5
209,94.5
209,94.5
209,94.5
210,94.5
210,93.6
210,93.6
210,93.6
210,93.6
210,93.6
210,93.6
210,93.6
210,93.6
210,93.6
210,93.6
210,93.6
210,93.6
211,93.6
211,92.7
211,92.7
211,92.7
211,92.7
211,92.7
212,92.7
212,94.5
212,94.5
212,94.5
212,94.5
212,94.5
212,94.5
212,93.6
212,93.6
212,93.6
212,93.6
212,93.6
212,93.6
213,93.6
213,95.0
213,95.0
213,95.0
213,95.0
213,95.0
214,95.0
214,92.3
214,92.3
214,92.3
214,92.3
214,92.3
214,92.3
214,92.3
214,95.0
214,95.0
214,95.0
214,95.0
214,95.0
215,95.0
215,94.1
215,94.1
215,94.1
215,94.1
215,94.1
215,94.1
215,94.1
215,94.1
215,94.1
215,94.1
215,94.1
215,94.1
216,94.1
216,91.8
216,91.8
216,91.8
216,91.8
216,91.8
217,91.8
217,93.2
217,93.2
217,93.2
217,93.2
217,93.2
217,93.2
217,93.2
217,94.5
217,94.5
217,94.5
217,94.5
217,94.5
218,94.5
218,93.6
218,93.6
218,93.6
218,93.6
218,93.6
219,93.6
219,94.1
219,94.1
219,94.1
219,94.1
219,94.1
219,94.1
219,94.1
219,95.4
219,95.4
219,95.4
219,95.4
219,95.4
220,95.4
220,91.8
220,91.8
220,91.8
220,91.8
220,91.8
220,91.8
221,91.8
221,92.7
221,92.7
221,92.7
221,92.7
221,92.7
221,92.7
221,96.8
221,96.8
221,96.8
221,96.8
221,96.8
222,96.8
222,93.2
222,93.2
222,93.2
222,93.2
222,93.2
222,93.2
223,93.2
223,95.9
223,95.9
223,95.9
223,95.9
223,95.9
223,95.9
223,95.9
223,95.9
223,95.9
223,95.9
223,95.9
223,95.9
224,91.8
224,91.8
224,91.8
224,91.8
224,91.8
224,91.8
224,91.8
224,93.6
224,93.6
224,93.6
224,93.6
224,93.6
225,93.6
225,93.6
225,93.6
225,93.6
225,93.6
225,93.6
225,93.6
226,93.6
226,95.9
226,95.9
226,95.9
226,95.9
226,95.9
226,95.9
226,95.9
226,95.9
226,95.9
226,95.9
226,95.9
227,95.9
227,95.9
227,95.9
227,95.9
227,95.9
227,95.9
227,95.9
228,95.9
228,93.6
228,93.6
228,93.6
228,93.6
228,93.6
228,93.6
228,95.9
228,95.9
228,95.9
228,95.9
228,95.9
228,95.9
229,95.9
229,93.2
229,93.2
229,93.2
229,93.2
229,93.2
230,93.2
230,94.5
230,94.5
230,94.5
230,94.5
230,94.5
230,94.5
230,94.5
230,94.5
230,94.5
230,94.5
230,94.5
230,94.5
231,94.5
231,93.6
231,93.6
231,93.6
231,93.6
231,93.6
231,93.6
231,95.4
231,95.4
231,95.4
231,95.4
231,95.4
231,95.4
232,95.4
232,93.2
232,93.2
232,93.2
232,93.2
232,93.2
233,93.2
233,94.5
233,94.5
233,94.5
233,94.5
233,94.5
233,94.5
233,92.7
233,92.7
233,92.7
233,92.7
233,92.7
233,92.7
234,92.7
234,95.9
234,95.9
234,95.9
234,95.9
234,95.9
235,95.9
235,93.6
235,93.6
235,93.6
235,93.6
235,93.6
235,93.6
235,92.7
235,92.7
235,92.7
235,92.7
235,92.7
235,92.7
236,92.7
236,91.8
236,91.8
236,91.8
236,91.8
236,91.8
237,91.8
237,94.5
237,94.5
237,94.5
237,94.5
237,94.5
237,94.5
237,94.5
237,96.8
237,96.8
237,96.8
237,96.8
237,96.8
238,96.8
238,94.1
238,94.1
238,94.1
238,94.1
238,94.1
238,94.1
239,94.1
239,94.1
239,94.1
239,94.1
239,94.1
239,94.1
239,94.1
239,94.1
239,94.1
239,94.1
239,94.1
239,94.1
240,94.1
240,94.1
240,94.1
240,94.1
240,94.1
240,94.1
240,94.1
240,94.1
240,94.1
240,94.1
240,94.1
240,94.1
240,94.1
241,94.1
241,94.5
241,94.5
241,94.5
241,94.5
241,94.5
242,94.5
242,94.1
242,94.1
242,94.1
242,94.1
242,94.1
242,94.1
242,94.1
242,94.1
242,94.1
242,94.1
242,94.1
242,94.1
243,94.1
243,93.6
243,93.6
243,93.6
243,93.6
243,93.6
243,93.6
244,94.1
244,94.1
244,94.1
244,94.1
244,94.1
244,94.1
244,94.1
244,94.1
244,94.1
244,94.1
244,94.1
244,94.1
245,94.1
245,94.5
245,94.5
245,94.5
245,94.5
245,94.5
245,94.5
246,94.5
246,95.0
246,95.0
246,95.0
246,95.0
246,95.0
246,95.0
246,95.9
246,95.9
246,95.9
246,95.9
246,95.9
246,95.9
247,94.5
247,94.5
247,94.5
247,94.5
247,94.5
247,94.5
248,94.5
248,94.1
248,94.1
248,94.1
248,94.1
248,94.1
248,94.1
248,94.1
248,94.1
248,94.1
248,94.1
248,94.1
248,94.1
249,94.1
249,95.0
249,95.0
249,95.0
249,95.0
249,95.0
249,95.0
249,94.5
249,94.5
249,94.5
249,94.5
249,94.5
250,94.5
250,92.7
250,92.7
250,92.7
250,92.7
250,92.7
250,92.7
251,92.7
251,94.5
251,94.5
251,94.5
251,94.5
251,94.5
251,94.5
251,95.4
251,95.4
251,95.4
251,95.4
251,95.4
251,95.4
252,95.4
252,94.5
252,94.5
252,94.5
252,94.5
252,94.5
253,94.5
253,94.1
253,94.1
253,94.1
253,94.1
253,94.1
253,94.1
253,93.6
253,93.6
253,93.6
253,93.6
253,93.6
253,93.6
254,93.6
254,95.0
254,95.0
254,95.0
254,95.0
254,95.0
255,95.0
255,94.5
255,94.5
255,94.5
255,94.5
255,94.5
255,94.5
255,95.0
255,95.0
255,95.0
255,95.0
255,95.0
255,95.0
256,95.0
256,95.4
256,95.4
256,95.4
256,95.4
256,95.4
256,95.4
256,95.0
256,95.0
256,95.0
256,95.0
256,95.0
256,95.0
257,95.0
257,94.1
257,94.1
257,94.1
257,94.1
257,94.1
258,94.1
258,94.5
258,94.5
258,94.5
258,94.5
258,94.5
258,94.5
258,95.9
258,95.9
258,95.9
258,95.9
258,95.9
258,95.9
259,95.9
259,94.1
259,94.1
259,94.1
259,94.1
259,94.1
260,94.1
260,94.5
260,94.5
260,94.5
260,94.5
260,94.5
260,94.5
260,94.5
260,94.5
260,94.5
260,94.5
260,94.5
260,94.5
261,94.5
261,96.4
261,96.4
261,96.4
261,96.4
261,96.4
262,96.4
262,94.1
262,94.1
262,94.1
262,94.1
262,94.1
262,94.1
262,94.1
262,93.6
262,93.6
262,93.6
262,93.6
262,93.6
263,93.6
263,94.5
263,94.5
263,94.5
263,94.5
263,94.5
263,94.5
264,93.6
264,93.6
264,93.6
264,93.6
264,93.6
264,93.6
264,93.6
264,95.9
264,95.9
264,95.9
264,95.9
264,95.9
265,95.9
265,95.4
265,95.4
265,95.4
265,95.4
265,95.4
265,95.4
265,95.4
265,94.1
265,94.1
265,94.1
265,94.1
265,94.1
266,94.1
266,96.8
266,96.8
266,96.8
266,96.8
266,96.8
266,96.8
267,93.6
267,93.6
267,93.6
267,93.6
267,93.6
267,93.6
267,93.6
267,95.9
267,95.9
267,95.9
267,95.9
267,95.9
268,95.9
268,94.5
268,94.5
268,94.5
268,94.5
268,94.5
268,94.5
269,94.5
269,95.4
269,95.4
269,95.4
269,95.4
269,95.4
269,95.4
269,92.7
269,92.7
269,92.7
269,92.7
269,92.7
270,92.7
270,95.0
270,95.0
270,95.0
270,95.0
270,95.0
270,95.0
271,95.0
271,94.5
271,94.5
271,94.5
271,94.5
271,94.5
271,94.5
271,94.1
271,94.1
271,94.1
271,94.1
271,94.1
271,94.1
272,94.1
272,95.4
272,95.4
272,95.4
272,95.4
272,95.4
272,95.4
272,93.6
272,93.6
272,93.6
272,93.6
272,93.6
273,93.6
273,92.3
273,92.3
273,92.3
273,92.3
273,92.3
273,92.3
274,92.3
274,94.5
274,94.5
274,94.5
274,94.5
274,94.5
274,94.5
274,95.0
274,95.0
274,95.0
274,95.0
274,95.0
274,95.0
275,95.0
275,95.0
275,95.0
275,95.0
275,95.0
275,95.0
276,95.0
276,94.1
276,94.1
276,94.1
276,94.1
276,94.1
276,94.1
276,93.2
276,93.2
276,93.2
276,93.2
276,93.2
276,93.2
277,93.2
277,92.7
277,92.7
277,92.7
277,92.7
277,92.7
278,92.7
278,95.0
278,95.0
278,95.0
278,95.0
278,95.0
278,95.0
278,95.0
278,93.6
278,93.6
278,93.6
278,93.6
278,93.6
279,93.6
279,95.0
279,95.0
279,95.0
279,95.0
279,95.0
280,95.0
280,95.0
280,95.0
280,95.0
280,95.0
280,95.0
280,95.0
280,95.0
280,92.3
280,92.3
280,92.3
280,92.3
280,92.3
281,92.3
281,94.5
281,94.5
281,94.5
281,94.5
281,94.5
281,94.5
281,94.5
281,94.5
281,94.5
281,94.5
281,94.5
281,94.5
282,94.5
282,93.6
282,93.6
282,93.6
282,93.6
282,93.6
283,93.6
283,95.4
283,95.4
283,95.4
283,95.4
283,95.4
283,95.4
283,95.4
283,94.5
283,94.5
283,94.5
283,94.5
283,94.5
284,94.5
284,93.6
284,93.6
284,93.6
284,93.6
284,93.6
285,93.6
285,94.1
285,94.1
285,94.1
285,94.1
285,94.1
285,94.1
285,94.1
285,94.1
285,94.1
285,94.1
285,94.1
285,94.1
286,94.1
286,95.0
286,95.0
286,95.0
286,95.0
286,95.0
286,95.0
287,95.0
287,92.7
287,92.7
287,92.7
287,92.7
287,92.7
287,92.7
287,95.0
287,95.0
287,95.0
287,95.0
287,95.0
288,95.0
288,94.1
288,94.1
288,94.1
288,94.1
288,94.1
288,94.1
289,94.1
289,93.2
289,93.2
289,93.2
289,93.2
289,93.2
289,93.2
289,94.1
289,94.1
289,94.1
289,94.1
289,94.1
289,94.1
290,95.9
290,95.9
290,95.9
290,95.9
290,95.9
290,95.9
290,95.9
290,95.0
290,95.0
290,95.0
290,95.0
290,95.0
291,95.0
291,94.1
291,94.1
291,94.1
291,94.1
291,94.1
291,94.1
292,94.1
292,94.5
292,94.5
292,94.5
292,94.5
292,94.5
292,94.5
292,95.0
292,95.0
292,95.0
292,95.0
292,95.0
293,95.0
293,93.2
293,93.2
293,93.2
293,93.2
293,93.2
293,93.2
294,93.2
294,95.4
294,95.4
294,95.4
294,95.4
294,95.4
294,95.4
294,95.4
294,95.4
294,95.4
294,95.4
294,95.4
294,95.4
295,95.4
295,94.1
295,94.1
295,94.1
295,94.1
295,94.1
296,94.1
296,95.9
296,95.9
296,95.9
296,95.9
296,95.9
296,95.9
296,93.6
296,93.6
296,93.6
296,93.6
296,93.6
296,93.6
297,93.6
297,94.5
297,94.5
297,94.5
297,94.5
297,94.5
297,94.5
297,94.1
297,94.1
297,94.1
297,94.1
297,94.1
298,94.1
298,94.5
298,94.5
298,94.5
298,94.5
298,94.5
298,94.5
299,94.5
299,96.8
299,96.8
299,96.8
299,96.8
299,96.8
299,96.8
299,93.6
299,93.6
299,93.6
299,93.6
299,93.6
299,93.6
300,93.6
300,95.0
300,95.0
300,95.0
300,95.0
300,95.0
301,95.0
301,94.5
301,94.5
301,94.5
301,94.5
301,94.5
301,94.5
301,93.2
301,93.2
301,93.2
301,93.2
301,93.2
301,93.2
302,93.2
302,93.2
302,93.2
302,93.2
302,93.2
302,93.2
303,93.2
303,93.6
303,93.6
303,93.6
303,93.6
303,93.6
303,93.6
303,93.6
303,93.6
303,93.6
303,93.6
303,93.6
303,93.6
304,93.6
304,93.6
304,93.6
304,93.6
304,93.6
304,93.6
305,93.6
305,95.4
305,95.4
305,95.4
305,95.4
305,95.4
305,95.4
305,95.4
305,94.1
305,94.1
305,94.1
305,94.1
305,94.1
306,94.1
306,95.0
306,95.0
306,95.0
306,95.0
306,95.0
306,95.0
306,93.6
306,93.6
306,93.6
306,93.6
306,93.6
306,93.6
307,93.6
307,94.1
307,94.1
307,94.1
307,94.1
307,94.1
308,94.1
308,95.9
308,95.9
308,95.9
308,95.9
308,95.9
308,95.9
308,95.9
308,95.0
308,95.0
308,95.0
308,95.0
308,95.0
309,95.0
309,93.6
309,93.6
309,93.6
309,93.6
309,93.6
309,93.6
310,95.4
310,95.4
310,95.4
310,95.4
310,95.4
310,95.4
310,95.4
310,95.0
310,95.0
310,95.0
310,95.0
310,95.0
311,95.0
311,92.7
311,92.7
311,92.7
311,92.7
311,92.7
311,92.7
312,92.7
312,94.1
312,94.1
312,94.1
312,94.1
312,94.1
312,94.1
312,94.1
312,94.1
312,94.1
312,94.1
312,94.1
313,94.1
313,93.6
313,93.6
313,93.6
313,93.6
313,93.6
313,93.6
313,93.6
313,94.5
313,94.5
313,94.5
313,94.5
313,94.5
314,94.5
314,94.5
314,94.5
314,94.5
314,94.5
314,94.5
314,94.5
315,94.5
315,94.5
315,94.5
315,94.5
315,94.5
315,94.5
315,94.5
315,95.0
315,95.0
315,95.0
315,95.0
315,95.0
316,95.0
316,93.6
316,93.6
316,93.6
316,93.6
316,93.6
316,93.6
317,93.6
317,93.6
317,93.6
317,93.6
317,93.6
317,93.6
317,93.6
317,95.9
317,95.9
317,95.9
317,95.9
317,95.9
317,95.9
318,95.9
318,95.4
318,95.4
318,95.4
318,95.4
318,95.4
319,95.4
319,94.1
319,94.1
319,94.1
319,94.1
319,94.1
319,94.1
319,93.6
319,93.6
319,93.6
319,93.6
319,93.6
319,93.6
320,93.6
320,91.8
320,91.8
320,91.8
320,91.8
320,91.8
321,91.8
321,95.0
321,95.0
321,95.0
321,95.0
321,95.0
321,95.0
321,95.0
321,94.1
321,94.1
321,94.1
321,94.1
321,94.1
322,94.1
322,92.7
322,92.7
322,92.7
322,92.7
322,92.7
322,92.7
322,93.2
322,93.2
322,93.2
322,93.2
322,93.2
322,93.2
323,93.2
323,94.1
323,94.1
323,94.1
323,94.1
323,94.1
324,94.1
324,94.1
324,94.1
324,94.1
324,94.1
324,94.1
324,94.1
324,94.1
324,94.1
324,94.1
324,94.1
324,94.1
324,94.1
325,94.1
325,92.7
325,92.7
325,92.7
325,92.7
325,92.7
326,92.7
326,92.7
326,92.7
326,92.7
326,92.7
326,92.7
326,92.7
326,92.7
326,93.6
326,93.6
326,93.6
326,93.6
326,93.6
327,93.6
327,95.0
327,95.0
327,95.0
327,95.0
327,95.0
328,95.0
328,95.0
328,95.0
328,95.0
328,95.0
328,95.0
328,95.0
328,95.0
328,91.8
328,91.8
328,91.8
328,91.8
328,91.8
329,91.8
329,93.6
329,93.6
329,93.6
329,93.6
329,93.6
329,93.6
329,94.5
329,94.5
329,94.5
329,94.5
329,94.5
329,94.5
330,94.5
330,94.5
330,94.5
330,94.5
330,94.5
330,94.5
331,94.5
331,92.7
331,92.7
331,92.7
331,92.7
331,92.7
331,92.7
331,92.7
331,95.4
331,95.4
331,95.4
331,95.4
331,95.4
332,95.4
332,93.6
332,93.6
332,93.6
332,93.6
332,93.6
333,93.6
333,96.4
333,96.4
333,96.4
333,96.4
333,96.4
333,96.4
333,96.4
333,92.7
333,92.7
333,92.7
333,92.7
333,92.7
334,92.7
334,95.4
334,95.4
334,95.4
334,95.4
334,95.4
334,95.4
335,95.4
335,93.6
335,93.6
335,93.6
335,93.6
335,93.6
335,93.6
335,92.7
335,92.7
335,92.7
335,92.7
335,92.7
336,92.7
336,93.6
336,93.6
336,93.6
336,93.6
336,93.6
336,93.6
337,93.6
337,95.0
337,95.0
337,95.0
337,95.0
337,95.0
337,95.0
337,96.4
337,96.4
337,96.4
337,96.4
337,96.4
337,96.4
338,96.4
338,94.5
338,94.5
338,94.5
338,94.5
338,94.5
338,94.5
338,93.6
338,93.6
338,93.6
338,93.6
338,93.6
339,93.6
339,94.1
339,94.1
339,94.1
339,94.1
339,94.1
339,94.1
340,94.1
340,95.4
340,95.4
340,95.4
340,95.4
340,95.4
340,95.4
340,95.4
340,95.4
340,95.4
340,95.4
340,95.4
340,95.4
341,95.4
341,96.4
341,96.4
341,96.4
341,96.4
341,96.4
342,96.4
342,95.4
342,95.4
342,95.4
342,95.4
342,95.4
342,95.4
342,92.7
342,92.7
342,92.7
342,92.7
342,92.7
342,92.7
343,92.7
343,94.5
343,94.5
343,94.5
343,94.5
343,94.5
344,94.5
344,95.0
344,95.0
344,95.0
344,95.0
344,95.0
344,95.0
344,97.3
344,97.3
344,97.3
344,97.3
344,97.3
344,97.3
345,97.3
345,95.4
345,95.4
345,95.4
345,95.4
345,95.4
345,95.4
345,95.4
345,95.4
345,95.4
345,95.4
345,95.4
345,95.4
346,95.4
346,93.6
346,93.6
346,93.6
346,93.6
346,93.6
347,93.6
347,93.2
347,93.2
347,93.2
347,93.2
347,93.2
347,93.2
347,94.1
347,94.1
347,94.1
347,94.1
347,94.1
347,94.1
348,94.1
348,94.1
348,94.1
348,94.1
348,94.1
348,94.1
349,94.1
349,95.9
349,95.9
349,95.9
349,95.9
349,95.9
349,95.9
349,95.9
349,93.2
349,93.2
349,93.2
349,93.2
349,93.2
350,93.2
350,92.3
350,92.3
350,92.3
350,92.3
350,92.3
351,92.3
351,93.6
351,93.6
351,93.6
351,93.6
351,93.6
351,93.6
351,93.6
351,94.1
351,94.1
351,94.1
351,94.1
351,94.1
352,94.1
352,95.9
352,95.9
352,95.9
352,95.9
352,95.9
352,95.9
353,96.4
353,96.4
353,96.4
353,96.4
353,96.4
353,96.4
353,96.4
353,92.7
353,92.7
353,92.7
353,92.7
353,92.7
354,92.7
354,93.2
354,93.2
354,93.2
354,93.2
354,93.2
354,93.2
354,93.2
354,94.5
354,94.5
354,94.5
354,94.5
354,94.5
355,94.5
355,95.4
355,95.4
355,95.4
355,95.4
355,95.4
355,95.4
356,94.1
356,94.1
356,94.1
356,94.1
356,94.1
356,94.1
356,94.1
356,93.6
356,93.6
356,93.6
356,93.6
356,93.6
357,93.6
357,95.4
357,95.4
357,95.4
357,95.4
357,95.4
357,95.4
358,95.4
358,94.1
358,94.1
358,94.1
358,94.1
358,94.1
358,94.1
358,92.7
358,92.7
358,92.7
358,92.7
358,92.7
359,92.7
359,94.1
359,94.1
359,94.1
359,94.1
359,94.1
359,94.1
360,94.1
360,91.8
360,91.8
360,91.8
360,91.8
360,91.8
360,91.8
360,93.2
360,93.2
360,93.2
360,93.2
360,93.2
360,93.2
361,93.2
361,94.1
361,94.1
361,94.1
361,94.1
361,94.1
362,94.1
362,94.1
362,94.1
362,94.1
362,94.1
362,94.1
362,94.1
362,92.7
362,92.7
362,92.7
362,92.7
362,92.7
362,92.7
363,92.7
363,95.4
363,95.4
363,95.4
363,95.4
363,95.4
363,95.4
363,95.0
363,95.0
363,95.0
363,95.0
363,95.0
363,95.0
364,96.8
364,96.8
364,96.8
364,96.8
364,96.8
364,96.8
365,96.8
365,93.2
365,93.2
365,93.2
365,93.2
365,93.2
365,93.2
365,95.0
365,95.0
365,95.0
365,95.0
365,95.0
365,95.0
366,95.0
366,94.5
366,94.5
366,94.5
366,94.5
366,94.5
367,94.5
367,93.2
367,93.2
367,93.2
367,93.2
367,93.2
367,93.2
367,94.5
367,94.5
367,94.5
367,94.5
367,94.5
367,94.5
368,94.5
368,92.7
368,92.7
368,92.7
368,92.7
368,92.7
369,92.7
369,91.8
369,91.8
369,91.8
369,91.8
369,91.8
369,91.8
369,91.8
369,95.4
369,95.4
369,95.4
369,95.4
369,95.4
370,95.4
370,95.0
370,95.0
370,95.0
370,95.0
370,95.0
370,95.0
370,91.8
370,91.8
370,91.8
370,91.8
370,91.8
370,91.8
371,91.8
371,95.4
371,95.4
371,95.4
371,95.4
371,95.4
372,95.4
372,94.5
372,94.5
372,94.5
372,94.5
372,94.5
372,94.5
372,94.5
372,95.0
372,95.0
372,95.0
372,95.0
372,95.0
373,95.0
373,94.1
373,94.1
373,94.1
373,94.1
373,94.1
374,94.1
374,95.4
374,95.4
374,95.4
374,95.4
374,95.4
374,95.4
374,95.4
374,95.0
374,95.0
374,95.0
374,95.0
374,95.0
375,95.0
375,94.1
375,94.1
375,94.1
375,94.1
375,94.1
375,94.1
376,94.1
376,95.4
376,95.4
376,95.4
376,95.4
376,95.4
376,95.4
376,93.6
376,93.6
376,93.6
376,93.6
376,93.6
377,93.6
377,94.1
377,94.1
377,94.1
377,94.1
377,94.1
377,94.1
378,94.1
378,94.1
378,94.1
378,94.1
378,94.1
378,94.1
378,94.1
378,94.5
378,94.5
378,94.5
378,94.5
378,94.5
378,94.5
379,95.0
379,95.0
379,95.0
379,95.0
379,95.0
379,95.0
379,95.0
379,95.4
379,95.4
379,95.4
379,95.4
379,95.4
380,95.4
380,92.7
380,92.7
380,92.7
380,92.7
380,92.7
380,92.7
381,92.7
381,93.6
381,93.6
381,93.6
381,93.6
381,93.6
381,93.6
381,96.4
381,96.4
381,96.4
381,96.4
381,96.4
382,96.4
382,93.6
382,93.6
382,93.6
382,93.6
382,93.6
382,93.6
383,93.6
383,94.5
383,94.5
383,94.5
383,94.5
383,94.5
383,94.5
383,95.4
383,95.4
383,95.4
383,95.4
383,95.4
383,95.4
384,95.4
384,95.4
384,95.4
384,95.4
384,95.4
384,95.4
385,95.4
385,95.0
385,95.0
385,95.0
385,95.0
385,95.0
385,95.0
385,95.0
385,95.0
385,95.0
385,95.0
385,95.0
385,95.0
386,95.0
386,94.5
386,94.5
386,94.5
386,94.5
386,94.5
386,94.5
386,95.4
386,95.4
386,95.4
386,95.4
386,95.4
386,95.4
387,94.5
387,94.5
387,94.5
387,94.5
387,94.5
387,94.5
388,94.5
388,95.4
388,95.4
388,95.4
388,95.4
388,95.4
388,95.4
388,95.4
388,95.4
388,95.4
388,95.4
388,95.4
388,95.4
389,95.4
389,95.0
389,95.0
389,95.0
389,95.0
389,95.0
390,95.0
390,93.6
390,93.6
390,93.6
390,93.6
390,93.6
390,93.6
390,95.9
390,95.9
390,95.9
390,95.9
390,95.9
390,95.9
391,95.9
391,93.6
391,93.6
391,93.6
391,93.6
391,93.6
392,93.6
392,95.4
392,95.4
392,95.4
392,95.4
392,95.4
392,95.4
392,95.4
392,93.6
392,93.6
392,93.6
392,93.6
392,93.6
393,93.6
393,93.6
393,93.6
393,93.6
393,93.6
393,93.6
394,93.6
394,95.4
394,95.4
394,95.4
394,95.4
394,95.4
394,95.4
394,95.4
394,94.1
394,94.1
394,94.1
394,94.1
394,94.1
395,94.1
395,93.6
395,93.6
395,93.6
395,93.6
395,93.6
395,93.6
395,93.6
395,93.2
395,93.2
395,93.2
395,93.2
395,93.2
396,93.2
396,94.1
396,94.1
396,94.1
396,94.1
396,94.1
397,94.1
397,93.6
397,93.6
397,93.6
397,93.6
397,93.6
397,93.6
397,93.6
397,95.0
397,95.0
397,95.0
397,95.0
397,95.0
398,95.0
398,92.7
398,92.7
398,92.7
398,92.7
398,92.7
398,92.7
399,95.0
399,95.0
399,95.0
399,95.0
399,95.0
399,95.0
399,95.0
399,94.1
399,94.1
399,94.1
399,94.1
399,94.1
400,94.1
400,93.6
400,93.6
400,93.6
400,93.6
400,93.6
400,93.6
401,93.6
401,94.5
401,94.5
401,94.5
401,94.5
401,94.5
401,94.5
401,95.0
401,95.0
401,95.0
401,95.0
401,95.0
402,95.0
402,96.4
402,96.4
402,96.4
402,96.4
402,96.4
402,96.4
402,96.4
402,94.5
402,94.5
402,94.5
402,94.5
402,94.5
403,94.5
403,94.1
403,94.1
403,94.1
403,94.1
403,94.1
403,94.1
404,94.1
404,94.1
404,94.1
404,94.1
404,94.1
404,94.1
404,94.1
404,94.1
404,94.1
404,94.1
404,94.1
404,94.1
405,94.1
405,93.2
405,93.2
405,93.2
405,93.2
405,93.2
405,93.2
406,93.2
406,95.0
406,95.0
406,95.0
406,95.0
406,95.0
406,95.0
406,95.9
406,95.9
406,95.9
406,95.9
406,95.9
406,95.9
407,95.9
407,95.9
407,95.9
407,95.9
407,95.9
407,95.9
408,95.9
408,94.5
408,94.5
408,94.5
408,94.5
408,94.5
408,94.5
408,93.2
408,93.2
408,93.2
408,93.2
408,93.2
408,93.2
409,93.2
409,95.0
409,95.0
409,95.0
409,95.0
409,95.0
410,95.0
410,95.0
410,95.0
410,95.0
410,95.0
410,95.0
410,95.0
410,95.0
410,95.0
410,95.0
410,95.0
410,95.0
410,95.0
411,95.0
411,93.2
411,93.2
411,93.2
411,93.2
411,93.2
411,93.2
411,95.0
411,95.0
411,95.0
411,95.0
411,95.0
411,95.0
412,95.0
412,93.2
412,93.2
412,93.2
412,93.2
412,93.2
413,93.2
413,93.6
413,93.6
413,93.6
413,93.6
413,93.6
413,93.6
413,94.5
413,94.5
413,94.5
413,94.5
413,94.5
413,94.5
414,94.5
414,94.1
414,94.1
414,94.1
414,94.1
414,94.1
415,94.1
415,95.9
415,95.9
415,95.9
415,95.9
415,95.9
415,95.9
415,95.9
415,92.7
415,92.7
415,92.7
415,92.7
415,92.7
416,92.7
416,93.2
416,93.2
416,93.2
416,93.2
416,93.2
417,93.2
417,95.4
417,95.4
417,95.4
417,95.4
417,95.4
417,95.4
417,95.4
417,93.6
417,93.6
417,93.6
417,93.6
417,93.6
418,93.6
418,94.5
418,94.5
418,94.5
418,94.5
418,94.5
418,94.5
418,94.1
418,94.1
418,94.1
418,94.1
418,94.1
418,94.1
419,94.1
419,94.1
419,94.1
419,94.1
419,94.1
419,94.1
420,94.1
420,92.7
420,92.7
420,92.7
420,92.7
420,92.7
420,92.7
420,92.7
420,95.0
420,95.0
420,95.0
420,95.0
420,95.0
421,95.0
421,92.7
421,92.7
421,92.7
421,92.7
421,92.7
422,92.7
422,95.0
422,95.0
422,95.0
422,95.0
422,95.0
422,95.0
422,95.0
422,94.1
422,94.1
422,94.1
422,94.1
422,94.1
423,94.1
423,94.5
423,94.5
423,94.5
423,94.5
423,94.5
423,94.5
424,94.1
424,94.1
424,94.1
424,94.1
424,94.1
424,94.1
424,94.1
424,93.6
424,93.6
424,93.6
424,93.6
424,93.6
425,93.6
425,94.1
425,94.1
425,94.1
425,94.1
425,94.1
425,94.1
426,94.1
426,94.5
426,94.5
426,94.5
426,94.5
426,94.5
426,94.5
426,97.3
426,97.3
426,97.3
426,97.3
426,97.3
427,97.3
427,94.5
427,94.5
427,94.5
427,94.5
427,94.5
427,94.5
427,94.5
427,95.0
427,95.0
427,95.0
427,95.0
427,95.0
428,95.0
428,95.0
428,95.0
428,95.0
428,95.0
428,95.0
428,95.0
429,95.0
429,95.4
429,95.4
429,95.4
429,95.4
429,95.4
429,95.4
429,94.1
429,94.1
429,94.1
429,94.1
429,94.1
430,94.1
430,93.2
430,93.2
430,93.2
430,93.2
430,93.2
430,93.2
431,93.2
431,93.6
431,93.6
431,93.6
431,93.6
431,93.6
431,93.6
431,93.2
431,93.2
431,93.2
431,93.2
431,93.2
431,93.2
432,93.2
432,94.5
432,94.5
432,94.5
432,94.5
432,94.5
433,94.5
433,93.6
433,93.6
433,93.6
433,93.6
433,93.6
433,93.6
433,93.6
433,93.6
433,93.6
433,93.6
433,93.6
433,93.6
434,93.6
434,94.5
434,94.5
434,94.5
434,94.5
434,94.5
435,94.5
435,94.5
435,94.5
435,94.5
435,94.5
435,94.5
435,94.5
435,93.6
435,93.6
435,93.6
435,93.6
435,93.6
435,93.6
436,93.6
436,93.2
436,93.2
436,93.2
436,93.2
436,93.2
436,93.2
436,93.6
436,93.6
436,93.6
436,93.6
436,93.6
436,93.6
437,93.6
437,94.1
437,94.1
437,94.1
437,94.1
437,94.1
438,94.1
438,94.1
438,94.1
438,94.1
438,94.1
438,94.1
438,94.1
438,94.1
438,94.1
438,94.1
438,94.1
438,94.1
438,94.1
439,94.1
439,95.0
439,95.0
439,95.0
439,95.0
439,95.0
440,95.0
440,93.2
440,93.2
440,93.2
440,93.2
440,93.2
440,93.2
440,95.4
440,95.4
440,95.4
440,95.4
440,95.4
440,95.4
441,95.4
441,95.4
441,95.4
441,95.4
441,95.4
441,95.4
442,95.4
442,94.1
442,94.1
442,94.1
442,94.1
442,94.1
442,94.1
442,94.1
442,94.5
442,94.5
442,94.5
442,94.5
442,94.5
443,94.5
443,95.4
443,95.4
443,95.4
443,95.4
443,95.4
443,95.4
443,95.4
443,95.4
443,95.4
443,95.4
443,95.4
443,95.4
444,95.4
444,94.5
444,94.5
444,94.5
444,94.5
444,94.5
445,94.5
445,94.1
445,94.1
445,94.1
445,94.1
445,94.1
445,94.1
445,94.1
445,93.6
445,93.6
445,93.6
445,93.6
445,93.6
446,93.6
446,95.9
446,95.9
446,95.9
446,95.9
446,95.9
447,95.9
447,93.6
447,93.6
447,93.6
447,93.6
447,93.6
447,93.6
447,93.6
447,94.1
447,94.1
447,94.1
447,94.1
447,94.1
448,94.1
448,95.4
448,95.4
448,95.4
448,95.4
448,95.4
448,95.4
449,95.0
449,95.0
449,95.0
449,95.0
449,95.0
449,95.0
449,95.0
449,94.5
449,94.5
449,94.5
449,94.5
449,94.5
450,94.5
450,95.4
450,95.4
450,95.4
450,95.4
450,95.4
450,95.4
451,95.4
451,95.0
451,95.0
451,95.0
451,95.0
451,95.0
451,95.0
451,93.6
451,93.6
451,93.6
451,93.6
451,93.6
452,93.6
452,95.9
452,95.9
452,95.9
452,95.9
452,95.9
452,95.9
452,95.9
452,94.5
452,94.5
452,94.5
452,94.5
452,94.5
453,94.5
453,92.7
453,92.7
453,92.7
453,92.7
453,92.7
453,92.7
454,92.7
454,95.4
454,95.4
454,95.4
454,95.4
454,95.4
454,95.4
454,92.7
454,92.7
454,92.7
454,92.7
454,92.7
455,92.7
455,95.0
455,95.0
455,95.0
455,95.0
455,95.0
455,95.0
456,95.0
456,93.6
456,93.6
456,93.6
456,93.6
456,93.6
456,93.6
456,94.5
456,94.5
456,94.5
456,94.5
456,94.5
456,94.5
457,94.5
457,96.4
457,96.4
457,96.4
457,96.4
457,96.4
458,96.4
458,94.5
458,94.5
458,94.5
458,94.5
458,94.5
458,94.5
458,93.6
458,93.6
458,93.6
458,93.6
458,93.6
458,93.6
459,93.6
459,94.1
459,94.1
459,94.1
459,94.1
459,94.1
459,94.1
459,94.5
459,94.5
459,94.5
459,94.5
459,94.5
459,94.5
460,94.5
460,92.3
460,92.3
460,92.3
460,92.3
460,92.3
461,92.3
461,93.2
461,93.2
461,93.2
461,93.2
461,93.2
461,93.2
461,93.6
461,93.6
461,93.6
