0,0
0,79
0,79
0,79
0,79
0,79
0,79
0,79
0,79
0,79
0,79
0,79
0,79
0,79
1,79
1,79
1,79
1,79
1,79
1,79
1,79
1,79
1,79
1,79
1,79
1,79
2,79
2,79
2,79
2,79
2,79
2,79
2,79
3,79
3,79
3,79
3,79
3,79
3,79
3,79
3,79
3,79
3,79
3,79
3,79
4,79
4,79
4,79
4,79
4,79
4,79
4,79
5,79
5,79
5,79
5,79
5,79
5,79
5,79
5,79
5,79
5,79
5,79
5,79
6,79
6,79
6,79
6,79
6,79
6,79
6,79
7,79
7,79
7,79
7,79
7,79
7,79
7,80
7,80
7,80
7,80
7,80
7,80
8,79
8,79
8,79
8,79
8,79
8,79
8,79
8,79
8,79
8,79
8,79
8,79
8,79
9,79
9,79
9,79
9,79
9,79
9,79
10,80
10,80
10,80
10,80
10,80
10,80
10,79
10,79
10,79
10,79
10,79
10,79
10,79
11,79
11,79
11,79
11,79
11,79
11,79
12,79
12,79
12,79
12,79
12,79
12,79
12,79
12,79
12,79
12,79
12,79
12,79
13,79
13,79
13,79
13,79
13,79
13,79
13,79
13,79
13,79
13,79
13,79
13,79
13,79
14,79
14,79
14,79
14,79
14,79
14,79
15,79
15,79
15,79
15,79
15,79
15,79
15,79
15,79
15,79
15,79
15,79
15,79
15,79
16,79
16,79
16,79
16,79
16,79
16,79
17,79
17,79
17,79
17,79
17,79
17,79
17,79
17,80
17,80
17,80
17,80
17,80
17,80
18,80
18,80
18,80
18,80
18,80
18,80
19,79
19,79
19,79
19,79
19,79
19,79
19,80
19,80
19,80
19,80
19,80
19,80
19,80
20,80
20,80
20,80
20,80
20,80
20,80
20,79
20,79
20,79
20,79
20,79
20,79
21,79
21,79
21,79
21,79
21,79
21,79
21,79
22,80
22,80
22,80
22,80
22,80
22,80
22,79
22,79
22,79
22,79
22,79
22,79
23,79
23,79
23,79
23,79
23,79
23,79
24,79
24,79
24,79
24,79
24,79
24,79
24,79
24,79
24,79
24,79
24,79
24,79
24,79
25,79
25,79
25,79
25,79
25,79
25,79
25,79
25,79
25,79
25,79
25,79
25,79
25,79
26,79
26,79
26,79
26,79
26,79
26,79
27,80
27,80
27,80
27,80
27,80
27,80
27,79
27,79
27,79
27,79
27,79
27,79
27,79
28,80
28,80
28,80
28,80
28,80
28,80
29,79
29,79
29,79
29,79
29,79
29,79
29,79
29,79
29,79
29,79
29,79
29,79
30,79
30,79
30,79
30,79
30,79
30,79
30,79
31,79
31,79
31,79
31,79
31,79
31,79
31,80
31,80
31,80
31,80
31,80
31,80
32,79
32,79
32,79
32,79
32,79
32,79
32,79
32,79
32,79
32,79
32,79
32,79
32,79
33,79
33,79
33,79
33,79
33,79
33,79
34,79
34,79
34,79
34,79
34,79
34,79
34,79
34,79
34,79
34,79
34,79
34,79
34,79
35,80
35,80
35,80
35,80
35,80
35,80
36,79
36,79
36,79
36,79
36,79
36,79
36,79
36,79
36,79
36,79
36,79
36,79
36,79
37,79
37,79
37,79
37,79
37,79
37,79
37,79
37,79
37,79
37,79
37,79
37,79
38,80
38,80
38,80
38,80
38,80
38,80
38,80
39,79
39,79
39,79
39,79
39,79
39,79
39,79
39,79
39,79
39,79
39,79
39,79
40,80
40,80
40,80
40,80
40,80
40,80
41,79
41,79
41,79
41,79
41,79
41,79
41,79
41,79
41,79
41,79
41,79
41,79
41,79
42,79
42,79
42,79
42,79
42,79
42,79
42,79
42,79
42,79
42,79
42,79
42,79
42,79
43,80
43,80
43,80
43,80
43,80
43,80
44,79
44,79
44,79
44,79
44,79
44,79
44,80
44,80
44,80
44,80
44,80
44,80
44,80
45,79
45,79
45,79
45,79
45,79
45,79
46,79
46,79
46,79
46,79
46,79
46,79
46,80
46,80
46,80
46,80
46,80
46,80
47,80
47,80
47,80
47,80
47,80
47,80
47,80
48,79
48,79
48,79
48,79
48,79
48,79
48,79
48,79
48,79
48,79
48,79
48,79
49,80
49,80
49,80
49,80
49,80
49,80
49,80
49,80
49,80
49,80
49,80
49,80
49,80
50,79
50,79
50,79
50,79
50,79
50,79
51,80
51,80
51,80
51,80
51,80
51,80
51,80
51,80
51,80
51,80
51,80
51,80
51,80
52,80
52,80
52,80
52,80
52,80
52,80
53,79
53,79
53,79
53,79
53,79
53,79
53,79
53,79
53,79
53,79
53,79
53,79
53,79
54,79
54,79
54,79
54,79
54,79
54,79
54,79
54,79
54,79
54,79
54,79
54,79
55,79
55,79
55,79
55,79
55,79
55,79
55,79
56,80
56,80
56,80
56,80
56,80
56,80
56,79
56,79
56,79
56,79
56,79
56,79
57,79
57,79
57,79
57,79
57,79
57,79
58,79
58,79
58,79
58,79
58,79
58,79
58,79
58,79
58,79
58,79
58,79
58,79
58,79
59,79
59,79
59,79
59,79
59,79
59,79
60,80
60,80
60,80
60,80
60,80
60,80
60,80
60,79
60,79
60,79
60,79
60,79
60,79
61,79
61,79
61,79
61,79
61,79
61,79
61,79
61,79
61,79
61,79
61,79
61,79
61,79
62,79
62,79
62,79
62,79
62,79
62,79
63,79
63,79
63,79
63,79
63,79
63,79
63,79
63,79
63,79
63,79
63,79
63,79
64,80
64,80
64,80
64,80
64,80
64,80
64,80
65,80
65,80
65,80
65,80
65,80
65,80
65,79
65,79
65,79
65,79
65,79
65,79
66,80
66,80
66,80
66,80
66,80
66,80
66,80
66,79
66,79
66,79
66,79
66,79
66,79
67,79
67,79
67,79
67,79
67,79
67,79
68,79
68,79
68,79
68,79
68,79
68,79
68,80
68,80
68,80
68,80
68,80
68,80
68,80
69,79
69,79
69,79
69,79
69,79
69,79
70,79
70,79
70,79
70,79
70,79
70,79
70,79
70,79
70,79
70,79
70,79
70,79
70,79
71,79
71,79
71,79
71,79
71,79
71,79
72,79
72,79
72,79
72,79
72,79
72,79
72,79
72,79
72,79
72,79
72,79
72,79
72,79
73,79
73,79
73,79
73,79
73,79
73,79
73,80
73,80
73,80
73,80
73,80
73,80
74,79
74,79
74,79
74,79
74,79
74,79
75,79
75,79
75,79
75,79
75,79
75,79
75,79
75,79
75,79
75,79
75,79
75,79
75,79
76,79
76,79
76,79
76,79
76,79
76,79
77,79
77,79
77,79
77,79
77,79
77,79
77,79
77,80
77,80
77,80
77,80
77,80
77,80
78,80
78,80
78,80
78,80
78,80
78,80
78,79
78,79
78,79
78,79
78,79
78,79
78,79
79,79
79,79
79,79
79,79
79,79
79,79
80,79
80,79
80,79
80,79
80,79
80,79
80,79
80,79
80,79
80,79
80,79
80,79
81,80
81,80
81,80
81,80
81,80
81,80
81,80
82,80
82,80
82,80
82,80
82,80
82,80
82,79
82,79
82,79
82,79
82,79
82,79
83,79
83,79
83,79
83,79
83,79
83,79
83,79
84,79
84,79
84,79
84,79
84,79
84,79
84,80
84,80
84,80
84,80
84,80
84,80
85,79
85,79
85,79
85,79
85,79
85,79
85,79
85,79
85,79
85,79
85,79
85,79
85,79
86,79
86,79
86,79
86,79
86,79
86,79
87,79
87,79
87,79
87,79
87,79
87,79
87,79
87,79
87,79
87,79
87,79
87,79
87,79
88,79
88,79
88,79
88,79
88,79
88,79
89,79
89,79
89,79
89,79
89,79
89,79
89,79
89,79
89,79
89,79
89,79
89,79
89,79
90,79
90,79
90,79
90,79
90,79
90,79
90,79
90,79
90,79
90,79
90,79
90,79
91,79
91,79
91,79
91,79
91,79
91,79
92,79
92,79
92,79
92,79
92,79
92,79
92,79
92,79
92,79
92,79
92,79
92,79
92,79
93,79
93,79
93,79
93,79
93,79
93,79
94,79
94,79
94,79
94,79
94,79
94,79
94,79
94,79
94,79
94,79
94,79
94,79
94,79
95,79
95,79
95,79
95,79
95,79
95,79
96,79
96,79
96,79
96,79
96,79
96,79
96,79
96,79
96,79
96,79
96,79
96,79
96,79
97,79
97,79
97,79
97,79
97,79
97,79
97,79
97,79
97,79
97,79
97,79
97,79
98,79
98,79
98,79
98,79
98,79
98,79
98,79
99,79
99,79
99,79
99,79
99,79
99,79
99,79
99,79
99,79
99,79
99,79
99,79
100,79
100,79
100,79
100,79
100,79
100,79
100,79
101,79
101,79
101,79
101,79
101,79
101,79
101,79
101,79
101,79
101,79
101,79
101,79
102,80
102,80
102,80
102,80
102,80
102,80
102,80
102,79
102,79
102,79
102,79
102,79
102,79
103,79
103,79
103,79
103,79
103,79
103,79
104,80
104,80
104,80
104,80
104,80
104,80
104,79
104,79
104,79
104,79
104,79
104,79
104,79
105,79
105,79
105,79
105,79
105,79
105,79
106,79
106,79
106,79
106,79
106,79
106,79
106,80
106,80
106,80
106,80
106,80
106,80
106,80
107,79
107,79
107,79
107,79
107,79
107,79
107,79
107,79
107,79
107,79
107,79
107,79
108,79
108,79
108,79
108,79
108,79
108,79
109,79
109,79
109,79
109,79
109,79
109,79
109,79
109,80
109,80
109,80
109,80
109,80
109,80
110,79
110,79
110,79
110,79
110,79
110,79
111,80
111,80
111,80
111,80
111,80
111,80
111,80
111,79
111,79
111,79
111,79
111,79
111,79
112,79
112,79
112,79
112,79
112,79
112,79
113,79
113,79
113,79
113,79
113,79
113,79
113,79
113,79
113,79
113,79
113,79
113,79
113,79
114,79
114,79
114,79
114,79
114,79
114,79
114,80
114,80
114,80
114,80
114,80
114,80
115,79
115,79
115,79
115,79
115,79
115,79
115,79
116,79
116,79
116,79
116,79
116,79
116,79
116,80
116,80
116,80
116,80
116,80
116,80
117,79
117,79
117,79
117,79
117,79
117,79
117,79
118,80
118,80
118,80
118,80
118,80
118,80
118,79
118,79
118,79
118,79
118,79
118,79
119,79
119,79
119,79
119,79
119,79
119,79
119,79
119,79
119,79
119,79
119,79
119,79
119,79
120,80
120,80
120,80
120,80
120,80
120,80
121,79
121,79
121,79
121,79
121,79
121,79
121,79
121,79
121,79
121,79
121,79
121,79
121,79
122,80
122,80
122,80
122,80
122,80
122,80
123,79
123,79
123,79
123,79
123,79
123,79
123,79
123,79
123,79
123,79
123,79
123,79
123,79
124,79
124,79
124,79
124,79
124,79
124,79
125,79
125,79
125,79
125,79
125,79
125,79
125,79
125,79
125,79
125,79
125,79
125,79
126,79
126,79
126,79
126,79
126,79
126,79
126,79
126,79
126,79
126,79
126,79
126,79
126,79
127,79
127,79
127,79
127,79
127,79
127,79
128,79
128,79
128,79
128,79
128,79
128,79
128,79
128,79
128,79
128,79
128,79
128,79
128,79
129,79
129,79
129,79
129,79
129,79
129,79
130,79
130,79
130,79
130,79
130,79
130,79
130,79
130,79
130,79
130,79
130,79
130,79
130,79
131,79
131,79
131,79
131,79
131,79
131,79
131,79
131,79
131,79
131,79
131,79
131,79
132,79
132,79
132,79
132,79
132,79
132,79
132,79
133,80
133,80
133,80
133,80
133,80
133,80
133,79
133,79
133,79
133,79
133,79
133,79
134,79
134,79
134,79
134,79
134,79
134,79
134,79
135,79
135,79
135,79
135,79
135,79
135,79
135,79
135,79
135,79
135,79
135,79
135,79
136,79
136,79
136,79
136,79
136,79
136,79
137,79
137,79
137,79
137,79
137,79
137,79
137,79
137,80
137,80
137,80
137,80
137,80
137,80
138,80
138,80
138,80
138,80
138,80
138,80
138,79
138,79
138,79
138,79
138,79
138,79
138,79
139,80
139,80
139,80
139,80
139,80
139,80
140,80
140,80
140,80
140,80
140,80
140,80
140,79
140,79
140,79
140,79
140,79
140,79
140,79
141,79
141,79
141,79
141,79
141,79
141,79
142,80
142,80
142,80
142,80
142,80
142,80
142,79
142,79
142,79
142,79
142,79
142,79
143,80
143,80
143,80
143,80
143,80
143,80
143,80
143,79
143,79
143,79
143,79
143,79
143,79
144,80
144,80
144,80
144,80
144,80
144,80
145,79
145,79
145,79
145,79
145,79
145,79
145,79
145,79
145,79
145,79
145,79
145,79
145,79
146,79
146,79
146,79
146,79
146,79
146,79
147,80
147,80
147,80
147,80
147,80
147,80
147,80
147,80
147,80
147,80
147,80
147,80
147,80
148,80
148,80
148,80
148,80
148,80
148,80
149,79
149,79
149,79
149,79
149,79
149,79
149,80
149,80
149,80
149,80
149,80
149,80
149,80
150,79
150,79
150,79
150,79
150,79
150,79
150,79
150,79
150,79
150,79
150,79
150,79
151,79
151,79
151,79
151,79
151,79
151,79
151,79
152,80
152,80
152,80
152,80
152,80
152,80
152,79
152,79
152,79
152,79
152,79
152,79
153,79
153,79
153,79
153,79
153,79
153,79
154,79
154,79
154,79
154,79
154,79
154,79
154,79
154,79
154,79
154,79
154,79
154,79
154,79
155,79
155,79
155,79
155,79
155,79
155,79
155,79
155,79
155,79
155,79
155,79
155,79
155,79
156,79
156,79
156,79
156,79
156,79
156,79
157,80
157,80
157,80
157,80
157,80
157,80
157,79
157,79
157,79
157,79
157,79
157,79
158,79
158,79
158,79
158,79
158,79
158,79
158,79
159,79
159,79
159,79
159,79
159,79
159,79
159,80
159,80
159,80
159,80
159,80
159,80
160,79
160,79
160,79
160,79
160,79
160,79
160,79
160,79
160,79
160,79
160,79
160,79
160,79
161,79
161,79
161,79
161,79
161,79
161,79
162,79
162,79
162,79
162,79
162,79
162,79
162,79
162,79
162,79
162,79
162,79
162,79
162,79
163,79
163,79
163,79
163,79
163,79
163,79
164,79
164,79
164,79
164,79
164,79
164,79
164,79
164,80
164,80
164,80
164,80
164,80
164,80
165,79
165,79
165,79
165,79
165,79
165,79
166,79
166,79
166,79
166,79
166,79
166,79
166,79
166,79
166,79
166,79
166,79
166,79
166,79
167,80
167,80
167,80
167,80
167,80
167,80
167,79
167,79
167,79
167,79
167,79
167,79
168,79
168,79
168,79
168,79
168,79
168,79
168,79
169,80
169,80
169,80
169,80
169,80
169,80
169,80
169,80
169,80
169,80
169,80
169,80
170,79
170,79
170,79
170,79
170,79
170,79
171,79
171,79
171,79
171,79
171,79
171,79
171,79
171,80
171,80
171,80
171,80
171,80
171,80
172,79
172,79
172,79
172,79
172,79
172,79
172,79
172,79
172,79
172,79
172,79
172,79
172,79
173,79
173,79
173,79
173,79
173,79
173,79
174,80
174,80
174,80
174,80
174,80
174,80
174,79
174,79
174,79
174,79
174,79
174,79
174,79
175,79
175,79
175,79
175,79
175,79
175,79
176,79
176,79
176,79
176,79
176,79
176,79
176,79
176,79
176,79
176,79
176,79
176,79
177,80
177,80
177,80
177,80
177,80
177,80
177,80
178,79
178,79
178,79
178,79
178,79
178,79
178,79
178,79
178,79
178,79
178,79
178,79
179,79
179,79
179,79
179,79
179,79
179,79
179,79
179,79
179,79
179,79
179,79
179,79
179,79
180,79
180,79
180,79
180,79
180,79
180,79
181,80
181,80
181,80
181,80
181,80
181,80
181,79
181,79
181,79
181,79
181,79
181,79
181,79
182,79
182,79
182,79
182,79
182,79
182,79
183,79
183,79
183,79
183,79
183,79
183,79
183,79
183,79
183,79
183,79
183,79
183,79
183,79
184,79
184,79
184,79
184,79
184,79
184,79
184,79
184,79
184,79
184,79
184,79
184,79
185,79
185,79
185,79
185,79
185,79
185,79
185,79
186,79
186,79
186,79
186,79
186,79
186,79
186,80
186,80
186,80
186,80
186,80
186,80
187,79
187,79
187,79
187,79
187,79
187,79
188,79
188,79
188,79
188,79
188,79
188,79
188,79
188,79
188,79
188,79
188,79
188,79
188,79
189,79
189,79
189,79
189,79
189,79
189,79
190,79
190,79
190,79
190,79
190,79
190,79
190,79
190,79
190,79
190,79
190,79
190,79
190,79
191,79
191,79
191,79
191,79
191,79
191,79
191,79
191,79
191,79
191,79
191,79
191,79
192,79
192,79
192,79
192,79
192,79
192,79
192,79
193,79
193,79
193,79
193,79
193,79
193,79
193,79
193,79
193,79
193,79
193,79
193,79
194,79
194,79
194,79
194,79
194,79
194,79
194,79
195,80
195,80
195,80
195,80
195,80
195,80
195,79
195,79
195,79
195,79
195,79
195,79
196,79
196,79
196,79
196,79
196,79
196,79
196,79
196,79
196,79
196,79
196,79
196,79
196,79
197,79
197,79
197,79
197,79
197,79
197,79
198,79
198,79
198,79
198,79
198,79
198,79
198,80
198,80
198,80
198,80
198,80
198,80
198,80
199,79
199,79
199,79
199,79
199,79
199,79
200,79
200,79
200,79
200,79
200,79
200,79
200,79
200,79
200,79
200,79
200,79
200,79
200,79
201,79
201,79
201,79
201,79
201,79
201,79
202,79
202,79
202,79
202,79
202,79
202,79
202,79
202,79
202,79
202,79
202,79
202,79
202,79
203,79
203,79
203,79
203,79
203,79
203,79
203,79
203,79
203,79
203,79
203,79
203,79
204,80
204,80
204,80
204,80
204,80
204,80
205,79
205,79
205,79
205,79
205,79
205,79
205,79
205,79
205,79
205,79
205,79
205,79
205,79
206,80
206,80
206,80
206,80
206,80
206,80
207,79
207,79
207,79
207,79
207,79
207,79
207,79
207,79
207,79
207,79
207,79
207,79
207,79
208,79
208,79
208,79
208,79
208,79
208,79
208,79
208,79
208,79
208,79
208,79
208,79
209,79
209,79
209,79
209,79
209,79
209,79
209,79
210,79
210,79
210,79
210,79
210,79
210,79
210,79
210,79
210,79
210,79
210,79
210,79
211,79
211,79
211,79
211,79
211,79
211,79
211,79
212,79
212,79
212,79
212,79
212,79
212,79
212,79
212,79
212,79
212,79
212,79
212,79
213,79
213,79
213,79
213,79
213,79
213,79
213,79
214,79
214,79
214,79
214,79
214,79
214,79
214,79
214,79
214,79
214,79
214,79
214,79
215,79
215,79
215,79
215,79
215,79
215,79
215,79
215,79
215,79
215,79
215,79
215,79
215,79
216,79
216,79
216,79
216,79
216,79
216,79
217,79
217,79
217,79
217,79
217,79
217,79
217,79
217,79
217,79
217,79
217,79
217,79
217,79
218,80
218,80
218,80
218,80
218,80
218,80
219,79
219,79
219,79
219,79
219,79
219,79
219,79
219,79
219,79
219,79
219,79
219,79
220,79
220,79
220,79
220,79
220,79
220,79
220,79
220,79
220,79
220,79
220,79
220,79
220,79
221,79
221,79
221,79
221,79
221,79
221,79
222,79
222,79
222,79
222,79
222,79
222,79
222,79
222,79
222,79
222,79
222,79
222,79
222,79
223,79
223,79
223,79
223,79
223,79
223,79
224,79
224,79
224,79
224,79
224,79
224,79
224,79
224,80
224,80
224,80
224,80
224,80
224,80
225,79
225,79
225,79
225,79
225,79
225,79
225,79
225,79
225,79
225,79
225,79
225,79
226,79
226,79
226,79
226,79
226,79
226,79
226,79
227,79
227,79
227,79
227,79
227,79
227,79
227,79
227,79
227,79
227,79
227,79
227,79
228,79
228,79
228,79
228,79
228,79
228,79
228,79
229,79
229,79
229,79
229,79
229,79
229,79
229,79
229,79
229,79
229,79
229,79
229,79
230,79
230,79
230,79
230,79
230,79
230,79
230,79
231,79
231,79
231,79
231,79
231,79
231,79
231,79
231,79
231,79
231,79
231,79
231,79
232,79
232,79
232,79
232,79
232,79
232,79
232,80
232,80
232,80
232,80
232,80
232,80
232,80
233,79
233,79
233,79
233,79
233,79
233,79
234,79
234,79
234,79
234,79
234,79
234,79
234,79
234,79
234,79
234,79
234,79
234,79
234,79
235,79
235,79
235,79
235,79
235,79
235,79
236,79
236,79
236,79
236,79
236,79
236,79
236,79
236,79
236,79
236,79
236,79
236,79
236,79
237,79
237,79
237,79
237,79
237,79
237,79
237,79
237,79
237,79
237,79
237,79
237,79
238,79
238,79
238,79
238,79
238,79
238,79
239,79
239,79
239,79
239,79
239,79
239,79
239,79
239,79
239,79
239,79
239,79
239,79
239,79
240,79
240,79
240,79
240,79
240,79
240,79
241,79
241,79
241,79
241,79
241,79
241,79
241,79
241,79
241,79
241,79
241,79
241,79
241,79
242,79
242,79
242,79
242,79
242,79
242,79
243,79
243,79
243,79
243,79
243,79
243,79
243,79
243,79
243,79
243,79
243,79
243,79
243,79
244,79
244,79
244,79
244,79
244,79
244,79
244,79
244,79
244,79
244,79
244,79
244,79
245,80
245,80
245,80
245,80
245,80
245,80
245,80
246,79
246,79
246,79
246,79
246,79
246,79
246,79
246,79
246,79
246,79
246,79
246,79
247,79
247,79
247,79
247,79
247,79
247,79
247,79
248,79
248,79
248,79
248,79
248,79
248,79
248,79
248,79
248,79
248,79
248,79
248,79
249,80
249,80
249,80
249,80
249,80
249,80
249,79
249,79
249,79
249,79
249,79
249,79
249,79
250,79
250,79
250,79
250,79
250,79
250,79
251,79
251,79
251,79
251,79
251,79
251,79
251,80
251,80
251,80
251,80
251,80
251,80
251,80
252,79
252,79
252,79
252,79
252,79
252,79
253,79
253,79
253,79
253,79
253,79
253,79
253,79
253,79
253,79
253,79
253,79
253,79
254,79
254,79
254,79
254,79
254,79
254,79
254,79
255,79
255,79
255,79
255,79
255,79
255,79
255,79
255,79
255,79
255,79
255,79
255,79
256,79
256,79
256,79
256,79
256,79
256,79
256,79
256,79
256,79
256,79
256,79
256,79
256,79
257,79
257,79
257,79
257,79
257,79
257,79
258,79
258,79
258,79
258,79
258,79
258,79
258,79
258,79
258,79
258,79
258,79
258,79
258,79
259,79
259,79
259,79
259,79
259,79
259,79
260,79
260,79
260,79
260,79
260,79
260,79
260,80
260,80
260,80
260,80
260,80
260,80
260,80
261,79
261,79
261,79
261,79
261,79
261,79
261,79
261,79
261,79
261,79
261,79
261,79
262,79
262,79
262,79
262,79
262,79
262,79
262,79
263,79
263,79
263,79
263,79
263,79
263,79
263,79
263,79
263,79
263,79
263,79
263,79
264,79
264,79
264,79
264,79
264,79
264,79
264,79
265,79
265,79
265,79
265,79
265,79
265,79
265,79
265,79
265,79
265,79
265,79
265,79
266,79
266,79
266,79
266,79
266,79
266,79
267,79
267,79
267,79
267,79
267,79
267,79
267,79
267,79
267,79
267,79
267,79
267,79
267,79
268,80
268,80
268,80
268,80
268,80
268,80
268,79
268,79
268,79
268,79
268,79
268,79
268,79
269,79
269,79
269,79
269,79
269,79
269,79
270,79
270,79
270,79
270,79
270,79
270,79
270,79
270,79
270,79
270,79
270,79
270,79
271,79
271,79
271,79
271,79
271,79
271,79
271,79
272,79
272,79
272,79
272,79
272,79
272,79
272,79
272,79
272,79
272,79
272,79
272,79
273,79
273,79
273,79
273,79
273,79
273,79
273,79
273,79
273,79
273,79
273,79
273,79
273,79
274,79
274,79
274,79
274,79
274,79
274,79
275,79
275,79
275,79
275,79
275,79
275,79
275,79
275,79
275,79
275,79
275,79
275,79
275,79
276,79
276,79
276,79
276,79
276,79
276,79
277,79
277,79
277,79
277,79
277,79
277,79
277,79
277,79
277,79
277,79
277,79
277,79
277,79
278,79
278,79
278,79
278,79
278,79
278,79
278,79
278,79
278,79
278,79
278,79
278,79
279,79
279,79
279,79
279,79
279,79
279,79
279,79
280,79
280,79
280,79
280,79
280,79
280,79
280,80
280,80
280,80
280,80
280,80
280,80
281,79
281,79
281,79
281,79
281,79
281,79
281,79
282,79
282,79
282,79
282,79
282,79
282,79
282,79
282,79
282,79
282,79
282,79
282,79
283,79
283,79
283,79
283,79
283,79
283,79
284,79
284,79
284,79
284,79
284,79
284,79
284,79
284,79
284,79
284,79
284,79
284,79
284,79
285,79
285,79
285,79
285,79
285,79
285,79
285,79
285,79
285,79
285,79
285,79
285,79
285,79
286,79
286,79
286,79
286,79
286,79
286,79
287,79
287,79
287,79
287,79
287,79
287,79
287,79
287,79
287,79
287,79
287,79
287,79
288,79
288,79
288,79
288,79
288,79
288,79
288,79
289,79
289,79
289,79
289,79
289,79
289,79
289,79
289,79
289,79
289,79
289,79
289,79
290,79
290,79
290,79
290,79
290,79
290,79
290,79
290,79
290,79
290,79
290,79
290,79
290,79
291,79
291,79
291,79
291,79
291,79
291,79
292,79
292,79
292,79
292,79
292,79
292,79
292,79
292,79
292,79
292,79
292,79
292,79
292,79
293,79
293,79
293,79
293,79
293,79
293,79
294,80
294,80
294,80
294,80
294,80
294,80
294,79
294,79
294,79
294,79
294,79
294,79
294,79
295,79
295,79
295,79
295,79
295,79
295,79
296,79
296,79
296,79
296,79
296,79
296,79
296,79
296,79
296,79
296,79
296,79
296,79
296,79
297,79
297,79
297,79
297,79
297,79
297,79
297,79
297,79
297,79
297,79
297,79
297,79
298,79
298,79
298,79
298,79
298,79
298,79
299,79
299,79
299,79
299,79
299,79
299,79
299,79
299,79
299,79
299,79
299,79
299,79
299,79
300,79
300,79
300,79
300,79
300,79
300,79
301,79
301,79
301,79
301,79
301,79
301,79
301,79
301,79
301,79
301,79
301,79
301,79
301,79
302,79
302,79
302,79
302,79
302,79
302,79
302,79
302,79
302,79
302,79
302,79
302,79
302,79
303,78
303,78
303,78
303,78
303,78
303,78
304,79
304,79
304,79
304,79
304,79
304,79
304,79
304,79
304,79
304,79
304,79
304,79
305,79
305,79
305,79
305,79
305,79
305,79
305,79
306,79
306,79
306,79
306,79
306,79
306,79
306,79
306,79
306,79
306,79
306,79
306,79
307,79
307,79
307,79
307,79
307,79
307,79
307,79
308,79
308,79
308,79
308,79
308,79
308,79
308,79
308,79
308,79
308,79
308,79
308,79
309,79
309,79
309,79
309,79
309,79
309,79
309,79
309,79
309,79
309,79
309,79
309,79
309,79
310,79
310,79
310,79
310,79
310,79
310,79
311,79
311,79
311,79
311,79
311,79
311,79
311,79
311,79
311,79
311,79
311,79
311,79
311,79
312,79
312,79
312,79
312,79
312,79
312,79
313,79
313,79
313,79
313,79
313,79
313,79
313,79
313,79
313,79
313,79
313,79
313,79
313,79
314,79
314,79
314,79
314,79
314,79
314,79
314,79
314,79
314,79
314,79
314,79
314,79
315,79
315,79
315,79
315,79
315,79
315,79
316,79
316,79
316,79
316,79
316,79
316,79
316,79
316,79
316,79
316,79
316,79
316,79
316,79
317,79
317,79
317,79
317,79
317,79
317,79
318,80
318,80
318,80
318,80
318,80
318,80
318,80
318,79
318,79
318,79
318,79
318,79
318,79
319,79
319,79
319,79
319,79
319,79
319,79
320,79
320,79
320,79
320,79
320,79
320,79
320,79
320,79
320,79
320,79
320,79
320,79
320,79
321,79
321,79
321,79
321,79
321,79
321,79
321,80
321,80
321,80
321,80
321,80
321,80
322,79
322,79
322,79
322,79
322,79
322,79
322,79
323,79
323,79
323,79
323,79
323,79
323,79
323,79
323,79
323,79
323,79
323,79
323,79
324,79
324,79
324,79
324,79
324,79
324,79
324,79
325,79
325,79
325,79
325,79
325,79
325,79
325,79
325,79
325,79
325,79
325,79
325,79
326,79
326,79
326,79
326,79
326,79
326,79
326,79
326,79
326,79
326,79
326,79
326,79
326,79
327,79
327,79
327,79
327,79
327,79
327,79
328,79
328,79
328,79
328,79
328,79
328,79
328,79
328,79
328,79
328,79
328,79
328,79
328,79
329,79
329,79
329,79
329,79
329,79
329,79
330,79
330,79
330,79
330,79
330,79
330,79
330,79
330,79
330,79
330,79
330,79
330,79
330,79
331,79
331,79
331,79
331,79
331,79
331,79
332,79
332,79
332,79
332,79
332,79
332,79
332,79
332,79
332,79
332,79
332,79
332,79
333,79
333,79
333,79
333,79
333,79
333,79
333,79
333,79
333,79
333,79
333,79
333,79
333,79
334,79
334,79
334,79
334,79
334,79
334,79
335,79
335,79
335,79
335,79
335,79
335,79
335,79
335,79
335,79
335,79
335,79
335,79
335,79
336,79
336,79
336,79
336,79
336,79
336,79
337,79
337,79
337,79
337,79
337,79
337,79
337,79
337,79
337,79
337,79
337,79
337,79
337,79
338,79
338,79
338,79
338,79
338,79
338,79
338,79
338,79
338,79
338,79
338,79
338,79
339,79
339,79
339,79
339,79
339,79
339,79
339,79
340,79
340,79
340,79
340,79
340,79
340,79
340,79
340,79
340,79
340,79
340,79
340,79
341,79
341,79
341,79
341,79
341,79
341,79
341,79
342,79
342,79
342,79
342,79
342,79
342,79
342,79
342,79
342,79
342,79
342,79
342,79
343,79
343,79
343,79
343,79
343,79
343,79
343,79
343,79
343,79
343,79
343,79
343,79
343,79
344,79
344,79
344,79
344,79
344,79
344,79
345,79
345,79
345,79
345,79
345,79
345,79
345,79
345,79
345,79
345,79
345,79
345,79
345,79
346,78
346,78
346,78
346,78
346,78
346,78
347,79
347,79
347,79
347,79
347,79
347,79
347,79
347,79
347,79
347,79
347,79
347,79
347,79
348,79
348,79
348,79
348,79
348,79
348,79
349,79
349,79
349,79
349,79
349,79
349,79
349,79
349,79
349,79
349,79
349,79
349,79
350,79
350,79
350,79
350,79
350,79
350,79
350,79
350,79
350,79
350,79
350,79
350,79
350,79
351,78
351,78
351,78
351,78
351,78
351,78
352,78
352,78
352,78
352,78
352,78
352,78
352,78
352,79
352,79
352,79
352,79
352,79
352,79
353,79
353,79
353,79
353,79
353,79
353,79
354,79
354,79
354,79
354,79
354,79
354,79
354,79
354,78
354,78
354,78
354,78
354,78
354,78
355,79
355,79
355,79
355,79
355,79
355,79
355,79
355,79
355,79
355,79
355,79
355,79
356,79
356,79
356,79
356,79
356,79
356,79
356,79
357,78
357,78
357,78
357,78
357,78
357,78
357,79
357,79
357,79
357,79
357,79
357,79
358,79
358,79
358,79
358,79
358,79
358,79
358,79
359,79
359,79
359,79
359,79
359,79
359,79
359,79
359,79
359,79
359,79
359,79
359,79
360,79
360,79
360,79
360,79
360,79
360,79
361,79
361,79
361,79
361,79
361,79
361,79
361,79
361,79
361,79
361,79
361,79
361,79
361,79
362,79
362,79
362,79
362,79
362,79
362,79
362,79
362,79
362,79
362,79
362,79
362,79
362,79
363,79
363,79
363,79
363,79
363,79
363,79
364,79
364,79
364,79
364,79
364,79
364,79
364,79
364,79
364,79
364,79
364,79
364,79
364,79
365,78
365,78
365,78
365,78
365,78
365,78
366,79
366,79
366,79
366,79
366,79
366,79
366,79
366,79
366,79
366,79
366,79
366,79
367,79
367,79
367,79
367,79
367,79
367,79
367,79
367,79
367,79
367,79
367,79
367,79
367,79
368,79
368,79
368,79
368,79
368,79
368,79
369,79
369,79
369,79
369,79
369,79
369,79
369,79
369,79
369,79
369,79
369,79
369,79
369,79
370,79
370,79
370,79
370,79
370,79
370,79
371,79
371,79
371,79
371,79
371,79
371,79
371,79
371,79
371,79
371,79
371,79
371,79
371,79
372,79
372,79
372,79
372,79
372,79
372,79
373,79
373,79
373,79
373,79
373,79
373,79
373,79
373,79
373,79
373,79
373,79
373,79
373,79
374,78
374,78
374,78
374,78
374,78
374,78
374,79
374,79
374,79
374,79
374,79
374,79
375,79
375,79
375,79
375,79
375,79
375,79
375,79
376,79
376,79
376,79
376,79
376,79
376,79
376,78
376,78
376,78
376,78
376,78
376,78
377,79
377,79
377,79
377,79
377,79
377,79
378,79
378,79
378,79
378,79
378,79
378,79
378,79
378,79
378,79
378,79
378,79
378,79
378,79
379,79
379,79
379,79
379,79
379,79
379,79
379,79
379,79
379,79
379,79
379,79
379,79
379,79
380,78
380,78
380,78
380,78
380,78
380,78
381,79
381,79
381,79
381,79
381,79
381,79
381,79
381,79
381,79
381,79
381,79
381,79
381,79
382,79
382,79
382,79
382,79
382,79
382,79
383,79
383,79
383,79
383,79
383,79
383,79
383,79
383,79
383,79
383,79
383,79
383,79
384,79
384,79
384,79
384,79
384,79
384,79
384,79
385,79
385,79
385,79
385,79
385,79
385,79
385,79
385,79
385,79
385,79
385,79
385,79
386,79
386,79
386,79
386,79
386,79
386,79
386,79
386,79
386,79
386,79
386,79
386,79
386,79
387,79
387,79
387,79
387,79
387,79
387,79
388,79
388,79
388,79
388,79
388,79
388,79
388,79
388,79
388,79
388,79
388,79
388,79
388,79
389,79
389,79
389,79
389,79
389,79
389,79
390,79
390,79
390,79
390,79
390,79
390,79
390,79
390,79
390,79
390,79
390,79
390,79
390,79
391,79
391,79
391,79
391,79
391,79
391,79
391,79
391,79
391,79
391,79
391,79
391,79
392,79
392,79
392,79
392,79
392,79
392,79
392,79
393,79
393,79
393,79
393,79
393,79
393,79
393,79
393,79
393,79
393,79
393,79
393,79
394,79
394,79
394,79
394,79
394,79
394,79
395,79
395,79
395,79
395,79
395,79
395,79
395,79
395,79
395,79
395,79
395,79
395,79
395,79
396,79
396,79
396,79
396,79
396,79
396,79
396,79
396,79
396,79
396,79
396,79
396,79
396,79
397,79
397,79
397,79
397,79
397,79
397,79
398,79
398,79
398,79
398,79
398,79
398,79
398,79
398,79
398,79
398,79
398,79
398,79
398,79
399,79
399,79
399,79
399,79
399,79
399,79
400,79
400,79
400,79
400,79
400,79
400,79
400,79
400,79
400,79
400,79
400,79
400,79
401,79
401,79
401,79
401,79
401,79
401,79
401,79
402,79
402,79
402,79
402,79
402,79
402,79
402,79
402,79
402,79
402,79
402,79
402,79
403,79
403,79
403,79
403,79
403,79
403,79
403,79
403,79
403,79
403,79
403,79
403,79
403,79
404,79
404,79
404,79
404,79
404,79
404,79
405,79
405,79
405,79
405,79
405,79
405,79
405,79
405,79
405,79
405,79
405,79
405,79
405,79
406,79
406,79
406,79
406,79
406,79
406,79
407,79
407,79
407,79
407,79
407,79
407,79
407,79
407,79
407,79
407,79
407,79
407,79
407,79
408,79
408,79
408,79
408,79
408,79
408,79
408,79
408,79
408,79
408,79
408,79
408,79
409,79
409,79
409,79
409,79
409,79
409,79
409,79
410,78
410,78
410,78
410,78
410,78
410,78
410,79
410,79
410,79
410,79
410,79
410,79
411,79
411,79
411,79
411,79
411,79
411,79
412,79
412,79
412,79
412,79
412,79
412,79
412,79
412,79
412,79
412,79
412,79
412,79
412,79
413,79
413,79
413,79
413,79
413,79
413,79
414,79
414,79
414,79
414,79
414,79
414,79
414,79
414,78
414,78
414,78
414,78
414,78
414,78
415,79
415,79
415,79
415,79
415,79
415,79
415,79
415,79
415,79
415,79
415,79
415,79
415,79
416,79
416,79
416,79
416,79
416,79
416,79
417,79
417,79
417,79
417,79
417,79
417,79
417,79
417,79
417,79
417,79
417,79
417,79
418,79
418,79
418,79
418,79
418,79
418,79
418,79
419,79
419,79
419,79
419,79
419,79
419,79
419,79
419,79
419,79
419,79
419,79
419,79
420,79
420,79
420,79
420,79
420,79
420,79
420,79
420,79
420,79
420,79
420,79
420,79
420,79
421,79
421,79
421,79
421,79
421,79
421,79
422,79
422,79
422,79
422,79
422,79
422,79
422,79
422,79
422,79
422,79
422,79
422,79
422,79
423,79
423,79
423,79
423,79
423,79
423,79
424,79
424,79
424,79
424,79
424,79
424,79
424,79
424,79
424,79
424,79
424,79
424,79
424,79
425,79
425,79
425,79
425,79
425,79
425,79
426,78
426,78
426,78
426,78
426,78
426,78
426,79
426,79
426,79
426,79
426,79
426,79
426,79
427,79
427,79
427,79
427,79
427,79
427,79
427,79
427,79
427,79
427,79
427,79
427,79
428,79
428,79
428,79
428,79
428,79
428,79
429,78
429,78
429,78
429,78
429,78
429,78
429,78
429,79
429,79
429,79
429,79
429,79
429,79
430,79
430,79
430,79
430,79
430,79
430,79
431,79
431,79
431,79
431,79
431,79
431,79
431,79
431,79
431,79
431,79
431,79
431,79
431,79
432,79
432,79
432,79
432,79
432,79
432,79
432,79
432,79
432,79
432,79
432,79
432,79
433,79
433,79
433,79
433,79
433,79
433,79
433,79
434,79
434,79
434,79
434,79
434,79
434,79
434,79
434,79
434,79
434,79
434,79
434,79
435,79
435,79
435,79
435,79
435,79
435,79
435,79
436,79
436,79
436,79
436,79
436,79
436,79
436,79
436,79
436,79
436,79
436,79
436,79
437,79
437,79
437,79
437,79
437,79
437,79
437,79
438,79
438,79
438,79
438,79
438,79
438,79
438,79
438,79
438,79
438,79
438,79
438,79
439,79
439,79
439,79
439,79
439,79
439,79
439,79
439,79
439,79
439,79
439,79
439,79
439,79
440,79
440,79
440,79
440,79
440,79
440,79
441,79
441,79
441,79
441,79
441,79
441,79
441,79
441,79
441,79
441,79
441,79
441,79
441,79
442,79
442,79
442,79
442,79
442,79
442,79
443,79
443,79
443,79
443,79
443,79
443,79
443,78
443,78
443,78
443,78
443,78
443,78
443,78
444,78
444,78
444,78
444,78
444,78
444,78
444,79
444,79
444,79
444,79
444,79
444,79
445,79
445,79
445,79
445,79
445,79
445,79
446,79
446,79
446,79
446,79
446,79
446,79
446,79
446,79
446,79
446,79
446,79
446,79
446,79
447,79
447,79
447,79
447,79
447,79
447,79
448,79
448,79
448,79
448,79
448,79
448,79
448,79
448,79
448,79
448,79
448,79
448,79
448,79
449,79
449,79
449,79
449,79
449,79
449,79
450,79
450,79
450,79
450,79
450,79
450,79
450,79
450,79
450,79
450,79
450,79
450,79
450,79
451,79
451,79
451,79
451,79
451,79
451,79
451,79
451,79
451,79
451,79
451,79
451,79
452,79
452,79
452,79
452,79
452,79
452,79
452,79
453,79
453,79
453,79
453,79
453,79
453,79
453,78
453,78
453,78
453,78
453,78
453,78
454,78
454,78
454,78
454,78
454,78
454,78
454,78
455,79
455,79
455,79
455,79
455,79
455,79
455,79
455,79
455,79
455,79
455,79
455,79
456,79
456,79
456,79
456,79
456,79
456,79
456,79
456,79
456,79
456,79
456,79
456,79
456,79
457,78
457,78
457,78
457,78
457,78
457,78
458,79
458,79
458,79
458,79
458,79
458,79
458,78
458,78
458,78
458,78
458,78
458,78
458,78
459,79
459,79
459,79
459,79
459,79
459,79
460,79
460,79
460,79
460,79
460,79
460,79
460,79
460,79
460,79
460,79
460,79
460,79
460,79
461,79
461,79
461,79
461,79
461,79
461,79
461,79
461,79
461,79
461,79
461,79
461,79
462,79
462,79
462,79
462,79
462,79
462,79
463,79
463,79
463,79
463,79
463,79
463,79
463,79
463,79
463,79
463,79
463,79
463,79
463,79
464,79
464,79
464,79
464,79
464,79
464,79
465,79
465,79
465,79
465,79
465,79
465,79
465,79
465,79
465,79
465,79
465,79
465,79
465,79
466,79
466,79
466,79
466,79
466,79
466,79
467,79
467,79
467,79
467,79
467,79
467,79
467,79
467,79
467,79
467,79
467,79
467,79
467,79
468,79
468,79
468,79
468,79
468,79
468,79
468,79
468,79
468,79
468,79
468,79
468,79
469,79
469,79
469,79
469,79
469,79
469,79
469,79
470,79
470,79
470,79
470,79
470,79
470,79
470,78
470,78
470,78
470,78
470,78
470,78
471,79
471,79
471,79
471,79
471,79
471,79
471,79
472,79
472,79
472,79
472,79
472,79
472,79
472,79
472,79
472,79
472,79
472,79
472,79
473,79
473,79
473,79
473,79
473,79
473,79
473,79
473,79
473,79
473,79
473,79
473,79
473,79
474,78
474,78
474,78
474,78
474,78
474,78
475,79
475,79
475,79
475,79
475,79
475,79
475,79
475,79
475,79
475,79
475,79
475,79
475,79
476,79
476,79
476,79
476,79
476,79
476,79
477,79
477,79
477,79
477,79
477,79
477,79
477,79
477,79
477,79
477,79
477,79
477,79
477,79
478,79
478,79
478,79
478,79
478,79
478,79
479,79
479,79
479,79
479,79
479,79
479,79
479,79
479,79
479,79
479,79
479,79
479,79
480,79
480,79
480,79
480,79
480,79
480,79
480,79
480,79
480,79
480,79
480,79
480,79
480,79
481,79
481,79
481,79
481,79
481,79
481,79
482,79
482,79
482,79
482,79
482,79
482,79
482,79
482,78
482,78
482,78
482,78
482,78
482,78
483,79
483,79
483,79
483,79
483,79
483,79
484,79
484,79
484,79
484,79
484,79
484,79
484,79
484,79
484,79
484,79
484,79
484,79
484,79
485,79
485,79
485,79
485,79
485,79
485,79
485,79
485,79
485,79
485,79
485,79
485,79
486,79
486,79
486,79
486,79
486,79
486,79
486,79
487,79
487,79
487,79
487,79
487,79
487,79
487,79
487,79
487,79
487,79
487,79
487,79
488,79
488,79
488,79
488,79
488,79
488,79
488,79
489,79
489,79
489,79
489,79
489,79
489,79
489,79
489,79
489,79
489,79
489,79
489,79
490,78
490,78
490,78
490,78
490,78
490,78
490,78
491,79
491,79
491,79
491,79
491,79
491,79
491,79
491,79
491,79
491,79
491,79
491,79
492,79
492,79
492,79
492,79
492,79
492,79
492,79
492,79
492,79
492,79
492,79
492,79
492,79
493,79
493,79
493,79
493,79
493,79
493,79
494,79
494,79
494,79
494,79
494,79
494,79
494,79
494,79
494,79
494,79
494,79
494,79
494,79
495,79
495,79
495,79
495,79
495,79
495,79
496,79
496,79
496,79
496,79
496,79
496,79
496,79
496,79
496,79
496,79
496,79
496,79
497,79
497,79
497,79
497,79
497,79
497,79
497,79
497,79
497,79
497,79
497,79
497,79
497,79
498,79
498,79
498,79
498,79
498,79
498,79
499,78
499,78
499,78
499,78
499,78
499,78
499,78
499,79
499,79
499,79
499,79
499,79
499,79
500,79
500,79
500,79
500,79
500,79
500,79
501,79
501,79
501,79
501,79
501,79
501,79
501,79
501,79
501,79
501,79
501,79
501,79
501,79
502,79
502,79
502,79
502,79
502,79
502,79
503,79
503,79
503,79
503,79
503,79
503,79
503,79
503,79
503,79
503,79
503,79
503,79
503,79
504,79
504,79
504,79
504,79
504,79
504,79
504,79
504,79
504,79
504,79
504,79
504,79
505,79
505,79
505,79
505,79
505,79
505,79
505,79
506,79
506,79
506,79
506,79
506,79
506,79
506,79
506,79
506,79
506,79
506,79
506,79
507,79
507,79
507,79
507,79
507,79
507,79
508,79
508,79
508,79
508,79
508,79
508,79
508,79
508,79
508,79
508,79
508,79
508,79
508,79
509,79
509,79
509,79
509,79
509,79
509,79
509,79
509,79
509,79
509,79
509,79
509,79
509,79
510,79
510,79
510,79
510,79
510,79
510,79
511,79
511,79
511,79
511,79
511,79
511,79
511,78
511,78
511,78
511,78
511,78
511,78
511,78
512,79
512,79
512,79
512,79
512,79
512,79
513,79
513,79
513,79
513,79
513,79
513,79
513,79
513,79
513,79
513,79
513,79
513,79
514,79
514,79
514,79
514,79
514,79
514,79
514,79
514,79
514,79
514,79
514,79
514,79
514,79
515,79
515,79
515,79
515,79
515,79
515,79
516,78
516,78
516,78
516,78
516,78
516,78
516,78
516,78
516,78
516,78
516,78
516,78
516,78
517,79
517,79
517,79
517,79
517,79
517,79
518,78
518,78
518,78
518,78
518,78
518,78
518,78
518,79
518,79
518,79
518,79
518,79
518,79
519,79
519,79
519,79
519,79
519,79
519,79
520,79
520,79
520,79
520,79
520,79
520,79
520,78
520,78
520,78
520,78
520,78
520,78
520,78
521,78
521,78
521,78
521,78
521,78
521,78
521,79
521,79
521,79
521,79
521,79
521,79
522,79
522,79
522,79
522,79
522,79
522,79
522,79
523,78
523,78
523,78
523,78
523,78
523,78
523,78
523,78
523,78
523,78
523,78
523,78
524,79
524,79
524,79
524,79
524,79
524,79
525,79
525,79
525,79
525,79
525,79
525,79
525,79
525,79
525,79
525,79
525,79
525,79
525,79
526,78
526,78
526,78
526,78
526,78
526,78
526,79
526,79
526,79
526,79
526,79
526,79
526,79
527,79
527,79
527,79
527,79
527,79
527,79
528,79
528,79
528,79
528,79
528,79
528,79
528,79
528,79
528,79
528,79
528,79
528,79
528,79
529,79
529,79
529,79
529,79
529,79
529,79
530,78
530,78
530,78
530,78
530,78
530,78
530,79
530,79
530,79
530,79
530,79
530,79
531,79
531,79
531,79
531,79
531,79
531,79
531,79
532,78
532,78
532,78
532,78
532,78
532,78
532,79
532,79
532,79
532,79
532,79
532,79
533,79
533,79
533,79
533,79
533,79
533,79
533,79
533,79
533,79
533,79
533,79
533,79
533,79
534,79
534,79
534,79
534,79
534,79
534,79
535,79
535,79
535,79
535,79
535,79
535,79
535,79
535,79
535,79
535,79
535,79
535,79
535,79
536,79
536,79
536,79
536,79
536,79
536,79
537,78
537,78
537,78
537,78
537,78
537,78
537,79
537,79
537,79
537,79
537,79
537,79
537,79
538,79
538,79
538,79
538,79
538,79
538,79
538,78
538,78
538,78
538,78
538,78
538,78
539,78
539,78
539,78
539,78
539,78
539,78
540,79
540,79
540,79
540,79
540,79
540,79
540,79
540,79
540,79
540,79
540,79
540,79
540,79
541,79
541,79
541,79
541,79
541,79
541,79
542,78
542,78
542,78
542,78
542,78
542,78
542,78
542,78
542,78
542,78
542,78
542,78
542,78
543,78
543,78
543,78
543,78
543,78
543,78
544,78
544,78
544,78
544,78
544,78
544,78
544,78
544,79
544,79
544,79
544,79
544,79
544,79
545,78
545,78
545,78
545,78
545,78
545,78
545,79
545,79
545,79
545,79
545,79
545,79
546,78
546,78
546,78
546,78
546,78
546,78
546,78
547,79
547,79
547,79
547,79
547,79
547,79
547,79
547,79
547,79
547,79
547,79
547,79
548,78
548,78
548,78
548,78
548,78
548,78
548,78
549,79
549,79
549,79
549,79
549,79
549,79
549,79
549,79
549,79
549,79
549,79
549,79
550,78
550,78
550,78
550,78
550,78
550,78
550,79
550,79
550,79
550,79
550,79
550,79
550,79
551,79
551,79
551,79
551,79
551,79
551,79
552,78
552,78
552,78
552,78
552,78
552,78
552,78
552,78
552,78
552,78
552,78
552,78
552,78
553,79
553,79
553,79
553,79
553,79
553,79
554,79
554,79
554,79
554,79
554,79
554,79
554,79
554,79
554,79
554,79
554,79
554,79
554,79
555,79
555,79
555,79
555,79
555,79
555,79
556,79
556,79
556,79
556,79
556,79
556,79
556,79
556,79
556,79
556,79
556,79
556,79
557,79
557,79
557,79
557,79
557,79
557,79
557,79
557,79
557,79
557,79
557,79
557,79
557,79
558,79
558,79
558,79
558,79
558,79
558,79
559,79
559,79
559,79
559,79
559,79
559,79
559,79
559,79
559,79
559,79
559,79
559,79
559,79
560,78
560,78
560,78
560,78
560,78
560,78
561,78
561,78
561,78
561,78
561,78
561,78
561,78
561,78
561,78
561,78
561,78
561,78
561,78
562,78
562,78
562,78
562,78
562,78
562,78
562,79
562,79
562,79
562,79
562,79
562,79
563,79
563,79
563,79
563,79
563,79
563,79
563,79
564,78
564,78
564,78
564,78
564,78
564,78
564,79
564,79
564,79
564,79
564,79
564,79
565,79
565,79
565,79
565,79
565,79
565,79
565,79
566,79
566,79
566,79
566,79
566,79
566,79
566,79
566,79
566,79
566,79
566,79
566,79
567,78
567,78
567,78
567,78
567,78
567,78
567,78
567,78
567,78
567,78
567,78
567,78
567,78
568,79
568,79
568,79
568,79
568,79
568,79
569,79
569,79
569,79
569,79
569,79
569,79
569,79
569,79
569,79
569,79
569,79
569,79
569,79
570,78
570,78
570,78
570,78
570,78
570,78
571,78
571,78
571,78
571,78
571,78
571,78
571,79
571,79
571,79
571,79
571,79
571,79
571,79
572,80
572,80
572,80
572,80
572,80
572,80
573,79
573,79
573,79
573,79
573,79
573,79
573,79
573,79
573,79
573,79
573,79
573,79
574,79
574,79
574,79
574,79
574,79
574,79
574,79
574,79
574,79
574,79
574,79
574,79
574,79
575,79
575,79
575,79
575,79
575,79
575,79
576,79
576,79
576,79
576,79
576,79
576,79
576,79
576,79
576,79
576,79
576,79
576,79
576,79
577,78
577,78
577,78
577,78
577,78
577,78
578,78
578,78
578,78
578,78
578,78
578,78
578,78
578,79
578,79
578,79
578,79
578,79
578,79
579,79
579,79
579,79
579,79
579,79
579,79
579,79
579,79
579,79
579,79
579,79
579,79
580,79
580,79
580,79
580,79
580,79
580,79
580,79
581,78
581,78
581,78
581,78
581,78
581,78
581,79
581,79
581,79
581,79
581,79
581,79
582,79
582,79
582,79
582,79
582,79
582,79
582,79
583,79
583,79
583,79
583,79
583,79
583,79
583,78
583,78
583,78
583,78
583,78
583,78
584,79
584,79
584,79
584,79
584,79
584,79
584,79
585,79
585,79
585,79
585,79
585,79
585,79
585,78
585,78
585,78
585,78
585,78
585,78
586,79
586,79
586,79
586,79
586,79
586,79
586,79
586,79
586,79
586,79
586,79
586,79
586,79
587,79
587,79
587,79
587,79
587,79
587,79
588,79
588,79
588,79
588,79
588,79
588,79
588,79
588,79
588,79
588,79
588,79
588,79
588,79
589,79
589,79
589,79
589,79
589,79
589,79
590,79
590,79
590,79
590,79
590,79
590,79
590,79
590,79
590,79
590,79
590,79
590,79
591,79
591,79
591,79
591,79
591,79
591,79
591,79
591,79
591,79
591,79
591,79
591,79
591,79
592,79
592,79
592,79
592,79
592,79
592,79
593,79
593,79
593,79
593,79
593,79
593,79
593,79
593,79
593,79
593,79
593,79
593,79
593,79
594,79
594,79
594,79
594,79
594,79
594,79
595,79
595,79
595,79
595,79
595,79
595,79
595,79
595,79
595,79
595,79
595,79
595,79
595,79
596,79
596,79
596,79
596,79
596,79
596,79
597,79
597,79
597,79
597,79
597,79
597,79
597,79
597,79
597,79
597,79
597,79
597,79
597,79
598,79
598,79
598,79
598,79
598,79
598,79
598,79
598,79
598,79
598,79
598,79
598,79
599,79
599,79
599,79
599,79
599,79
599,79
599,79
600,79
600,79
600,79
600,79
600,79
600,79
600,79
600,79
600,79
600,79
600,79
600,79
601,79
601,79
601,79
601,79
601,79
601,79
601,79
602,79
602,79
602,79
602,79
602,79
602,79
602,79
602,79
602,79
602,79
602,79
602,79
603,79
603,79
603,79
603,79
603,79
603,79
603,78
603,78
603,78
603,78
603,78
603,78
603,78
604,79
604,79
604,79
604,79
604,79
604,79
605,79
605,79
605,79
605,79
605,79
605,79
605,79
605,79
605,79
605,79
605,79
605,79
605,79
606,79
606,79
606,79
606,79
606,79
606,79
607,78
607,78
607,78
607,78
607,78
607,78
607,79
607,79
607,79
607,79
607,79
607,79
608,78
608,78
608,78
608,78
608,78
608,78
608,78
609,79
609,79
609,79
609,79
609,79
609,79
609,79
609,79
609,79
609,79
609,79
609,79
610,79
610,79
610,79
610,79
610,79
610,79
610,79
610,79
610,79
610,79
610,79
610,79
610,79
611,78
611,78
611,78
611,78
611,78
611,78
612,79
612,79
612,79
612,79
612,79
612,79
612,79
612,79
612,79
612,79
612,79
612,79
612,79
613,79
613,79
613,79
613,79
613,79
613,79
614,79
614,79
614,79
614,79
614,79
614,79
614,79
614,79
614,79
614,79
614,79
614,79
614,79
615,79
615,79
615,79
615,79
615,79
615,79
615,79
615,79
615,79
615,79
615,79
615,79
616,78
616,78
616,78
616,78
616,78
616,78
616,78
617,79
617,79
617,79
617,79
617,79
617,79
617,79
617,79
617,79
617,79
617,79
617,79
618,79
618,79
618,79
618,79
618,79
618,79
619,78
619,78
619,78
619,78
619,78
619,78
619,78
619,79
619,79
619,79
619,79
619,79
619,79
620,79
620,79
620,79
620,79
620,79
620,79
621,79
621,79
621,79
621,79
621,79
621,79
621,79
621,79
621,79
621,79
621,79
621,79
621,79
622,79
622,79
622,79
622,79
622,79
622,79
622,79
622,79
622,79
622,79
622,79
622,79
622,79
623,79
623,79
623,79
623,79
623,79
623,79
624,79
624,79
624,79
624,79
624,79
624,79
624,79
624,79
624,79
624,79
624,79
624,79
625,78
625,78
625,78
625,78
625,78
625,78
625,78
626,79
626,79
626,79
626,79
626,79
626,79
626,78
626,78
626,78
626,78
626,78
626,78
627,79
627,79
627,79
627,79
627,79
627,79
627,79
627,79
627,79
627,79
627,79
627,79
627,79
628,79
628,79
628,79
628,79
628,79
628,79
629,78
629,78
629,78
629,78
629,78
629,78
629,78
629,79
629,79
629,79
629,79
629,79
629,79
630,78
630,78
630,78
630,78
630,78
630,78
631,78
631,78
631,78
631,78
631,78
631,78
631,79
631,79
631,79
631,79
631,79
631,79
631,79
632,78
632,78
632,78
632,78
632,78
632,78
632,79
632,79
632,79
632,79
632,79
632,79
633,78
633,78
633,78
633,78
633,78
633,78
633,78
634,79
634,79
634,79
634,79
634,79
634,79
634,79
634,79
634,79
634,79
634,79
634,79
635,79
635,79
635,79
635,79
635,79
635,79
635,79
636,79
636,79
636,79
636,79
636,79
636,79
636,78
636,78
636,78
636,78
636,78
636,78
637,79
637,79
637,79
637,79
637,79
637,79
638,79
638,79
638,79
638,79
638,79
638,79
638,79
638,78
638,78
638,78
638,78
638,78
638,78
639,78
639,78
639,78
639,78
639,78
639,78
639,79
639,79
639,79
639,79
639,79
639,79
639,79
640,79
640,79
640,79
640,79
640,79
640,79
641,78
641,78
641,78
641,78
641,78
641,78
641,79
641,79
641,79
641,79
641,79
641,79
642,79
642,79
642,79
642,79
642,79
642,79
642,79
643,78
643,78
643,78
643,78
643,78
643,78
643,78
643,78
643,78
643,78
643,78
643,78
644,78
644,78
644,78
644,78
644,78
644,78
644,78
644,79
644,79
644,79
644,79
644,79
644,79
645,79
645,79
645,79
645,79
645,79
645,79
646,79
646,79
646,79
646,79
646,79
646,79
646,79
646,78
646,78
646,78
646,78
646,78
646,78
647,79
647,79
647,79
647,79
647,79
647,79
648,78
648,78
648,78
648,78
648,78
648,78
648,79
648,79
648,79
648,79
648,79
648,79
648,79
649,78
649,78
649,78
649,78
649,78
649,78
650,78
650,78
650,78
650,78
650,78
650,78
650,79
650,79
650,79
650,79
650,79
650,79
650,79
651,78
651,78
651,78
651,78
651,78
651,78
651,79
651,79
651,79
651,79
651,79
651,79
652,79
652,79
652,79
652,79
652,79
652,79
652,79
653,79
653,79
653,79
653,79
653,79
653,79
653,79
653,79
653,79
653,79
653,79
653,79
654,78
654,78
654,78
654,78
654,78
654,78
655,79
655,79
655,79
655,79
655,79
655,79
655,79
655,79
655,79
655,79
655,79
655,79
655,79
656,79
656,79
656,79
656,79
656,79
656,79
656,79
656,79
656,79
656,79
656,79
656,79
656,79
657,78
657,78
657,78
657,78
657,78
657,78
658,78
658,78
658,78
658,78
658,78
658,78
658,78
658,78
658,78
658,78
658,78
658,78
659,79
659,79
659,79
659,79
659,79
659,79
659,79
660,78
660,78
660,78
660,78
660,78
660,78
660,79
660,79
660,79
660,79
660,79
660,79
661,78
661,78
661,78
661,78
661,78
661,78
661,78
662,78
662,78
662,78
662,78
662,78
662,78
662,79
662,79
662,79
662,79
662,79
662,79
663,79
663,79
663,79
663,79
663,79
663,79
663,79
663,78
663,78
663,78
663,78
663,78
663,78
664,79
664,79
664,79
664,79
664,79
664,79
665,79
665,79
665,79
665,79
665,79
665,79
665,79
665,79
665,79
665,79
665,79
665,79
665,79
666,79
666,79
666,79
666,79
666,79
666,79
667,79
667,79
667,79
667,79
667,79
667,79
667,79
667,79
667,79
667,79
667,79
667,79
667,79
668,79
668,79
668,79
668,79
668,79
668,79
668,78
668,78
668,78
668,78
668,78
668,78
669,78
669,78
669,78
669,78
669,78
669,78
670,78
670,78
670,78
670,78
670,78
670,78
670,78
670,78
670,78
670,78
670,78
670,78
670,78
671,78
671,78
671,78
671,78
671,78
671,78
672,78
672,78
672,78
672,78
672,78
672,78
672,78
672,79
672,79
672,79
672,79
672,79
672,79
673,78
673,78
673,78
673,78
673,78
673,78
674,79
674,79
674,79
674,79
674,79
674,79
674,79
674,79
674,79
674,79
674,79
674,79
674,79
675,79
675,79
675,79
675,79
675,79
675,79
675,79
675,79
675,79
675,79
675,79
675,79
676,78
676,78
676,78
676,78
676,78
676,78
676,78
677,78
677,78
677,78
677,78
677,78
677,78
677,78
677,78
677,78
677,78
677,78
677,78
678,78
678,78
678,78
678,78
678,78
678,78
678,78
679,79
679,79
679,79
679,79
679,79
679,79
679,78
679,78
679,78
679,78
679,78
679,78
680,78
680,78
680,78
680,78
680,78
680,78
680,78
680,78
680,78
680,78
680,78
680,78
680,78
681,78
681,78
681,78
681,78
681,78
681,78
682,78
682,78
682,78
682,78
682,78
682,78
682,79
682,79
682,79
682,79
682,79
682,79
682,79
683,78
683,78
683,78
683,78
683,78
683,78
684,78
684,78
684,78
684,78
684,78
684,78
684,78
684,78
684,78
684,78
684,78
684,78
684,78
685,78
685,78
685,78
685,78
685,78
685,78
685,79
685,79
685,79
685,79
685,79
685,79
686,78
686,78
686,78
686,78
686,78
686,78
686,78
687,79
687,79
687,79
687,79
687,79
687,79
687,79
687,79
687,79
687,79
687,79
687,79
688,78
688,78
688,78
688,78
688,78
688,78
689,79
689,79
689,79
689,79
689,79
689,79
689,79
689,78
689,78
689,78
689,78
689,78
689,78
690,79
690,79
690,79
690,79
690,79
690,79
691,78
691,78
691,78
691,78
691,78
691,78
691,78
691,78
691,78
691,78
691,78
691,78
691,78
692,79
692,79
692,79
692,79
692,79
692,79
692,78
692,78
692,78
692,78
692,78
692,78
693,78
693,78
693,78
693,78
693,78
693,78
693,78
694,78
694,78
694,78
694,78
694,78
694,78
694,78
694,78
694,78
694,78
694,78
694,78
695,79
695,79
695,79
695,79
695,79
695,79
695,79
696,79
696,79
696,79
696,79
696,79
696,79
696,79
696,79
696,79
696,79
696,79
696,79
697,78
697,78
697,78
697,78
697,78
697,78
697,78
697,78
697,78
697,78
697,78
697,78
697,78
698,78
698,78
698,78
698,78
698,78
698,78
699,78
699,78
699,78
699,78
699,78
699,78
699,78
699,78
699,78
699,78
699,78
699,78
699,78
700,78
700,78
700,78
700,78
700,78
700,78
701,78
701,78
701,78
701,78
701,78
701,78
701,78
701,78
701,78
701,78
701,78
701,78
701,78
702,78
702,78
702,78
702,78
702,78
702,78
703,78
703,78
703,78
703,78
703,78
703,78
703,78
703,78
703,78
703,78
703,78
703,78
703,78
704,78
704,78
704,78
704,78
704,78
704,78
704,79
704,79
704,79
704,79
704,79
704,79
705,79
705,79
705,79
705,79
705,79
705,79
706,78
706,78
706,78
706,78
706,78
706,78
706,78
706,78
706,78
706,78
706,78
706,78
706,78
707,78
707,78
707,78
707,78
707,78
707,78
708,78
708,78
708,78
708,78
708,78
708,78
708,78
708,78
708,78
708,78
708,78
708,78
708,78
709,78
709,78
709,78
709,78
709,78
709,78
709,78
709,78
709,78
709,78
709,78
709,78
710,78
710,78
710,78
710,78
710,78
710,78
710,78
711,78
711,78
711,78
711,78
711,78
711,78
711,78
711,78
711,78
711,78
711,78
711,78
712,78
712,78
712,78
712,78
712,78
712,78
712,78
713,78
713,78
713,78
713,78
713,78
713,78
713,78
713,78
713,78
713,78
713,78
713,78
714,78
714,78
714,78
714,78
714,78
714,78
714,78
715,77
715,77
715,77
715,77
715,77
715,77
715,78
715,78
715,78
715,78
715,78
715,78
716,78
716,78
716,78
716,78
716,78
716,78
716,78
716,78
716,78
716,78
716,78
716,78
716,78
717,78
717,78
717,78
717,78
717,78
717,78
718,78
718,78
718,78
718,78
718,78
718,78
718,78
718,78
718,78
718,78
718,78
718,78
718,78
719,78
719,78
719,78
719,78
719,78
719,78
720,78
720,78
720,78
720,78
720,78
720,78
720,78
720,78
720,78
720,78
720,78
720,78
720,78
721,78
721,78
721,78
721,78
721,78
721,78
721,78
721,78
721,78
721,78
721,78
721,78
722,78
722,78
722,78
722,78
722,78
722,78
723,78
723,78
723,78
723,78
723,78
723,78
723,78
723,78
723,78
723,78
723,78
723,78
723,78
724,78
724,78
724,78
724,78
724,78
724,78
725,78
725,78
725,78
725,78
725,78
725,78
725,78
725,78
725,78
725,78
725,78
725,78
725,78
726,78
726,78
726,78
726,78
726,78
726,78
727,78
727,78
727,78
727,78
727,78
727,78
727,78
727,78
727,78
727,78
727,78
727,78
727,78
728,78
728,78
728,78
728,78
728,78
728,78
728,79
728,79
728,79
728,79
728,79
728,79
729,78
729,78
729,78
729,78
729,78
729,78
729,78
730,78
730,78
730,78
730,78
730,78
730,78
730,78
730,78
730,78
730,78
730,78
730,78
731,78
731,78
731,78
731,78
731,78
731,78
731,78
732,78
732,78
732,78
732,78
732,78
732,78
732,78
732,78
732,78
732,78
732,78
732,78
733,78
733,78
733,78
733,78
733,78
733,78
733,78
733,78
733,78
733,78
733,78
733,78
733,78
734,78
734,78
734,78
734,78
734,78
734,78
735,78
735,78
735,78
735,78
735,78
735,78
735,78
735,78
735,78
735,78
735,78
735,78
735,78
736,78
736,78
736,78
736,78
736,78
736,78
737,78
737,78
737,78
737,78
737,78
737,78
737,78
737,78
737,78
737,78
737,78
737,78
738,78
738,78
738,78
738,78
738,78
738,78
738,78
739,78
739,78
739,78
739,78
739,78
739,78
739,78
739,78
739,78
739,78
739,78
739,78
740,78
740,78
740,78
740,78
740,78
740,78
740,78
740,78
740,78
740,78
740,78
740,78
740,78
741,78
741,78
741,78
741,78
741,78
741,78
742,78
742,78
742,78
742,78
742,78
742,78
742,78
742,78
742,78
742,78
742,78
742,78
742,78
743,78
743,78
743,78
743,78
743,78
743,78
744,78
744,78
744,78
744,78
744,78
744,78
744,78
744,78
744,78
744,78
744,78
744,78
744,78
745,78
745,78
745,78
745,78
745,78
745,78
745,78
745,78
745,78
745,78
745,78
745,78
746,78
746,78
746,78
746,78
746,78
746,78
746,78
747,78
747,78
747,78
747,78
747,78
747,78
747,78
747,78
747,78
747,78
747,78
747,78
748,78
748,78
748,78
748,78
748,78
748,78
748,78
749,78
749,78
749,78
749,78
749,78
749,78
749,78
749,78
749,78
749,78
749,78
749,78
750,78
750,78
750,78
750,78
750,78
750,78
751,78
751,78
751,78
751,78
751,78
751,78
751,78
751,78
751,78
751,78
751,78
751,78
751,78
752,78
752,78
752,78
752,78
752,78
752,78
752,78
752,78
752,78
752,78
752,78
752,78
752,78
753,78
753,78
753,78
753,78
753,78
753,78
754,78
754,78
754,78
754,78
754,78
754,78
754,78
754,78
754,78
754,78
754,78
754,78
754,78
755,78
755,78
755,78
755,78
755,78
755,78
756,78
756,78
756,78
756,78
756,78
756,78
756,78
756,78
756,78
756,78
756,78
756,78
757,78
757,78
757,78
757,78
757,78
757,78
757,78
757,78
757,78
757,78
757,78
757,78
757,78
758,78
758,78
758,78
758,78
758,78
758,78
759,78
759,78
759,78
759,78
759,78
759,78
759,78
759,78
759,78
759,78
759,78
759,78
759,78
760,78
760,78
760,78
760,78
760,78
760,78
761,78
761,78
761,78
761,78
761,78
761,78
761,78
761,78
761,78
761,78
761,78
761,78
761,78
762,78
762,78
762,78
762,78
762,78
762,78
762,78
762,78
762,78
762,78
762,78
762,78
763,78
763,78
763,78
763,78
763,78
763,78
763,78
764,78
764,78
764,78
764,78
764,78
764,78
764,78
764,78
764,78
764,78
764,78
764,78
765,78
765,78
765,78
765,78
765,78
765,78
765,78
766,78
766,78
766,78
766,78
766,78
766,78
766,78
766,78
766,78
766,78
766,78
766,78
767,78
767,78
767,78
767,78
767,78
767,78
767,78
768,78
768,78
768,78
768,78
768,78
768,78
768,78
768,78
768,78
768,78
768,78
768,78
769,78
769,78
769,78
769,78
769,78
769,78
769,78
769,78
769,78
769,78
769,78
769,78
769,78
770,79
770,79
770,79
770,79
770,79
770,79
771,78
771,78
771,78
771,78
771,78
771,78
771,78
771,78
771,78
771,78
771,78
771,78
771,78
772,78
772,78
772,78
772,78
772,78
772,78
773,78
773,78
773,78
773,78
773,78
773,78
773,78
773,78
773,78
773,78
773,78
773,78
773,78
774,78
774,78
774,78
774,78
774,78
774,78
774,78
774,78
774,78
774,78
774,78
774,78
775,78
775,78
775,78
775,78
775,78
775,78
776,78
776,78
776,78
776,78
776,78
776,78
776,78
776,78
776,78
776,78
776,78
776,78
776,78
777,78
777,78
777,78
777,78
777,78
777,78
778,78
778,78
778,78
778,78
778,78
778,78
778,78
778,78
778,78
778,78
778,78
778,78
778,78
779,78
779,78
779,78
779,78
779,78
779,78
780,78
780,78
780,78
780,78
780,78
780,78
780,78
780,78
780,78
780,78
780,78
780,78
780,78
781,78
781,78
781,78
781,78
781,78
781,78
781,78
781,78
781,78
781,78
781,78
781,78
782,78
782,78
782,78
782,78
782,78
782,78
782,78
783,78
783,78
783,78
783,78
783,78
783,78
783,78
783,78
783,78
783,78
783,78
783,78
784,78
784,78
784,78
784,78
784,78
784,78
784,78
785,79
785,79
785,79
785,79
785,79
785,79
785,78
785,78
785,78
785,78
785,78
785,78
786,78
786,78
786,78
786,78
786,78
786,78
786,78
786,78
786,78
786,78
786,78
786,78
786,78
787,78
787,78
787,78
787,78
787,78
787,78
788,78
788,78
788,78
788,78
788,78
788,78
788,78
788,78
788,78
788,78
788,78
788,78
788,78
789,78
789,78
789,78
789,78
789,78
789,78
790,78
790,78
790,78
790,78
790,78
790,78
790,78
790,78
790,78
790,78
790,78
790,78
791,78
791,78
791,78
791,78
791,78
791,78
791,78
792,78
792,78
792,78
792,78
792,78
792,78
792,78
792,78
792,78
792,78
792,78
792,78
793,78
793,78
793,78
793,78
793,78
793,78
793,78
793,78
793,78
793,78
793,78
793,78
793,78
794,78
794,78
794,78
794,78
794,78
794,78
795,78
795,78
795,78
795,78
795,78
795,78
795,78
795,78
795,78
795,78
795,78
795,78
795,78
796,78
796,78
796,78
796,78
796,78
796,78
797,78
797,78
797,78
797,78
797,78
797,78
797,78
797,78
797,78
797,78
797,78
797,78
797,78
798,78
798,78
798,78
798,78
798,78
798,78
798,78
798,78
798,78
798,78
798,78
798,78
799,78
799,78
799,78
799,78
799,78
799,78
799,78
800,78
800,78
800,78
800,78
800,78
800,78
800,78
800,78
800,78
800,78
800,78
800,78
801,78
801,78
801,78
801,78
801,78
801,78
801,78
802,78
802,78
802,78
802,78
802,78
802,78
802,78
802,78
802,78
802,78
802,78
802,78
803,78
803,78
803,78
803,78
803,78
803,78
804,78
804,78
804,78
804,78
804,78
804,78
804,78
804,78
804,78
804,78
804,78
804,78
804,78
805,78
805,78
805,78
805,78
805,78
805,78
805,78
805,78
805,78
805,78
805,78
805,78
805,78
806,78
806,78
806,78
806,78
806,78
806,78
807,78
807,78
807,78
807,78
807,78
807,78
807,78
807,78
807,78
807,78
807,78
807,78
808,78
808,78
808,78
808,78
808,78
808,78
808,78
809,78
809,78
809,78
809,78
809,78
809,78
809,78
809,78
809,78
809,78
809,78
809,78
810,78
810,78
810,78
810,78
810,78
810,78
810,78
810,78
810,78
810,78
810,78
810,78
810,78
811,78
811,78
811,78
811,78
811,78
811,78
812,78
812,78
812,78
812,78
812,78
812,78
812,78
812,78
812,78
812,78
812,78
812,78
812,78
813,78
813,78
813,78
813,78
813,78
813,78
814,78
814,78
814,78
814,78
814,78
814,78
814,78
814,78
814,78
814,78
814,78
814,78
814,78
815,78
815,78
815,78
815,78
815,78
815,78
816,78
816,78
816,78
816,78
816,78
816,78
816,78
816,78
816,78
816,78
816,78
816,78
816,78
817,78
817,78
817,78
817,78
817,78
817,78
817,78
817,78
817,78
817,78
817,78
817,78
818,78
818,78
818,78
818,78
818,78
818,78
818,78
819,78
819,78
819,78
819,78
819,78
819,78
819,78
819,78
819,78
819,78
819,78
819,78
820,78
820,78
820,78
820,78
820,78
820,78
821,78
821,78
821,78
821,78
821,78
821,78
821,78
821,78
821,78
821,78
821,78
821,78
821,78
822,78
822,78
822,78
822,78
822,78
822,78
822,78
822,78
822,78
822,78
822,78
822,78
822,78
823,77
823,77
823,77
823,77
823,77
823,77
824,78
824,78
824,78
824,78
824,78
824,78
824,77
824,77
824,77
824,77
824,77
824,77
825,78
825,78
825,78
825,78
825,78
825,78
825,78
826,78
826,78
826,78
826,78
826,78
826,78
826,78
826,78
826,78
826,78
826,78
826,78
827,77
827,77
827,77
827,77
827,77
827,77
827,77
827,78
827,78
827,78
827,78
827,78
827,78
828,78
828,78
828,78
828,78
828,78
828,78
829,78
829,78
829,78
829,78
829,78
829,78
829,78
829,78
829,78
829,78
829,78
829,78
829,78
830,78
830,78
830,78
830,78
830,78
830,78
831,78
831,78
831,78
831,78
831,78
831,78
831,78
831,78
831,78
831,78
831,78
831,78
831,78
832,78
832,78
832,78
832,78
832,78
832,78
833,78
833,78
833,78
833,78
833,78
833,78
833,78
833,78
833,78
833,78
833,78
833,78
833,78
834,78
834,78
834,78
834,78
834,78
834,78
834,78
834,78
834,78
834,78
834,78
834,78
835,78
835,78
835,78
835,78
835,78
835,78
836,78
836,78
836,78
836,78
836,78
836,78
836,78
836,78
836,78
836,78
836,78
836,78
836,78
837,78
837,78
837,78
837,78
837,78
837,78
838,78
838,78
838,78
838,78
838,78
838,78
838,78
838,77
838,77
838,77
838,77
838,77
838,77
839,78
839,78
839,78
839,78
839,78
839,78
839,78
839,78
839,78
839,78
839,78
839,78
839,78
840,78
840,78
840,78
840,78
840,78
840,78
841,77
841,77
841,77
841,77
841,77
841,77
841,78
841,78
841,78
841,78
841,78
841,78
842,78
842,78
842,78
842,78
842,78
842,78
842,78
843,78
843,78
843,78
843,78
843,78
843,78
843,78
843,78
843,78
843,78
843,78
843,78
844,78
844,78
844,78
844,78
844,78
844,78
844,78
845,77
845,77
845,77
845,77
845,77
845,77
845,78
845,78
845,78
845,78
845,78
845,78
846,78
846,78
846,78
846,78
846,78
846,78
846,78
846,78
846,78
846,78
846,78
846,78
846,78
847,78
847,78
847,78
847,78
847,78
847,78
848,78
848,78
848,78
848,78
848,78
848,78
848,78
848,78
848,78
848,78
848,78
848,78
848,78
849,78
849,78
849,78
849,78
849,78
849,78
850,78
850,78
850,78
850,78
850,78
850,78
850,78
850,78
850,78
850,78
850,78
850,78
850,78
851,78
851,78
851,78
851,78
851,78
851,78
851,78
851,78
851,78
851,78
851,78
851,78
852,78
852,78
852,78
852,78
852,78
852,78
853,78
853,78
853,78
853,78
853,78
853,78
853,78
853,78
853,78
853,78
853,78
853,78
853,78
854,78
854,78
854,78
854,78
854,78
854,78
855,78
855,78
855,78
855,78
855,78
855,78
855,78
855,78
855,78
855,78
855,78
855,78
855,78
856,78
856,78
856,78
856,78
856,78
856,78
857,78
857,78
857,78
857,78
857,78
857,78
857,78
857,77
857,77
857,77
857,77
857,77
857,77
858,78
858,78
858,78
858,78
858,78
858,78
858,78
858,78
858,78
858,78
858,78
858,78
859,78
859,78
859,78
859,78
859,78
859,78
859,78
860,78
860,78
860,78
860,78
860,78
860,78
860,78
860,78
860,78
860,78
860,78
860,78
861,78
861,78
861,78
861,78
861,78
861,78
861,78
862,78
862,78
862,78
862,78
862,78
862,78
862,78
862,78
862,78
862,78
862,78
862,78
863,78
863,78
863,78
863,78
863,78
863,78
863,78
863,78
863,78
863,78
863,78
863,78
863,78
864,78
864,78
864,78
864,78
864,78
864,78
865,78
865,78
865,78
865,78
865,78
865,78
865,77
865,77
865,77
865,77
865,77
865,77
865,77
866,78
866,78
866,78
866,78
866,78
866,78
867,78
867,78
867,78
867,78
867,78
867,78
867,78
867,78
867,78
867,78
867,78
867,78
867,78
868,78
868,78
868,78
868,78
868,78
868,78
869,78
869,78
869,78
869,78
869,78
869,78
869,78
869,78
869,78
869,78
869,78
869,78
870,78
870,78
870,78
870,78
870,78
870,78
870,78
870,78
870,78
870,78
870,78
870,78
870,78
871,78
871,78
871,78
871,78
871,78
871,78
872,78
872,78
872,78
872,78
872,78
872,78
872,78
872,78
872,78
872,78
872,78
872,78
872,78
873,78
873,78
873,78
873,78
873,78
873,78
874,78
874,78
874,78
874,78
874,78
874,78
874,78
874,78
874,78
874,78
874,78
874,78
874,78
875,78
875,78
875,78
875,78
875,78
875,78
875,77
875,77
875,77
875,77
875,77
875,77
876,78
876,78
876,78
876,78
876,78
876,78
876,78
877,77
877,77
877,77
877,77
877,77
877,77
877,78
877,78
877,78
877,78
877,78
877,78
878,78
878,78
878,78
878,78
878,78
878,78
878,78
879,78
879,78
879,78
879,78
879,78
879,78
879,78
879,78
879,78
879,78
879,78
879,78
880,78
880,78
880,78
880,78
880,78
880,78
880,78
880,78
880,78
880,78
880,78
880,78
880,78
881,78
881,78
881,78
881,78
881,78
881,78
882,78
882,78
882,78
882,78
882,78
882,78
882,78
882,78
882,78
882,78
882,78
882,78
882,78
883,77
883,77
883,77
883,77
883,77
883,77
884,78
884,78
884,78
884,78
884,78
884,78
884,78
884,78
884,78
884,78
884,78
884,78
884,78
885,78
885,78
885,78
885,78
885,78
885,78
886,78
886,78
886,78
886,78
886,78
886,78
886,78
886,78
886,78
886,78
886,78
886,78
887,78
887,78
887,78
887,78
887,78
887,78
887,78
887,78
887,78
887,78
887,78
887,78
887,78
888,78
888,78
888,78
888,78
888,78
888,78
889,78
889,78
889,78
889,78
889,78
889,78
889,78
889,78
889,78
889,78
889,78
889,78
889,78
890,78
890,78
890,78
890,78
890,78
890,78
891,78
891,78
891,78
891,78
891,78
891,78
891,78
891,78
891,78
891,78
891,78
891,78
891,78
892,78
892,78
892,78
892,78
892,78
892,78
892,78
892,78
892,78
892,78
892,78
892,78
893,78
893,78
893,78
893,78
893,78
893,78
893,78
894,78
894,78
894,78
894,78
894,78
894,78
894,78
894,78
894,78
894,78
894,78
894,78
895,78
895,78
895,78
895,78
895,78
895,78
895,78
896,78
896,78
896,78
896,78
896,78
896,78
896,78
896,78
896,78
896,78
896,78
896,78
897,78
897,78
897,78
897,78
897,78
897,78
898,78
898,78
898,78
898,78
898,78
898,78
898,78
898,78
898,78
898,78
898,78
898,78
898,78
899,78
899,78
899,78
899,78
899,78
899,78
899,78
899,78
899,78
899,78
899,78
899,78
899,78
900,77
900,77
900,77
900,77
900,77
900,77
900,77
900,77
900,77
900,77
900,77
900,77
900,77
900,77
900,77
900,77
900,77
900,77
900,77
900,77
900,77
900,77
900,77
900,77
900,77
900,77
900,77
900,77
900,77
900,77
900,77
900,77
900,77
900,77
900,77
900,77
900,77
900,77
900,77
900,77
900,77
900,77
900,77
900,77
900,77
900,77
900,77
900,77
900,77
900,77
900,77
900,77
900,77
900,77
900,77
900,77
900,77
900,77
900,77
900,77
900,77
900,77
900,77
900,77
900,77
900,77
900,77
900,77
900,77
900,77
900,77
900,77
900,77
900,77
900,77
900,77
900,77
900,77
900,77
900,77
900,77
900,77
900,77
900,77
900,77
900,77
900,77
900,77
900,77
900,77
900,77
900,77
900,77
900,77
900,77
900,77
900,77
900,77
900,77
900,77
900,77
900,77
900,77
900,77
900,77
900,77
900,77
900,77
900,77
900,77
900,77
900,77
900,77
900,77
900,77
900,77
900,77
900,77
900,77
900,77
900,77
900,77
900,77
900,77
900,77
900,77
900,77
900,77
900,77
900,77
900,77
900,77
900,77
900,77
900,77
900,77
900,77
900,77
900,77
900,77
900,77
900,77
900,77
