0,0
0,79
0,79
0,79
0,79
0,79
0,79
0,79
0,79
0,79
0,79
0,79
0,79
0,79
1,79
1,79
1,79
1,79
1,79
1,79
1,79
1,79
1,79
1,79
1,79
1,79
1,79
2,79
2,79
2,79
2,79
2,79
2,79
3,79
3,79
3,79
3,79
3,79
3,79
3,79
3,79
3,79
3,79
3,79
3,79
4,79
4,79
4,79
4,79
4,79
4,79
4,79
5,79
5,79
5,79
5,79
5,79
5,79
5,79
5,79
5,79
5,79
5,79
5,79
6,79
6,79
6,79
6,79
6,79
6,79
6,79
7,79
7,79
7,79
7,79
7,79
7,79
7,79
7,79
7,79
7,79
7,79
7,79
8,79
8,79
8,79
8,79
8,79
8,79
8,79
8,79
8,79
8,79
8,79
8,79
8,79
9,79
9,79
9,79
9,79
9,79
9,79
10,79
10,79
10,79
10,79
10,79
10,79
10,79
10,79
10,79
10,79
10,79
10,79
10,79
11,79
11,79
11,79
11,79
11,79
11,79
12,79
12,79
12,79
12,79
12,79
12,79
12,79
12,79
12,79
12,79
12,79
12,79
12,79
13,79
13,79
13,79
13,79
13,79
13,79
13,80
13,80
13,80
13,80
13,80
13,80
14,79
14,79
14,79
14,79
14,79
14,79
15,79
15,79
15,79
15,79
15,79
15,79
15,79
15,79
15,79
15,79
15,79
15,79
15,79
16,79
16,79
16,79
16,79
16,79
16,79
17,80
17,80
17,80
17,80
17,80
17,80
17,80
17,79
17,79
17,79
17,79
17,79
17,79
18,79
18,79
18,79
18,79
18,79
18,79
19,80
19,80
19,80
19,80
19,80
19,80
19,80
19,80
19,80
19,80
19,80
19,80
19,80
20,79
20,79
20,79
20,79
20,79
20,79
20,80
20,80
20,80
20,80
20,80
20,80
21,80
21,80
21,80
21,80
21,80
21,80
21,80
22,79
22,79
22,79
22,79
22,79
22,79
22,80
22,80
22,80
22,80
22,80
22,80
23,79
23,79
23,79
23,79
23,79
23,79
23,79
24,79
24,79
24,79
24,79
24,79
24,79
24,80
24,80
24,80
24,80
24,80
24,80
25,80
25,80
25,80
25,80
25,80
25,80
25,80
25,80
25,80
25,80
25,80
25,80
25,80
26,80
26,80
26,80
26,80
26,80
26,80
27,79
27,79
27,79
27,79
27,79
27,79
27,79
27,79
27,79
27,79
27,79
27,79
27,79
28,79
28,79
28,79
28,79
28,79
28,79
29,80
29,80
29,80
29,80
29,80
29,80
29,79
29,79
29,79
29,79
29,79
29,79
29,79
30,80
30,80
30,80
30,80
30,80
30,80
31,79
31,79
31,79
31,79
31,79
31,79
31,79
31,79
31,79
31,79
31,79
31,79
31,79
32,80
32,80
32,80
32,80
32,80
32,80
32,80
32,80
32,80
32,80
32,80
32,80
33,79
33,79
33,79
33,79
33,79
33,79
34,80
34,80
34,80
34,80
34,80
34,80
34,80
34,79
34,79
34,79
34,79
34,79
34,79
35,80
35,80
35,80
35,80
35,80
35,80
36,79
36,79
36,79
36,79
36,79
36,79
36,79
36,80
36,80
36,80
36,80
36,80
36,80
37,79
37,79
37,79
37,79
37,79
37,79
37,80
37,80
37,80
37,80
37,80
37,80
37,80
38,80
38,80
38,80
38,80
38,80
38,80
39,80
39,80
39,80
39,80
39,80
39,80
39,80
39,80
39,80
39,80
39,80
39,80
40,80
40,80
40,80
40,80
40,80
40,80
40,80
41,80
41,80
41,80
41,80
41,80
41,80
41,80
41,80
41,80
41,80
41,80
41,80
42,80
42,80
42,80
42,80
42,80
42,80
42,80
43,79
43,79
43,79
43,79
43,79
43,79
43,79
43,79
43,79
43,79
43,79
43,79
44,79
44,79
44,79
44,79
44,79
44,79
44,79
44,80
44,80
44,80
44,80
44,80
44,80
45,79
45,79
45,79
45,79
45,79
45,79
46,80
46,80
46,80
46,80
46,80
46,80
46,80
46,80
46,80
46,80
46,80
46,80
46,80
47,80
47,80
47,80
47,80
47,80
47,80
48,80
48,80
48,80
48,80
48,80
48,80
48,79
48,79
48,79
48,79
48,79
48,79
48,79
49,80
49,80
49,80
49,80
49,80
49,80
49,79
49,79
49,79
49,79
49,79
49,79
50,80
50,80
50,80
50,80
50,80
50,80
50,80
51,80
51,80
51,80
51,80
51,80
51,80
51,79
51,79
51,79
51,79
51,79
51,79
52,80
52,80
52,80
52,80
52,80
52,80
53,80
53,80
53,80
53,80
53,80
53,80
53,80
53,79
53,79
53,79
53,79
53,79
53,79
54,79
54,79
54,79
54,79
54,79
54,79
54,80
54,80
54,80
54,80
54,80
54,80
54,80
55,80
55,80
55,80
55,80
55,80
55,80
56,80
56,80
56,80
56,80
56,80
56,80
56,79
56,79
56,79
56,79
56,79
56,79
57,79
57,79
57,79
57,79
57,79
57,79
57,79
58,80
58,80
58,80
58,80
58,80
58,80
58,80
58,80
58,80
58,80
58,80
58,80
59,79
59,79
59,79
59,79
59,79
59,79
59,79
60,80
60,80
60,80
60,80
60,80
60,80
60,80
60,80
60,80
60,80
60,80
60,80
61,79
61,79
61,79
61,79
61,79
61,79
61,79
61,80
61,80
61,80
61,80
61,80
61,80
62,79
62,79
62,79
62,79
62,79
62,79
63,80
63,80
63,80
63,80
63,80
63,80
63,80
63,80
63,80
63,80
63,80
63,80
63,80
64,80
64,80
64,80
64,80
64,80
64,80
65,80
65,80
65,80
65,80
65,80
65,80
65,80
65,80
65,80
65,80
65,80
65,80
65,80
66,80
66,80
66,80
66,80
66,80
66,80
66,80
66,80
66,80
66,80
66,80
66,80
67,80
67,80
67,80
67,80
67,80
67,80
68,80
68,80
68,80
68,80
68,80
68,80
68,80
68,80
68,80
68,80
68,80
68,80
68,80
69,79
69,79
69,79
69,79
69,79
69,79
70,80
70,80
70,80
70,80
70,80
70,80
70,80
70,80
70,80
70,80
70,80
70,80
70,80
71,80
71,80
71,80
71,80
71,80
71,80
72,80
72,80
72,80
72,80
72,80
72,80
72,80
72,80
72,80
72,80
72,80
72,80
72,80
73,80
73,80
73,80
73,80
73,80
73,80
73,80
73,80
73,80
73,80
73,80
73,80
74,79
74,79
74,79
74,79
74,79
74,79
74,79
75,80
75,80
75,80
75,80
75,80
75,80
75,79
75,79
75,79
75,79
75,79
75,79
76,80
76,80
76,80
76,80
76,80
76,80
76,80
77,80
77,80
77,80
77,80
77,80
77,80
77,80
77,80
77,80
77,80
77,80
77,80
78,80
78,80
78,80
78,80
78,80
78,80
78,80
78,80
78,80
78,80
78,80
78,80
78,80
79,80
79,80
79,80
79,80
79,80
79,80
80,80
80,80
80,80
80,80
80,80
80,80
80,79
80,79
80,79
80,79
80,79
80,79
80,79
81,80
81,80
81,80
81,80
81,80
81,80
82,80
82,80
82,80
82,80
82,80
82,80
82,80
82,80
82,80
82,80
82,80
82,80
82,80
83,80
83,80
83,80
83,80
83,80
83,80
84,80
84,80
84,80
84,80
84,80
84,80
84,80
84,80
84,80
84,80
84,80
84,80
85,79
85,79
85,79
85,79
85,79
85,79
85,79
85,80
85,80
85,80
85,80
85,80
85,80
86,80
86,80
86,80
86,80
86,80
86,80
87,79
87,79
87,79
87,79
87,79
87,79
87,79
87,80
87,80
87,80
87,80
87,80
87,80
88,80
88,80
88,80
88,80
88,80
88,80
89,80
89,80
89,80
89,80
89,80
89,80
89,80
89,80
89,80
89,80
89,80
89,80
89,80
90,80
90,80
90,80
90,80
90,80
90,80
90,80
90,80
90,80
90,80
90,80
90,80
91,80
91,80
91,80
91,80
91,80
91,80
91,80
92,80
92,80
92,80
92,80
92,80
92,80
92,80
92,80
92,80
92,80
92,80
92,80
93,80
93,80
93,80
93,80
93,80
93,80
93,80
94,80
94,80
94,80
94,80
94,80
94,80
94,80
94,80
94,80
94,80
94,80
94,80
95,80
95,80
95,80
95,80
95,80
95,80
96,80
96,80
96,80
96,80
96,80
96,80
96,80
96,80
96,80
96,80
96,80
96,80
96,80
97,80
97,80
97,80
97,80
97,80
97,80
97,80
97,80
97,80
97,80
97,80
97,80
97,80
98,79
98,79
98,79
98,79
98,79
98,79
99,80
99,80
99,80
99,80
99,80
99,80
99,80
99,80
99,80
99,80
99,80
99,80
99,80
100,80
100,80
100,80
100,80
100,80
100,80
101,80
101,80
101,80
101,80
101,80
101,80
101,80
101,80
101,80
101,80
101,80
101,80
102,80
102,80
102,80
102,80
102,80
102,80
102,80
102,80
102,80
102,80
102,80
102,80
102,80
103,80
103,80
103,80
103,80
103,80
103,80
104,80
104,80
104,80
104,80
104,80
104,80
104,80
104,80
104,80
104,80
104,80
104,80
104,80
105,80
105,80
105,80
105,80
105,80
105,80
106,80
106,80
106,80
106,80
106,80
106,80
106,80
106,80
106,80
106,80
106,80
106,80
106,80
107,80
107,80
107,80
107,80
107,80
107,80
107,80
107,80
107,80
107,80
107,80
107,80
108,80
108,80
108,80
108,80
108,80
108,80
108,80
109,80
109,80
109,80
109,80
109,80
109,80
109,80
109,80
109,80
109,80
109,80
109,80
110,80
110,80
110,80
110,80
110,80
110,80
110,80
111,79
111,79
111,79
111,79
111,79
111,79
111,80
111,80
111,80
111,80
111,80
111,80
112,79
112,79
112,79
112,79
112,79
112,79
113,80
113,80
113,80
113,80
113,80
113,80
113,80
113,80
113,80
113,80
113,80
113,80
113,80
114,80
114,80
114,80
114,80
114,80
114,80
114,80
114,80
114,80
114,80
114,80
114,80
114,80
115,80
115,80
115,80
115,80
115,80
115,80
116,79
116,79
116,79
116,79
116,79
116,79
116,80
116,80
116,80
116,80
116,80
116,80
116,80
117,80
117,80
117,80
117,80
117,80
117,80
118,80
118,80
118,80
118,80
118,80
118,80
118,80
118,80
118,80
118,80
118,80
118,80
119,80
119,80
119,80
119,80
119,80
119,80
119,80
119,79
119,79
119,79
119,79
119,79
119,79
120,80
120,80
120,80
120,80
120,80
120,80
121,80
121,80
121,80
121,80
121,80
121,80
121,80
121,80
121,80
121,80
121,80
121,80
121,80
122,80
122,80
122,80
122,80
122,80
122,80
123,79
123,79
123,79
123,79
123,79
123,79
123,80
123,80
123,80
123,80
123,80
123,80
123,80
124,80
124,80
124,80
124,80
124,80
124,80
125,80
125,80
125,80
125,80
125,80
125,80
125,80
125,80
125,80
125,80
125,80
125,80
125,80
126,80
126,80
126,80
126,80
126,80
126,80
126,80
126,80
126,80
126,80
126,80
126,80
127,80
127,80
127,80
127,80
127,80
127,80
127,80
128,80
128,80
128,80
128,80
128,80
128,80
128,80
128,80
128,80
128,80
128,80
128,80
129,80
129,80
129,80
129,80
129,80
129,80
130,80
130,80
130,80
130,80
130,80
130,80
130,80
130,80
130,80
130,80
130,80
130,80
130,80
131,80
131,80
131,80
131,80
131,80
131,80
131,80
131,80
131,80
131,80
131,80
131,80
131,80
132,80
132,80
132,80
132,80
132,80
132,80
133,80
133,80
133,80
133,80
133,80
133,80
133,80
133,80
133,80
133,80
133,80
133,80
134,80
134,80
134,80
134,80
134,80
134,80
134,80
135,81
135,81
135,81
135,81
135,81
135,81
135,80
135,80
135,80
135,80
135,80
135,80
136,80
136,80
136,80
136,80
136,80
136,80
136,80
137,80
137,80
137,80
137,80
137,80
137,80
137,79
137,79
137,79
137,79
137,79
137,79
138,80
138,80
138,80
138,80
138,80
138,80
138,80
138,80
138,80
138,80
138,80
138,80
138,80
139,80
139,80
139,80
139,80
139,80
139,80
140,80
140,80
140,80
140,80
140,80
140,80
140,80
140,80
140,80
140,80
140,80
140,80
140,80
141,79
141,79
141,79
141,79
141,79
141,79
142,80
142,80
142,80
142,80
142,80
142,80
142,80
142,80
142,80
142,80
142,80
142,80
142,80
143,80
143,80
143,80
143,80
143,80
143,80
143,80
143,80
143,80
143,80
143,80
143,80
144,81
144,81
144,81
144,81
144,81
144,81
145,80
145,80
145,80
145,80
145,80
145,80
145,80
145,80
145,80
145,80
145,80
145,80
145,80
146,80
146,80
146,80
146,80
146,80
146,80
147,80
147,80
147,80
147,80
147,80
147,80
147,80
147,80
147,80
147,80
147,80
147,80
147,80
148,80
148,80
148,80
148,80
148,80
148,80
149,80
149,80
149,80
149,80
149,80
149,80
149,80
149,80
149,80
149,80
149,80
149,80
149,80
150,80
150,80
150,80
150,80
150,80
150,80
150,80
150,80
150,80
150,80
150,80
150,80
151,80
151,80
151,80
151,80
151,80
151,80
151,80
152,80
152,80
152,80
152,80
152,80
152,80
152,80
152,80
152,80
152,80
152,80
152,80
153,80
153,80
153,80
153,80
153,80
153,80
153,80
154,80
154,80
154,80
154,80
154,80
154,80
154,80
154,80
154,80
154,80
154,80
154,80
155,80
155,80
155,80
155,80
155,80
155,80
155,80
155,80
155,80
155,80
155,80
155,80
155,80
156,80
156,80
156,80
156,80
156,80
156,80
157,80
157,80
157,80
157,80
157,80
157,80
157,79
157,79
157,79
157,79
157,79
157,79
157,79
158,80
158,80
158,80
158,80
158,80
158,80
159,80
159,80
159,80
159,80
159,80
159,80
159,80
159,80
159,80
159,80
159,80
159,80
159,80
160,80
160,80
160,80
160,80
160,80
160,80
160,80
160,80
160,80
160,80
160,80
160,80
161,80
161,80
161,80
161,80
161,80
161,80
162,80
162,80
162,80
162,80
162,80
162,80
162,80
162,80
162,80
162,80
162,80
162,80
162,80
163,80
163,80
163,80
163,80
163,80
163,80
164,80
164,80
164,80
164,80
164,80
164,80
164,80
164,80
164,80
164,80
164,80
164,80
164,80
165,80
165,80
165,80
165,80
165,80
165,80
166,79
166,79
166,79
166,79
166,79
166,79
166,79
166,80
166,80
166,80
166,80
166,80
166,80
167,80
167,80
167,80
167,80
167,80
167,80
167,80
167,80
167,80
167,80
167,80
167,80
168,80
168,80
168,80
168,80
168,80
168,80
168,80
169,79
169,79
169,79
169,79
169,79
169,79
169,80
169,80
169,80
169,80
169,80
169,80
170,80
170,80
170,80
170,80
170,80
170,80
170,80
171,80
171,80
171,80
171,80
171,80
171,80
171,80
171,80
171,80
171,80
171,80
171,80
172,79
172,79
172,79
172,79
172,79
172,79
172,80
172,80
172,80
172,80
172,80
172,80
172,80
173,80
173,80
173,80
173,80
173,80
173,80
174,80
174,80
174,80
174,80
174,80
174,80
174,80
174,80
174,80
174,80
174,80
174,80
174,80
175,80
175,80
175,80
175,80
175,80
175,80
176,80
176,80
176,80
176,80
176,80
176,80
176,80
176,80
176,80
176,80
176,80
176,80
176,80
177,80
177,80
177,80
177,80
177,80
177,80
178,80
178,80
178,80
178,80
178,80
178,80
178,80
178,80
178,80
178,80
178,80
178,80
179,80
179,80
179,80
179,80
179,80
179,80
179,80
179,81
179,81
179,81
179,81
179,81
179,81
180,80
180,80
180,80
180,80
180,80
180,80
181,80
181,80
181,80
181,80
181,80
181,80
181,80
181,80
181,80
181,80
181,80
181,80
181,80
182,80
182,80
182,80
182,80
182,80
182,80
183,80
183,80
183,80
183,80
183,80
183,80
183,80
183,80
183,80
183,80
183,80
183,80
183,80
184,80
184,80
184,80
184,80
184,80
184,80
184,80
184,80
184,80
184,80
184,80
184,80
185,80
185,80
185,80
185,80
185,80
185,80
185,80
186,80
186,80
186,80
186,80
186,80
186,80
186,80
186,80
186,80
186,80
186,80
186,80
187,81
187,81
187,81
187,81
187,81
187,81
187,81
188,80
188,80
188,80
188,80
188,80
188,80
188,80
188,80
188,80
188,80
188,80
188,80
189,80
189,80
189,80
189,80
189,80
189,80
190,80
190,80
190,80
190,80
190,80
190,80
190,80
190,80
190,80
190,80
190,80
190,80
190,80
191,80
191,80
191,80
191,80
191,80
191,80
191,80
191,80
191,80
191,80
191,80
191,80
191,80
192,80
192,80
192,80
192,80
192,80
192,80
193,80
193,80
193,80
193,80
193,80
193,80
193,80
193,80
193,80
193,80
193,80
193,80
193,80
194,80
194,80
194,80
194,80
194,80
194,80
195,80
195,80
195,80
195,80
195,80
195,80
195,80
195,80
195,80
195,80
195,80
195,80
196,80
196,80
196,80
196,80
196,80
196,80
196,80
196,80
196,80
196,80
196,80
196,80
196,80
197,80
197,80
197,80
197,80
197,80
197,80
198,80
198,80
198,80
198,80
198,80
198,80
198,80
198,80
198,80
198,80
198,80
198,80
198,80
199,80
199,80
199,80
199,80
199,80
199,80
200,80
200,80
200,80
200,80
200,80
200,80
200,80
200,80
200,80
200,80
200,80
200,80
200,80
201,80
201,80
201,80
201,80
201,80
201,80
202,80
202,80
202,80
202,80
202,80
202,80
202,80
202,80
202,80
202,80
202,80
202,80
202,80
203,80
203,80
203,80
203,80
203,80
203,80
203,80
203,80
203,80
203,80
203,80
203,80
204,80
204,80
204,80
204,80
204,80
204,80
204,80
205,80
205,80
205,80
205,80
205,80
205,80
205,80
205,80
205,80
205,80
205,80
205,80
206,80
206,80
206,80
206,80
206,80
206,80
207,80
207,80
207,80
207,80
207,80
207,80
207,80
207,80
207,80
207,80
207,80
207,80
207,80
208,80
208,80
208,80
208,80
208,80
208,80
208,80
208,80
208,80
208,80
208,80
208,80
208,80
209,80
209,80
209,80
209,80
209,80
209,80
210,80
210,80
210,80
210,80
210,80
210,80
210,81
210,81
210,81
210,81
210,81
210,81
210,81
211,80
211,80
211,80
211,80
211,80
211,80
212,80
212,80
212,80
212,80
212,80
212,80
212,80
212,80
212,80
212,80
212,80
212,80
213,80
213,80
213,80
213,80
213,80
213,80
213,80
214,80
214,80
214,80
214,80
214,80
214,80
214,80
214,80
214,80
214,80
214,80
214,80
215,80
215,80
215,80
215,80
215,80
215,80
215,80
215,80
215,80
215,80
215,80
215,80
215,80
216,80
216,80
216,80
216,80
216,80
216,80
217,80
217,80
217,80
217,80
217,80
217,80
217,80
217,80
217,80
217,80
217,80
217,80
217,80
218,80
218,80
218,80
218,80
218,80
218,80
219,80
219,80
219,80
219,80
219,80
219,80
219,80
219,80
219,80
219,80
219,80
219,80
219,80
220,80
220,80
220,80
220,80
220,80
220,80
220,80
220,80
220,80
220,80
220,80
220,80
221,80
221,80
221,80
221,80
221,80
221,80
221,80
222,80
222,80
222,80
222,80
222,80
222,80
222,79
222,79
222,79
222,79
222,79
222,79
223,80
223,80
223,80
223,80
223,80
223,80
224,80
224,80
224,80
224,80
224,80
224,80
224,80
224,80
224,80
224,80
224,80
224,80
224,80
225,81
225,81
225,81
225,81
225,81
225,81
225,80
225,80
225,80
225,80
225,80
225,80
225,80
226,80
226,80
226,80
226,80
226,80
226,80
227,80
227,80
227,80
227,80
227,80
227,80
227,80
227,80
227,80
227,80
227,80
227,80
227,80
228,80
228,80
228,80
228,80
228,80
228,80
229,80
229,80
229,80
229,80
229,80
229,80
229,80
229,80
229,80
229,80
229,80
229,80
230,80
230,80
230,80
230,80
230,80
230,80
230,80
231,80
231,80
231,80
231,80
231,80
231,80
231,80
231,80
231,80
231,80
231,80
231,80
232,80
232,80
232,80
232,80
232,80
232,80
232,80
232,80
232,80
232,80
232,80
232,80
232,80
233,80
233,80
233,80
233,80
233,80
233,80
234,80
234,80
234,80
234,80
234,80
234,80
234,80
234,80
234,80
234,80
234,80
234,80
234,80
235,80
235,80
235,80
235,80
235,80
235,80
236,80
236,80
236,80
236,80
236,80
236,80
236,80
236,80
236,80
236,80
236,80
236,80
236,80
237,80
237,80
237,80
237,80
237,80
237,80
237,81
237,81
237,81
237,81
237,81
237,81
238,80
238,80
238,80
238,80
238,80
238,80
238,80
239,80
239,80
239,80
239,80
239,80
239,80
239,80
239,80
239,80
239,80
239,80
239,80
240,80
240,80
240,80
240,80
240,80
240,80
241,80
241,80
241,80
241,80
241,80
241,80
241,80
241,80
241,80
241,80
241,80
241,80
241,80
242,80
242,80
242,80
242,80
242,80
242,80
243,80
243,80
243,80
243,80
243,80
243,80
243,80
243,80
243,80
243,80
243,80
243,80
243,80
244,80
244,80
244,80
244,80
244,80
244,80
244,80
244,80
244,80
244,80
244,80
244,80
244,80
245,80
245,80
245,80
245,80
245,80
245,80
246,80
246,80
246,80
246,80
246,80
246,80
246,80
246,80
246,80
246,80
246,80
246,80
247,80
247,80
247,80
247,80
247,80
247,80
247,80
248,80
248,80
248,80
248,80
248,80
248,80
248,80
248,80
248,80
248,80
248,80
248,80
249,80
249,80
249,80
249,80
249,80
249,80
249,80
249,80
249,80
249,80
249,80
249,80
249,80
250,80
250,80
250,80
250,80
250,80
250,80
251,80
251,80
251,80
251,80
251,80
251,80
251,80
251,80
251,80
251,80
251,80
251,80
251,80
252,80
252,80
252,80
252,80
252,80
252,80
253,80
253,80
253,80
253,80
253,80
253,80
253,80
253,80
253,80
253,80
253,80
253,80
253,80
254,80
254,80
254,80
254,80
254,80
254,80
255,80
255,80
255,80
255,80
255,80
255,80
255,80
255,80
255,80
255,80
255,80
255,80
255,80
256,80
256,80
256,80
256,80
256,80
256,80
256,80
256,80
256,80
256,80
256,80
256,80
257,80
257,80
257,80
257,80
257,80
257,80
257,80
258,80
258,80
258,80
258,80
258,80
258,80
258,80
258,80
258,80
258,80
258,80
258,80
259,80
259,80
259,80
259,80
259,80
259,80
260,80
260,80
260,80
260,80
260,80
260,80
260,80
260,80
260,80
260,80
260,80
260,80
260,80
261,80
261,80
261,80
261,80
261,80
261,80
261,80
261,80
261,80
261,80
261,80
261,80
261,80
262,81
262,81
262,81
262,81
262,81
262,81
263,81
263,81
263,81
263,81
263,81
263,81
263,80
263,80
263,80
263,80
263,80
263,80
264,80
264,80
264,80
264,80
264,80
264,80
264,80
265,80
265,80
265,80
265,80
265,80
265,80
265,80
265,80
265,80
265,80
265,80
265,80
266,80
266,80
266,80
266,80
266,80
266,80
266,80
267,80
267,80
267,80
267,80
267,80
267,80
267,80
267,80
267,80
267,80
267,80
267,80
268,80
268,80
268,80
268,80
268,80
268,80
268,80
268,80
268,80
268,80
268,80
268,80
268,80
269,80
269,80
269,80
269,80
269,80
269,80
270,80
270,80
270,80
270,80
270,80
270,80
270,80
270,80
270,80
270,80
270,80
270,80
270,80
271,80
271,80
271,80
271,80
271,80
271,80
272,80
272,80
272,80
272,80
272,80
272,80
272,80
272,80
272,80
272,80
272,80
272,80
272,80
273,80
273,80
273,80
273,80
273,80
273,80
273,80
273,80
273,80
273,80
273,80
273,80
274,80
274,80
274,80
274,80
274,80
274,80
275,80
275,80
275,80
275,80
275,80
275,80
275,80
275,81
275,81
275,81
275,81
275,81
275,81
276,80
276,80
276,80
276,80
276,80
276,80
277,80
277,80
277,80
277,80
277,80
277,80
277,80
277,80
277,80
277,80
277,80
277,80
277,80
278,80
278,80
278,80
278,80
278,80
278,80
279,80
279,80
279,80
279,80
279,80
279,80
279,80
279,80
279,80
279,80
279,80
279,80
279,80
280,80
280,80
280,80
280,80
280,80
280,80
280,81
280,81
280,81
280,81
280,81
280,81
281,80
281,80
281,80
281,80
281,80
281,80
281,80
282,80
282,80
282,80
282,80
282,80
282,80
282,80
282,80
282,80
282,80
282,80
282,80
283,80
283,80
283,80
283,80
283,80
283,80
283,80
284,80
284,80
284,80
284,80
284,80
284,80
284,80
284,80
284,80
284,80
284,80
284,80
285,80
285,80
285,80
285,80
285,80
285,80
285,80
285,80
285,80
285,80
285,80
285,80
285,80
286,80
286,80
286,80
286,80
286,80
286,80
287,81
287,81
287,81
287,81
287,81
287,81
287,80
287,80
287,80
287,80
287,80
287,80
287,80
288,80
288,80
288,80
288,80
288,80
288,80
289,81
289,81
289,81
289,81
289,81
289,81
289,80
289,80
289,80
289,80
289,80
289,80
289,80
290,80
290,80
290,80
290,80
290,80
290,80
290,80
290,80
290,80
290,80
290,80
290,80
291,80
291,80
291,80
291,80
291,80
291,80
292,80
292,80
292,80
292,80
292,80
292,80
292,80
292,80
292,80
292,80
292,80
292,80
292,80
293,80
293,80
293,80
293,80
293,80
293,80
294,81
294,81
294,81
294,81
294,81
294,81
294,81
294,80
294,80
294,80
294,80
294,80
294,80
295,80
295,80
295,80
295,80
295,80
295,80
296,80
296,80
296,80
296,80
296,80
296,80
296,80
296,80
296,80
296,80
296,80
296,80
296,80
297,80
297,80
297,80
297,80
297,80
297,80
297,80
297,80
297,80
297,80
297,80
297,80
298,80
298,80
298,80
298,80
298,80
298,80
298,80
299,80
299,80
299,80
299,80
299,80
299,80
299,80
299,80
299,80
299,80
299,80
299,80
300,80
300,80
300,80
300,80
300,80
300,80
300,80
301,80
301,80
301,80
301,80
301,80
301,80
301,81
301,81
301,81
301,81
301,81
301,81
302,80
302,80
302,80
302,80
302,80
302,80
302,80
302,80
302,80
302,80
302,80
302,80
302,80
303,80
303,80
303,80
303,80
303,80
303,80
304,80
304,80
304,80
304,80
304,80
304,80
304,80
304,80
304,80
304,80
304,80
304,80
304,80
305,80
305,80
305,80
305,80
305,80
305,80
306,80
306,80
306,80
306,80
306,80
306,80
306,80
306,80
306,80
306,80
306,80
306,80
306,80
307,80
307,80
307,80
307,80
307,80
307,80
308,80
308,80
308,80
308,80
308,80
308,80
308,80
308,80
308,80
308,80
308,80
308,80
309,80
309,80
309,80
309,80
309,80
309,80
309,80
309,80
309,80
309,80
309,80
309,80
309,80
310,80
310,80
310,80
310,80
310,80
310,80
311,80
311,80
311,80
311,80
311,80
311,80
311,80
311,80
311,80
311,80
311,80
311,80
311,80
312,80
312,80
312,80
312,80
312,80
312,80
313,80
313,80
313,80
313,80
313,80
313,80
313,80
313,80
313,80
313,80
313,80
313,80
313,80
314,80
314,80
314,80
314,80
314,80
314,80
314,80
314,80
314,80
314,80
314,80
314,80
315,80
315,80
315,80
315,80
315,80
315,80
315,80
316,80
316,80
316,80
316,80
316,80
316,80
316,80
316,80
316,80
316,80
316,80
316,80
317,80
317,80
317,80
317,80
317,80
317,80
317,80
318,80
318,80
318,80
318,80
318,80
318,80
318,80
318,80
318,80
318,80
318,80
318,80
319,80
319,80
319,80
319,80
319,80
319,80
319,80
320,80
320,80
320,80
320,80
320,80
320,80
320,80
320,80
320,80
320,80
320,80
320,80
321,80
321,80
321,80
321,80
321,80
321,80
321,80
321,80
321,80
321,80
321,80
321,80
321,80
322,80
322,80
322,80
322,80
322,80
322,80
323,80
323,80
323,80
323,80
323,80
323,80
323,80
323,80
323,80
323,80
323,80
323,80
323,80
324,80
324,80
324,80
324,80
324,80
324,80
325,80
325,80
325,80
325,80
325,80
325,80
325,80
325,80
325,80
325,80
325,80
325,80
326,80
326,80
326,80
326,80
326,80
326,80
326,80
326,80
326,80
326,80
326,80
326,80
326,80
327,80
327,80
327,80
327,80
327,80
327,80
328,80
328,80
328,80
328,80
328,80
328,80
328,80
328,80
328,80
328,80
328,80
328,80
328,80
329,80
329,80
329,80
329,80
329,80
329,80
330,80
330,80
330,80
330,80
330,80
330,80
330,80
330,81
330,81
330,81
330,81
330,81
330,81
331,80
331,80
331,80
331,80
331,80
331,80
332,80
332,80
332,80
332,80
332,80
332,80
332,80
332,80
332,80
332,80
332,80
332,80
332,80
333,80
333,80
333,80
333,80
333,80
333,80
333,79
333,79
333,79
333,79
333,79
333,79
334,80
334,80
334,80
334,80
334,80
334,80
334,80
335,80
335,80
335,80
335,80
335,80
335,80
335,80
335,80
335,80
335,80
335,80
335,80
336,80
336,80
336,80
336,80
336,80
336,80
336,80
337,80
337,80
337,80
