0,0
0,75
0,75
0,75
0,75
0,75
0,75
0,75
0,75
0,75
0,75
0,75
0,75
0,75
1,75
1,75
1,75
1,75
1,75
1,75
1,75
1,75
1,75
1,75
1,75
1,75
1,75
2,75
2,75
2,75
2,75
2,75
2,75
3,75
3,75
3,75
3,75
3,75
3,75
3,75
3,75
3,75
3,75
3,75
3,75
4,75
4,75
4,75
4,75
4,75
4,75
4,75
5,75
5,75
5,75
5,75
5,75
5,75
5,75
5,75
5,75
5,75
5,75
5,75
6,75
6,75
6,75
6,75
6,75
6,75
6,75
7,75
7,75
7,75
7,75
7,75
7,75
7,75
7,75
7,75
7,75
7,75
7,75
8,75
8,75
8,75
8,75
8,75
8,75
8,75
8,75
8,75
8,75
8,75
8,75
8,75
9,75
9,75
9,75
9,75
9,75
9,75
10,76
10,76
10,76
10,76
10,76
10,76
10,75
10,75
10,75
10,75
10,75
10,75
10,75
11,75
11,75
11,75
11,75
11,75
11,75
12,75
12,75
12,75
12,75
12,75
12,75
12,75
12,75
12,75
12,75
12,75
12,75
12,75
13,75
13,75
13,75
13,75
13,75
13,75
13,75
13,75
13,75
13,75
13,75
13,75
14,75
14,75
14,75
14,75
14,75
14,75
15,75
15,75
15,75
15,75
15,75
15,75
15,75
15,75
15,75
15,75
15,75
15,75
15,75
16,75
16,75
16,75
16,75
16,75
16,75
17,75
17,75
17,75
17,75
17,75
17,75
17,75
17,75
17,75
17,75
17,75
17,75
17,75
18,75
18,75
18,75
18,75
18,75
18,75
19,75
19,75
19,75
19,75
19,75
19,75
19,75
19,75
19,75
19,75
19,75
19,75
19,75
20,75
20,75
20,75
20,75
20,75
20,75
20,76
20,76
20,76
20,76
20,76
20,76
21,75
21,75
21,75
21,75
21,75
21,75
21,75
22,75
22,75
22,75
22,75
22,75
22,75
22,75
22,75
22,75
22,75
22,75
22,75
23,75
23,75
23,75
23,75
23,75
23,75
23,75
24,75
24,75
24,75
24,75
24,75
24,75
24,75
24,75
24,75
24,75
24,75
24,75
25,75
25,75
25,75
25,75
25,75
25,75
25,75
25,75
25,75
25,75
25,75
25,75
25,75
26,75
26,75
26,75
26,75
26,75
26,75
27,75
27,75
27,75
27,75
27,75
27,75
27,75
27,75
27,75
27,75
27,75
27,75
27,75
28,75
28,75
28,75
28,75
28,75
28,75
29,75
29,75
29,75
29,75
29,75
29,75
29,75
29,75
29,75
29,75
29,75
29,75
30,75
30,75
30,75
30,75
30,75
30,75
30,75
31,75
31,75
31,75
31,75
31,75
31,75
31,75
31,75
31,75
31,75
31,75
31,75
32,75
32,75
32,75
32,75
32,75
32,75
32,75
32,75
32,75
32,75
32,75
32,75
32,75
33,75
33,75
33,75
33,75
33,75
33,75
34,76
34,76
34,76
34,76
34,76
34,76
34,76
34,75
34,75
34,75
34,75
34,75
34,75
35,75
35,75
35,75
35,75
35,75
35,75
36,75
36,75
36,75
36,75
36,75
36,75
36,75
36,75
36,75
36,75
36,75
36,75
36,75
37,75
37,75
37,75
37,75
37,75
37,75
37,75
37,75
37,75
37,75
37,75
37,75
38,76
38,76
38,76
38,76
38,76
38,76
38,76
39,75
39,75
39,75
39,75
39,75
39,75
39,76
39,76
39,76
39,76
39,76
39,76
40,75
40,75
40,75
40,75
40,75
40,75
40,75
41,75
41,75
41,75
41,75
41,75
41,75
41,75
41,75
41,75
41,75
41,75
41,75
42,75
42,75
42,75
42,75
42,75
42,75
42,75
42,75
42,75
42,75
42,75
42,75
42,75
43,75
43,75
43,75
43,75
43,75
43,75
44,75
44,75
44,75
44,75
44,75
44,75
44,75
44,75
44,75
44,75
44,75
44,75
44,75
45,75
45,75
45,75
45,75
45,75
45,75
46,76
46,76
46,76
46,76
46,76
46,76
46,75
46,75
46,75
46,75
46,75
46,75
47,75
47,75
47,75
47,75
47,75
47,75
47,75
48,75
48,75
48,75
48,75
48,75
48,75
48,75
48,75
48,75
48,75
48,75
48,75
49,76
49,76
49,76
49,76
49,76
49,76
49,76
49,76
49,76
49,76
49,76
49,76
49,76
50,75
50,75
50,75
50,75
50,75
50,75
51,75
51,75
51,75
51,75
51,75
51,75
51,75
51,75
51,75
51,75
51,75
51,75
51,75
52,75
52,75
52,75
52,75
52,75
52,75
53,75
53,75
53,75
53,75
53,75
53,75
53,76
53,76
53,76
53,76
53,76
53,76
53,76
54,76
54,76
54,76
54,76
54,76
54,76
54,75
54,75
54,75
54,75
54,75
54,75
55,75
55,75
55,75
55,75
55,75
55,75
55,75
56,75
56,75
56,75
56,75
56,75
56,75
56,76
56,76
56,76
56,76
56,76
56,76
57,75
57,75
57,75
57,75
57,75
57,75
57,75
58,75
58,75
58,75
58,75
58,75
58,75
58,75
58,75
58,75
58,75
58,75
58,75
59,76
59,76
59,76
59,76
59,76
59,76
60,75
60,75
60,75
60,75
60,75
60,75
60,75
60,75
60,75
60,75
60,75
60,75
60,75
61,75
61,75
61,75
61,75
61,75
61,75
61,75
61,75
61,75
61,75
61,75
61,75
61,75
62,75
62,75
62,75
62,75
62,75
62,75
63,75
63,75
63,75
63,75
63,75
63,75
63,75
63,75
63,75
63,75
63,75
63,75
64,75
64,75
64,75
64,75
64,75
64,75
64,75
65,75
65,75
65,75
65,75
65,75
65,75
65,75
65,75
65,75
65,75
65,75
65,75
66,75
66,75
66,75
66,75
66,75
66,75
66,75
66,75
66,75
66,75
66,75
66,75
66,75
67,75
67,75
67,75
67,75
67,75
67,75
68,76
68,76
68,76
68,76
68,76
68,76
68,76
68,76
68,76
68,76
68,76
68,76
68,76
69,75
69,75
69,75
69,75
69,75
69,75
70,76
70,76
70,76
70,76
70,76
70,76
70,75
70,75
70,75
70,75
70,75
70,75
70,75
71,75
71,75
71,75
71,75
71,75
71,75
72,75
72,75
72,75
72,75
72,75
72,75
72,75
72,75
72,75
72,75
72,75
72,75
72,75
73,76
73,76
73,76
73,76
73,76
73,76
73,76
73,76
73,76
73,76
73,76
73,76
74,75
74,75
74,75
74,75
74,75
74,75
74,75
75,75
75,75
75,75
75,75
75,75
75,75
75,75
75,75
75,75
75,75
75,75
75,75
76,75
76,75
76,75
76,75
76,75
76,75
77,75
77,75
77,75
77,75
77,75
77,75
77,75
77,76
77,76
77,76
77,76
77,76
77,76
78,76
78,76
78,76
78,76
78,76
78,76
78,75
78,75
78,75
78,75
78,75
78,75
78,75
79,75
79,75
79,75
79,75
79,75
79,75
80,75
80,75
80,75
80,75
80,75
80,75
80,75
80,75
80,75
80,75
80,75
80,75
80,75
81,76
81,76
81,76
81,76
81,76
81,76
82,75
82,75
82,75
82,75
82,75
82,75
82,76
82,76
82,76
82,76
82,76
82,76
83,75
83,75
83,75
83,75
83,75
83,75
83,75
84,75
84,75
84,75
84,75
84,75
84,75
84,76
84,76
84,76
84,76
84,76
84,76
85,75
85,75
85,75
85,75
85,75
85,75
85,75
85,75
85,75
85,75
85,75
85,75
85,75
86,75
86,75
86,75
86,75
86,75
86,75
87,76
87,76
87,76
87,76
87,76
87,76
87,76
87,76
87,76
87,76
87,76
87,76
87,76
88,75
88,75
88,75
88,75
88,75
88,75
89,75
89,75
89,75
89,75
89,75
89,75
89,75
89,75
89,75
89,75
89,75
89,75
89,75
90,75
90,75
90,75
90,75
90,75
90,75
90,76
90,76
90,76
90,76
90,76
90,76
91,76
91,76
91,76
91,76
91,76
91,76
91,76
92,75
92,75
92,75
92,75
92,75
92,75
92,75
92,75
92,75
92,75
92,75
92,75
93,75
93,75
93,75
93,75
93,75
93,75
93,75
94,75
94,75
94,75
94,75
94,75
94,75
94,75
94,75
94,75
94,75
94,75
94,75
95,76
95,76
95,76
95,76
95,76
95,76
96,75
96,75
96,75
96,75
96,75
96,75
96,75
96,75
96,75
96,75
96,75
96,75
96,75
97,75
97,75
97,75
97,75
97,75
97,75
97,75
97,75
97,75
97,75
97,75
97,75
97,75
98,76
98,76
98,76
98,76
98,76
98,76
99,76
99,76
99,76
99,76
99,76
99,76
99,75
99,75
99,75
99,75
99,75
99,75
100,76
100,76
100,76
100,76
100,76
100,76
100,76
101,75
101,75
101,75
101,75
101,75
101,75
101,76
101,76
101,76
101,76
101,76
101,76
102,75
102,75
102,75
102,75
102,75
102,75
102,75
102,75
102,75
102,75
102,75
102,75
102,75
103,75
103,75
103,75
103,75
103,75
103,75
104,76
104,76
104,76
104,76
104,76
104,76
104,76
104,75
104,75
104,75
104,75
104,75
104,75
105,75
105,75
105,75
105,75
105,75
105,75
106,76
106,76
106,76
106,76
106,76
106,76
106,75
106,75
106,75
106,75
106,75
106,75
106,75
107,75
107,75
107,75
107,75
107,75
107,75
107,75
107,75
107,75
107,75
107,75
107,75
108,75
108,75
108,75
108,75
108,75
108,75
108,75
109,75
109,75
109,75
109,75
109,75
109,75
109,75
109,75
109,75
109,75
109,75
109,75
110,75
110,75
110,75
110,75
110,75
110,75
110,75
111,75
111,75
111,75
111,75
111,75
111,75
111,76
111,76
111,76
111,76
111,76
111,76
112,76
112,76
112,76
112,76
112,76
112,76
113,75
113,75
113,75
113,75
113,75
113,75
113,75
113,75
113,75
113,75
113,75
113,75
113,75
114,76
114,76
114,76
114,76
114,76
114,76
114,75
114,75
114,75
114,75
114,75
114,75
114,75
115,75
115,75
115,75
115,75
115,75
115,75
116,75
116,75
116,75
116,75
116,75
116,75
116,75
116,75
116,75
116,75
116,75
116,75
117,75
117,75
117,75
117,75
117,75
117,75
117,75
118,76
118,76
118,76
118,76
118,76
118,76
118,75
118,75
118,75
118,75
118,75
118,75
119,75
119,75
119,75
119,75
119,75
119,75
119,75
119,75
119,75
119,75
119,75
119,75
119,75
120,75
120,75
120,75
120,75
120,75
120,75
121,76
121,76
121,76
121,76
121,76
121,76
121,75
121,75
121,75
121,75
121,75
121,75
121,75
122,75
122,75
122,75
122,75
122,75
122,75
123,75
123,75
123,75
123,75
123,75
123,75
123,76
123,76
123,76
123,76
123,76
123,76
123,76
124,75
124,75
124,75
124,75
124,75
124,75
125,75
125,75
125,75
125,75
125,75
125,75
125,75
125,75
125,75
125,75
125,75
125,75
125,75
126,76
126,76
126,76
126,76
126,76
126,76
126,75
126,75
126,75
126,75
126,75
126,75
127,76
127,76
127,76
127,76
127,76
127,76
128,75
128,75
128,75
128,75
128,75
128,75
128,75
128,75
128,75
128,75
128,75
128,75
128,75
129,75
129,75
129,75
129,75
129,75
129,75
130,75
130,75
130,75
130,75
130,75
130,75
130,75
130,75
130,75
130,75
130,75
130,75
130,75
131,75
131,75
131,75
131,75
131,75
131,75
131,75
131,75
131,75
131,75
131,75
131,75
131,75
132,75
132,75
132,75
132,75
132,75
132,75
133,75
133,75
133,75
133,75
133,75
133,75
133,75
133,75
133,75
133,75
133,75
133,75
134,75
134,75
134,75
134,75
134,75
134,75
134,75
135,76
135,76
135,76
135,76
135,76
135,76
135,75
135,75
135,75
135,75
135,75
135,75
136,75
136,75
136,75
136,75
136,75
136,75
136,75
137,75
137,75
137,75
137,75
137,75
137,75
137,76
137,76
137,76
137,76
137,76
137,76
138,75
138,75
138,75
138,75
138,75
138,75
138,75
138,75
138,75
138,75
138,75
138,75
138,75
139,75
139,75
139,75
139,75
139,75
139,75
140,75
140,75
140,75
140,75
140,75
140,75
140,75
140,75
140,75
140,75
140,75
140,75
140,75
141,75
141,75
141,75
141,75
141,75
141,75
142,76
142,76
142,76
142,76
142,76
142,76
142,75
142,75
142,75
142,75
142,75
142,75
142,75
143,75
143,75
143,75
143,75
143,75
143,75
143,75
143,75
143,75
143,75
143,75
143,75
144,75
144,75
144,75
144,75
144,75
144,75
145,75
145,75
145,75
145,75
145,75
145,75
145,75
145,75
145,75
145,75
145,75
145,75
145,75
146,75
146,75
146,75
146,75
146,75
146,75
147,75
147,75
147,75
147,75
147,75
147,75
147,75
147,75
147,75
147,75
147,75
147,75
147,75
148,75
148,75
148,75
148,75
148,75
148,75
149,75
149,75
149,75
149,75
149,75
149,75
149,75
149,75
149,75
149,75
149,75
149,75
149,75
150,75
150,75
150,75
150,75
150,75
150,75
150,75
150,75
150,75
150,75
150,75
150,75
151,76
151,76
151,76
151,76
151,76
151,76
151,76
152,75
152,75
152,75
152,75
152,75
152,75
152,75
152,75
152,75
152,75
152,75
152,75
153,76
153,76
153,76
153,76
153,76
153,76
153,76
154,75
154,75
154,75
154,75
154,75
154,75
154,75
154,75
154,75
154,75
154,75
154,75
155,75
155,75
155,75
155,75
155,75
155,75
155,75
155,75
155,75
155,75
155,75
155,75
155,75
156,75
156,75
156,75
156,75
156,75
156,75
157,75
157,75
157,75
157,75
157,75
157,75
157,76
157,76
157,76
157,76
157,76
157,76
157,76
158,76
158,76
158,76
158,76
158,76
158,76
159,75
159,75
159,75
159,75
159,75
159,75
159,76
159,76
159,76
159,76
159,76
159,76
159,76
160,75
160,75
160,75
160,75
160,75
160,75
160,75
160,75
160,75
160,75
160,75
160,75
161,75
161,75
161,75
161,75
161,75
161,75
162,75
162,75
162,75
162,75
162,75
162,75
162,75
162,75
162,75
162,75
162,75
162,75
162,75
163,75
163,75
163,75
163,75
163,75
163,75
164,75
164,75
164,75
164,75
164,75
164,75
164,75
164,75
164,75
164,75
164,75
164,75
164,75
165,76
165,76
165,76
165,76
165,76
165,76
166,75
166,75
166,75
166,75
166,75
166,75
166,75
166,75
166,75
166,75
166,75
166,75
166,75
167,75
167,75
167,75
167,75
167,75
167,75
167,75
167,75
167,75
167,75
167,75
167,75
168,75
168,75
168,75
168,75
168,75
168,75
168,75
169,76
169,76
169,76
169,76
169,76
169,76
169,75
169,75
169,75
169,75
169,75
169,75
170,75
170,75
170,75
170,75
170,75
170,75
170,75
171,75
171,75
171,75
171,75
171,75
171,75
171,75
171,75
171,75
171,75
171,75
171,75
172,75
172,75
172,75
172,75
172,75
172,75
172,76
172,76
172,76
172,76
172,76
172,76
172,76
173,75
173,75
173,75
173,75
173,75
173,75
174,75
174,75
174,75
174,75
174,75
174,75
174,75
174,75
174,75
174,75
174,75
174,75
174,75
175,75
175,75
175,75
175,75
175,75
175,75
176,75
176,75
176,75
176,75
176,75
176,75
176,75
176,75
176,75
176,75
176,75
176,75
176,75
177,75
177,75
177,75
177,75
177,75
177,75
178,75
178,75
178,75
178,75
178,75
178,75
178,75
178,75
178,75
178,75
178,75
178,75
179,75
179,75
179,75
179,75
179,75
179,75
179,75
179,75
179,75
179,75
179,75
179,75
179,75
180,75
180,75
180,75
180,75
180,75
180,75
181,75
181,75
181,75
181,75
181,75
181,75
181,75
181,75
181,75
181,75
181,75
181,75
181,75
182,75
182,75
182,75
182,75
182,75
182,75
183,75
183,75
183,75
183,75
183,75
183,75
183,76
183,76
183,76
183,76
183,76
183,76
183,76
184,75
184,75
184,75
184,75
184,75
184,75
184,75
184,75
184,75
184,75
184,75
184,75
185,75
185,75
185,75
185,75
185,75
185,75
185,75
186,75
186,75
186,75
186,75
186,75
186,75
186,75
186,75
186,75
186,75
186,75
186,75
187,75
187,75
187,75
187,75
187,75
187,75
187,75
188,75
188,75
188,75
188,75
188,75
188,75
188,75
188,75
188,75
188,75
188,75
188,75
189,75
189,75
189,75
189,75
189,75
189,75
190,75
190,75
190,75
190,75
190,75
190,75
190,75
190,76
190,76
190,76
190,76
190,76
190,76
191,75
191,75
191,75
191,75
191,75
191,75
191,75
191,75
191,75
191,75
191,75
191,75
191,75
192,75
192,75
192,75
192,75
192,75
192,75
193,75
193,75
193,75
193,75
193,75
193,75
193,74
193,74
193,74
193,74
193,74
193,74
193,74
194,75
194,75
194,75
194,75
194,75
194,75
195,75
195,75
195,75
195,75
195,75
195,75
195,76
195,76
195,76
195,76
195,76
195,76
196,75
196,75
196,75
196,75
196,75
196,75
196,75
196,75
196,75
196,75
196,75
196,75
196,75
197,75
197,75
197,75
197,75
197,75
197,75
198,75
198,75
198,75
198,75
198,75
198,75
198,75
198,75
198,75
198,75
198,75
198,75
198,75
199,75
199,75
199,75
199,75
199,75
199,75
200,75
200,75
200,75
200,75
200,75
200,75
200,75
200,75
200,75
200,75
200,75
200,75
200,75
201,75
201,75
201,75
201,75
201,75
201,75
202,75
202,75
202,75
202,75
202,75
202,75
202,75
202,75
202,75
202,75
202,75
202,75
202,75
203,75
203,75
203,75
203,75
203,75
203,75
203,75
203,75
203,75
203,75
203,75
203,75
204,75
204,75
204,75
204,75
204,75
204,75
204,75
205,75
205,75
205,75
205,75
205,75
205,75
205,75
205,75
205,75
205,75
205,75
205,75
206,75
206,75
206,75
206,75
206,75
206,75
207,75
207,75
207,75
207,75
207,75
207,75
207,75
207,76
207,76
207,76
207,76
207,76
207,76
208,75
208,75
208,75
208,75
208,75
208,75
208,75
208,75
208,75
208,75
208,75
208,75
208,75
209,75
209,75
209,75
209,75
209,75
209,75
210,75
210,75
210,75
210,75
210,75
210,75
210,75
210,75
210,75
210,75
210,75
210,75
210,75
211,75
211,75
211,75
211,75
211,75
211,75
212,75
212,75
212,75
212,75
212,75
212,75
212,75
212,75
212,75
212,75
212,75
212,75
213,75
213,75
213,75
213,75
213,75
213,75
213,75
214,75
214,75
214,75
214,75
214,75
214,75
214,75
214,75
214,75
214,75
214,75
214,75
215,75
215,75
215,75
215,75
215,75
215,75
215,75
215,75
215,75
215,75
215,75
215,75
215,75
216,75
216,75
216,75
216,75
216,75
216,75
217,75
217,75
217,75
217,75
217,75
217,75
217,75
217,75
217,75
217,75
217,75
217,75
217,75
218,75
218,75
218,75
218,75
218,75
218,75
219,75
219,75
219,75
219,75
219,75
219,75
219,75
219,75
219,75
219,75
219,75
219,75
219,75
220,75
220,75
220,75
220,75
220,75
220,75
220,75
220,75
220,75
220,75
220,75
220,75
221,75
221,75
221,75
221,75
221,75
221,75
221,75
222,75
222,75
222,75
222,75
222,75
222,75
222,75
222,75
222,75
222,75
222,75
222,75
223,75
223,75
223,75
223,75
223,75
223,75
224,75
224,75
224,75
224,75
224,75
224,75
224,75
224,75
224,75
224,75
224,75
224,75
224,75
225,75
225,75
225,75
225,75
225,75
225,75
225,75
225,75
225,75
225,75
225,75
225,75
225,75
226,75
226,75
226,75
226,75
226,75
226,75
227,75
227,75
227,75
227,75
227,75
227,75
227,75
227,75
227,75
227,75
227,75
227,75
228,75
228,75
228,75
228,75
228,75
228,75
228,75
229,75
229,75
229,75
229,75
229,75
229,75
229,75
229,75
229,75
229,75
229,75
229,75
230,75
230,75
230,75
230,75
230,75
230,75
230,75
231,76
231,76
231,76
231,76
231,76
231,76
231,75
231,75
231,75
231,75
231,75
231,75
232,75
232,75
232,75
232,75
232,75
232,75
232,75
232,75
232,75
232,75
232,75
232,75
232,75
233,75
233,75
233,75
233,75
233,75
233,75
234,75
234,75
234,75
234,75
234,75
234,75
234,75
234,75
234,75
234,75
234,75
234,75
234,75
235,75
235,75
235,75
235,75
235,75
235,75
236,75
236,75
236,75
236,75
236,75
236,75
236,75
236,75
236,75
236,75
236,75
236,75
236,75
237,75
237,75
237,75
237,75
237,75
237,75
237,75
237,75
237,75
237,75
237,75
237,75
238,75
238,75
238,75
238,75
238,75
238,75
239,75
239,75
239,75
239,75
239,75
239,75
239,75
239,75
239,75
239,75
239,75
239,75
239,75
240,75
240,75
240,75
240,75
240,75
240,75
241,75
241,75
241,75
241,75
241,75
241,75
241,75
241,75
241,75
241,75
241,75
241,75
241,75
242,75
242,75
242,75
242,75
242,75
242,75
243,75
243,75
243,75
243,75
243,75
243,75
243,75
243,75
243,75
243,75
243,75
243,75
243,75
244,75
244,75
244,75
244,75
244,75
244,75
244,75
244,75
244,75
244,75
244,75
244,75
245,75
245,75
245,75
245,75
245,75
245,75
245,75
246,75
246,75
246,75
246,75
246,75
246,75
246,75
246,75
246,75
246,75
246,75
246,75
247,75
247,75
247,75
247,75
247,75
247,75
247,75
248,75
248,75
248,75
248,75
248,75
248,75
248,75
248,75
248,75
248,75
248,75
248,75
249,75
249,75
249,75
249,75
249,75
249,75
249,75
249,75
249,75
249,75
249,75
249,75
249,75
250,75
250,75
250,75
250,75
250,75
250,75
251,75
251,75
251,75
251,75
251,75
251,75
251,74
251,74
251,74
251,74
251,74
251,74
251,74
252,75
252,75
252,75
252,75
252,75
252,75
253,75
253,75
253,75
253,75
253,75
253,75
253,75
253,75
253,75
253,75
253,75
253,75
253,75
254,75
254,75
254,75
254,75
254,75
254,75
255,75
255,75
255,75
255,75
255,75
255,75
255,75
255,75
255,75
255,75
255,75
255,75
256,75
256,75
256,75
256,75
256,75
256,75
256,75
256,75
256,75
256,75
256,75
256,75
256,75
257,75
257,75
257,75
257,75
257,75
257,75
258,75
258,75
258,75
258,75
258,75
258,75
258,75
258,75
258,75
258,75
258,75
258,75
258,75
259,75
259,75
259,75
259,75
259,75
259,75
260,75
260,75
260,75
260,75
260,75
260,75
260,75
260,75
260,75
260,75
260,75
260,75
260,75
261,75
261,75
261,75
261,75
261,75
261,75
261,75
261,75
261,75
261,75
261,75
261,75
262,75
262,75
262,75
262,75
262,75
262,75
262,75
263,75
263,75
263,75
263,75
263,75
263,75
263,75
263,75
263,75
263,75
263,75
263,75
264,75
264,75
264,75
264,75
264,75
264,75
264,75
265,75
265,75
265,75
265,75
265,75
265,75
265,75
265,75
265,75
265,75
265,75
265,75
266,75
266,75
266,75
266,75
266,75
266,75
266,75
267,75
267,75
267,75
267,75
267,75
267,75
267,75
267,75
267,75
267,75
267,75
267,75
268,75
268,75
268,75
268,75
268,75
268,75
268,75
268,75
268,75
268,75
268,75
268,75
268,75
269,75
269,75
269,75
269,75
269,75
269,75
270,75
270,75
270,75
270,75
270,75
270,75
270,75
270,75
270,75
270,75
270,75
270,75
270,75
271,75
271,75
271,75
271,75
271,75
271,75
272,75
272,75
272,75
272,75
272,75
272,75
272,75
272,75
272,75
272,75
272,75
272,75
273,74
273,74
273,74
273,74
273,74
273,74
273,74
273,74
273,74
273,74
273,74
273,74
273,74
274,75
274,75
274,75
274,75
274,75
274,75
275,75
275,75
275,75
275,75
275,75
275,75
275,75
275,75
275,75
275,75
275,75
275,75
275,75
276,75
276,75
276,75
276,75
276,75
276,75
277,75
277,75
277,75
277,75
277,75
277,75
277,75
277,74
277,74
277,74
277,74
277,74
277,74
278,75
278,75
278,75
278,75
278,75
278,75
278,75
278,75
278,75
278,75
278,75
278,75
279,75
279,75
279,75
279,75
279,75
279,75
279,75
280,75
280,75
280,75
280,75
280,75
280,75
280,75
280,75
280,75
280,75
280,75
280,75
281,75
281,75
281,75
281,75
281,75
281,75
281,75
282,75
282,75
282,75
282,75
282,75
282,75
282,75
282,75
282,75
282,75
282,75
282,75
283,75
283,75
283,75
283,75
283,75
283,75
284,75
284,75
284,75
284,75
284,75
284,75
284,75
284,75
284,75
284,75
284,75
284,75
284,75
285,75
285,75
285,75
285,75
285,75
285,75
285,74
285,74
285,74
285,74
285,74
285,74
285,74
286,75
286,75
286,75
286,75
286,75
286,75
287,75
287,75
287,75
287,75
287,75
287,75
287,74
287,74
287,74
287,74
287,74
287,74
287,74
288,74
288,74
288,74
288,74
288,74
288,74
289,75
289,75
289,75
289,75
289,75
289,75
289,75
289,75
289,75
289,75
289,75
289,75
290,75
290,75
290,75
290,75
290,75
290,75
290,75
290,75
290,75
290,75
290,75
290,75
290,75
291,75
291,75
291,75
291,75
291,75
291,75
292,75
292,75
292,75
292,75
292,75
292,75
292,75
292,75
292,75
292,75
292,75
292,75
292,75
293,75
293,75
293,75
293,75
293,75
293,75
294,75
294,75
294,75
294,75
294,75
294,75
294,75
294,75
294,75
294,75
294,75
294,75
294,75
295,75
295,75
295,75
295,75
295,75
295,75
296,75
296,75
296,75
296,75
296,75
296,75
296,75
296,75
296,75
296,75
296,75
296,75
296,75
297,75
297,75
297,75
297,75
297,75
297,75
297,75
297,75
297,75
297,75
297,75
297,75
298,75
298,75
298,75
298,75
298,75
298,75
298,75
299,75
299,75
299,75
299,75
299,75
299,75
299,75
299,75
299,75
299,75
299,75
299,75
300,75
300,75
300,75
300,75
300,75
300,75
301,74
301,74
301,74
301,74
301,74
301,74
301,74
301,75
301,75
301,75
301,75
301,75
301,75
302,75
302,75
302,75
302,75
302,75
302,75
302,75
302,75
302,75
302,75
302,75
302,75
302,75
303,75
303,75
303,75
303,75
303,75
303,75
304,75
304,75
304,75
304,75
304,75
304,75
304,74
304,74
304,74
304,74
304,74
304,74
304,74
305,74
305,74
305,74
305,74
305,74
305,74
306,75
306,75
306,75
306,75
306,75
306,75
306,75
306,75
306,75
306,75
306,75
306,75
307,75
307,75
307,75
307,75
307,75
307,75
307,75
308,75
308,75
308,75
308,75
308,75
308,75
308,75
308,75
308,75
308,75
308,75
308,75
309,75
309,75
309,75
309,75
309,75
309,75
309,75
309,75
309,75
309,75
309,75
309,75
309,75
310,75
310,75
310,75
310,75
310,75
310,75
311,75
311,75
311,75
311,75
311,75
311,75
311,75
311,75
311,75
311,75
311,75
311,75
311,75
312,75
312,75
312,75
312,75
312,75
312,75
313,75
313,75
313,75
313,75
313,75
313,75
313,75
313,75
313,75
313,75
313,75
313,75
313,75
314,75
314,75
314,75
314,75
314,75
314,75
314,75
314,75
314,75
314,75
314,75
314,75
315,75
315,75
315,75
315,75
315,75
315,75
315,75
316,75
316,75
316,75
316,75
316,75
316,75
316,75
316,75
316,75
316,75
316,75
316,75
317,75
317,75
317,75
317,75
317,75
317,75
318,75
318,75
318,75
318,75
318,75
318,75
318,75
318,75
318,75
318,75
318,75
318,75
318,75
319,75
319,75
319,75
319,75
319,75
319,75
320,75
320,75
320,75
320,75
320,75
320,75
320,75
320,75
320,75
320,75
320,75
320,75
320,75
321,75
321,75
321,75
321,75
321,75
321,75
321,75
321,75
321,75
321,75
321,75
321,75
321,75
322,75
322,75
322,75
322,75
322,75
322,75
323,74
323,74
323,74
323,74
323,74
323,74
323,75
323,75
323,75
323,75
323,75
323,75
324,74
324,74
324,74
324,74
324,74
324,74
324,74
325,75
325,75
325,75
325,75
325,75
325,75
325,74
325,74
325,74
325,74
325,74
325,74
326,75
326,75
326,75
326,75
326,75
326,75
326,75
326,75
326,75
326,75
326,75
326,75
326,75
327,75
327,75
327,75
327,75
327,75
327,75
328,74
328,74
328,74
328,74
328,74
328,74
328,74
328,74
328,74
328,74
328,74
328,74
328,74
329,75
329,75
329,75
329,75
329,75
329,75
330,75
330,75
330,75
330,75
330,75
330,75
330,75
330,75
330,75
330,75
330,75
330,75
330,75
331,75
331,75
331,75
331,75
331,75
331,75
332,75
332,75
332,75
332,75
332,75
332,75
332,75
332,75
332,75
332,75
332,75
332,75
332,75
333,75
333,75
333,75
333,75
333,75
333,75
333,75
333,75
333,75
333,75
333,75
333,75
334,75
334,75
334,75
334,75
334,75
334,75
335,75
335,75
335,75
335,75
335,75
335,75
335,75
335,75
335,75
335,75
335,75
335,75
335,75
336,75
336,75
336,75
336,75
336,75
336,75
337,75
337,75
337,75
337,75
337,75
337,75
337,75
337,75
337,75
337,75
337,75
337,75
337,75
338,75
338,75
338,75
338,75
338,75
338,75
338,75
338,75
338,75
338,75
338,75
338,75
338,75
339,75
339,75
339,75
339,75
339,75
339,75
340,75
340,75
340,75
340,75
340,75
340,75
340,75
340,75
340,75
340,75
340,75
340,75
341,75
341,75
341,75
341,75
341,75
341,75
341,75
342,75
342,75
342,75
342,75
342,75
342,75
342,75
342,75
342,75
342,75
342,75
342,75
343,75
343,75
343,75
343,75
343,75
343,75
343,75
343,75
343,75
343,75
343,75
343,75
343,75
344,75
344,75
344,75
344,75
344,75
344,75
345,74
345,74
345,74
345,74
345,74
345,74
345,75
345,75
345,75
345,75
345,75
345,75
345,75
346,74
346,74
346,74
346,74
346,74
346,74
347,75
347,75
347,75
347,75
347,75
347,75
347,74
347,74
347,74
347,74
347,74
347,74
347,74
348,75
348,75
348,75
348,75
348,75
348,75
349,75
349,75
349,75
349,75
349,75
349,75
349,75
349,75
349,75
349,75
349,75
349,75
349,75
350,74
350,74
350,74
350,74
350,74
350,74
350,75
350,75
350,75
350,75
350,75
350,75
351,74
351,74
351,74
351,74
351,74
351,74
352,75
352,75
352,75
352,75
352,75
352,75
352,75
352,75
352,75
352,75
352,75
352,75
352,75
353,75
353,75
353,75
353,75
353,75
353,75
354,75
354,75
354,75
354,75
354,75
354,75
354,75
354,75
354,75
354,75
354,75
354,75
354,75
355,75
355,75
355,75
355,75
355,75
355,75
355,75
355,75
355,75
355,75
355,75
355,75
355,75
356,75
356,75
356,75
356,75
356,75
356,75
357,74
357,74
357,74
357,74
357,74
357,74
357,75
357,75
357,75
357,75
357,75
357,75
358,74
358,74
358,74
358,74
358,74
358,74
358,74
359,75
359,75
359,75
359,75
359,75
359,75
359,74
359,74
359,74
359,74
359,74
359,74
360,75
360,75
360,75
360,75
360,75
360,75
360,75
361,74
361,74
361,74
361,74
361,74
361,74
361,75
361,75
361,75
361,75
361,75
361,75
362,74
362,74
362,74
362,74
362,74
362,74
362,75
362,75
362,75
362,75
362,75
362,75
362,75
363,75
363,75
363,75
363,75
363,75
363,75
364,75
364,75
364,75
364,75
364,75
364,75
364,75
364,75
364,75
364,75
364,75
364,75
364,75
365,75
365,75
365,75
365,75
365,75
365,75
366,74
366,74
366,74
366,74
366,74
366,74
366,74
366,74
366,74
366,74
366,74
366,74
366,74
367,75
367,75
367,75
367,75
367,75
367,75
367,74
367,74
367,74
367,74
367,74
367,74
368,75
368,75
368,75
368,75
368,75
368,75
369,75
369,75
369,75
369,75
369,75
369,75
369,75
369,75
369,75
369,75
369,75
369,75
369,75
370,75
370,75
370,75
370,75
370,75
370,75
371,74
371,74
371,74
371,74
371,74
371,74
371,74
371,74
371,74
371,74
371,74
371,74
371,74
372,75
372,75
372,75
372,75
372,75
372,75
373,74
373,74
373,74
373,74
373,74
373,74
373,74
373,74
373,74
373,74
373,74
373,74
373,74
374,75
374,75
374,75
374,75
374,75
374,75
374,75
374,75
374,75
374,75
374,75
374,75
375,75
375,75
375,75
375,75
375,75
375,75
375,75
376,74
376,74
376,74
376,74
376,74
376,74
376,75
376,75
376,75
376,75
376,75
376,75
377,74
377,74
377,74
377,74
377,74
377,74
377,74
378,75
378,75
378,75
378,75
378,75
378,75
378,74
378,74
378,74
378,74
378,74
378,74
379,74
379,74
379,74
379,74
379,74
379,74
379,75
379,75
379,75
379,75
379,75
379,75
379,75
380,74
380,74
380,74
380,74
380,74
380,74
381,74
381,74
381,74
381,74
381,74
381,74
381,74
381,74
381,74
381,74
381,74
381,74
381,74
382,75
382,75
382,75
382,75
382,75
382,75
383,74
383,74
383,74
383,74
383,74
383,74
383,74
383,74
383,74
383,74
383,74
383,74
384,74
384,74
384,74
384,74
384,74
384,74
384,74
385,75
385,75
385,75
385,75
385,75
385,75
385,74
385,74
385,74
385,74
385,74
385,74
386,74
386,74
386,74
386,74
386,74
386,74
386,74
386,75
386,75
386,75
386,75
386,75
386,75
387,74
387,74
387,74
387,74
387,74
387,74
388,75
388,75
388,75
388,75
388,75
388,75
388,75
388,75
388,75
388,75
388,75
388,75
388,75
389,75
389,75
389,75
389,75
389,75
389,75
390,74
390,74
390,74
390,74
390,74
390,74
390,74
390,74
390,74
390,74
390,74
390,74
390,74
391,75
391,75
391,75
391,75
391,75
391,75
391,74
391,74
391,74
391,74
391,74
391,74
392,74
392,74
392,74
392,74
392,74
392,74
392,74
393,75
393,75
393,75
393,75
393,75
393,75
393,74
393,74
393,74
393,74
393,74
393,74
394,74
394,74
394,74
394,74
394,74
394,74
394,74
395,75
395,75
395,75
395,75
395,75
395,75
395,75
395,75
395,75
395,75
395,75
395,75
396,75
396,75
396,75
396,75
396,75
396,75
396,74
396,74
396,74
396,74
396,74
396,74
396,74
397,75
397,75
397,75
397,75
397,75
397,75
398,75
398,75
398,75
398,75
398,75
398,75
398,74
398,74
398,74
398,74
398,74
398,74
398,74
399,75
399,75
399,75
399,75
399,75
399,75
400,75
400,75
400,75
400,75
400,75
400,75
400,75
400,75
400,75
400,75
400,75
400,75
401,74
401,74
401,74
401,74
401,74
401,74
401,74
402,75
402,75
402,75
402,75
402,75
402,75
402,75
402,75
402,75
402,75
402,75
402,75
403,74
403,74
403,74
403,74
403,74
403,74
403,74
403,75
403,75
403,75
403,75
403,75
403,75
404,75
404,75
404,75
404,75
404,75
404,75
405,74
405,74
405,74
405,74
405,74
405,74
405,74
405,75
405,75
405,75
405,75
405,75
405,75
406,74
406,74
406,74
406,74
406,74
406,74
407,74
407,74
407,74
407,74
407,74
407,74
407,74
407,74
407,74
407,74
407,74
407,74
407,74
408,74
408,74
408,74
408,74
408,74
408,74
408,74
408,74
408,74
408,74
408,74
408,74
409,75
409,75
409,75
409,75
409,75
409,75
409,75
410,75
410,75
410,75
410,75
410,75
410,75
410,74
410,74
410,74
410,74
410,74
410,74
411,75
411,75
411,75
411,75
411,75
411,75
412,75
412,75
412,75
412,75
412,75
412,75
412,75
412,74
412,74
412,74
412,74
412,74
412,74
413,74
413,74
413,74
413,74
413,74
413,74
414,74
414,74
414,74
414,74
414,74
414,74
414,74
414,75
414,75
414,75
414,75
414,75
414,75
415,75
415,75
415,75
415,75
415,75
415,75
415,74
415,74
415,74
415,74
415,74
415,74
415,74
416,74
416,74
416,74
416,74
416,74
416,74
417,75
417,75
417,75
417,75
417,75
417,75
417,74
417,74
417,74
417,74
417,74
417,74
418,74
418,74
418,74
418,74
418,74
418,74
418,74
419,74
419,74
419,74
419,74
419,74
419,74
419,75
419,75
419,75
419,75
419,75
419,75
420,75
420,75
420,75
420,75
420,75
420,75
420,75
420,74
420,74
420,74
420,74
420,74
420,74
421,75
421,75
421,75
421,75
421,75
421,75
422,74
422,74
422,74
422,74
422,74
422,74
422,74
422,74
422,74
422,74
422,74
422,74
422,74
423,75
423,75
423,75
423,75
423,75
423,75
424,74
424,74
424,74
424,74
424,74
424,74
424,75
424,75
424,75
424,75
424,75
424,75
424,75
425,74
425,74
425,74
425,74
425,74
425,74
426,75
426,75
426,75
426,75
426,75
426,75
426,74
426,74
426,74
426,74
426,74
426,74
426,74
427,75
427,75
427,75
427,75
427,75
427,75
427,74
427,74
427,74
427,74
427,74
427,74
428,74
428,74
428,74
428,74
428,74
428,74
429,75
429,75
429,75
429,75
429,75
429,75
429,75
429,74
429,74
429,74
429,74
429,74
429,74
430,75
430,75
430,75
430,75
430,75
430,75
431,75
431,75
431,75
431,75
431,75
431,75
431,75
431,75
431,75
431,75
431,75
431,75
431,75
432,75
432,75
432,75
432,75
432,75
432,75
432,75
432,75
432,75
432,75
432,75
432,75
432,75
433,75
433,75
433,75
433,75
433,75
433,75
434,75
434,75
434,75
434,75
434,75
434,75
434,74
434,74
434,74
434,74
434,74
434,74
435,74
435,74
435,74
435,74
435,74
435,74
435,74
436,74
436,74
436,74
436,74
436,74
436,74
436,75
436,75
436,75
436,75
436,75
436,75
437,74
437,74
437,74
437,74
437,74
437,74
437,74
438,75
438,75
438,75
438,75
438,75
438,75
438,75
438,75
438,75
438,75
438,75
438,75
439,74
439,74
439,74
439,74
439,74
439,74
439,75
439,75
439,75
439,75
439,75
439,75
439,75
440,75
440,75
440,75
440,75
440,75
440,75
441,74
441,74
441,74
441,74
441,74
441,74
441,75
441,75
441,75
441,75
441,75
441,75
441,75
442,74
442,74
442,74
442,74
442,74
442,74
443,75
443,75
443,75
443,75
443,75
443,75
443,74
443,74
443,74
443,74
443,74
443,74
443,74
444,75
444,75
444,75
444,75
444,75
444,75
444,75
444,75
444,75
444,75
444,75
444,75
445,74
445,74
445,74
445,74
445,74
445,74
446,74
446,74
446,74
446,74
446,74
446,74
446,74
446,74
446,74
446,74
446,74
446,74
446,74
447,74
447,74
447,74
447,74
447,74
447,74
448,75
448,75
448,75
448,75
448,75
448,75
448,75
448,74
448,74
448,74
448,74
448,74
448,74
449,75
449,75
449,75
449,75
449,75
449,75
449,74
449,74
449,74
449,74
449,74
449,74
449,74
450,75
450,75
450,75
450,75
450,75
450,75
451,74
451,74
451,74
451,74
451,74
451,74
451,75
451,75
451,75
451,75
451,75
451,75
452,74
452,74
452,74
452,74
452,74
452,74
452,74
453,74
453,74
453,74
453,74
453,74
453,74
453,74
453,74
453,74
453,74
453,74
453,74
454,75
454,75
454,75
454,75
454,75
454,75
454,75
455,74
455,74
455,74
455,74
455,74
455,74
455,74
455,74
455,74
455,74
455,74
455,74
456,75
456,75
456,75
456,75
456,75
456,75
456,75
456,74
456,74
456,74
456,74
456,74
456,74
457,74
457,74
457,74
457,74
457,74
457,74
458,74
458,74
458,74
458,74
458,74
458,74
458,75
458,75
458,75
458,75
458,75
458,75
458,75
459,74
459,74
459,74
459,74
459,74
459,74
460,75
460,75
460,75
460,75
460,75
460,75
460,75
460,75
460,75
460,75
460,75
460,75
460,75
461,74
461,74
461,74
461,74
461,74
461,74
461,74
461,74
461,74
461,74
461,74
461,74
462,74
462,74
462,74
462,74
462,74
462,74
463,74
463,74
463,74
463,74
463,74
463,74
463,74
463,74
463,74
463,74
463,74
463,74
463,74
464,75
464,75
464,75
464,75
464,75
464,75
465,74
465,74
465,74
465,74
465,74
465,74
465,74
465,75
465,75
465,75
465,75
465,75
465,75
466,74
466,74
466,74
466,74
466,74
466,74
467,74
467,74
467,74
467,74
467,74
467,74
467,74
467,74
467,74
467,74
467,74
467,74
467,74
468,74
468,74
468,74
468,74
468,74
468,74
468,75
468,75
468,75
468,75
468,75
468,75
469,74
469,74
469,74
469,74
469,74
469,74
469,74
470,75
470,75
470,75
470,75
470,75
470,75
470,74
470,74
470,74
470,74
470,74
470,74
471,74
471,74
471,74
471,74
471,74
471,74
471,74
472,75
472,75
472,75
472,75
472,75
472,75
472,74
472,74
472,74
472,74
472,74
472,74
473,74
473,74
473,74
473,74
473,74
473,74
473,74
473,74
473,74
473,74
473,74
473,74
473,74
474,74
474,74
474,74
474,74
474,74
474,74
475,74
475,74
475,74
475,74
475,74
475,74
475,74
475,74
475,74
475,74
475,74
475,74
475,74
476,74
476,74
476,74
476,74
476,74
476,74
477,74
477,74
477,74
477,74
477,74
477,74
477,74
477,74
477,74
477,74
477,74
477,74
477,74
478,74
478,74
478,74
478,74
478,74
478,74
479,74
479,74
479,74
479,74
479,74
479,74
479,74
479,74
479,74
479,74
479,74
479,74
480,74
480,74
480,74
480,74
480,74
480,74
480,74
480,74
480,74
480,74
480,74
480,74
480,74
481,74
481,74
481,74
481,74
481,74
481,74
482,74
482,74
482,74
482,74
482,74
482,74
482,74
482,74
482,74
482,74
482,74
482,74
482,74
483,74
483,74
483,74
483,74
483,74
483,74
484,74
484,74
484,74
484,74
484,74
484,74
484,74
484,75
484,75
484,75
484,75
484,75
484,75
485,74
485,74
485,74
485,74
485,74
485,74
485,74
485,74
485,74
485,74
485,74
485,74
486,74
486,74
486,74
486,74
486,74
486,74
486,74
487,74
487,74
487,74
487,74
487,74
487,74
487,74
487,74
487,74
487,74
487,74
487,74
488,74
488,74
488,74
488,74
488,74
488,74
488,74
489,74
489,74
489,74
489,74
489,74
489,74
489,74
489,74
489,74
489,74
489,74
489,74
490,74
490,74
490,74
490,74
490,74
490,74
491,75
491,75
491,75
491,75
491,75
491,75
491,75
491,74
491,74
491,74
491,74
491,74
491,74
492,75
492,75
492,75
492,75
492,75
492,75
492,75
492,75
492,75
492,75
492,75
492,75
492,75
493,75
493,75
493,75
493,75
493,75
493,75
494,74
494,74
494,74
494,74
494,74
494,74
494,74
494,74
494,74
494,74
494,74
494,74
494,74
495,74
495,74
495,74
495,74
495,74
495,74
496,74
496,74
496,74
496,74
496,74
496,74
496,75
496,75
496,75
496,75
496,75
496,75
497,74
497,74
497,74
497,74
497,74
497,74
497,74
497,75
497,75
497,75
497,75
497,75
497,75
498,74
498,74
498,74
498,74
498,74
498,74
499,74
499,74
499,74
499,74
499,74
499,74
499,74
499,74
499,74
499,74
499,74
499,74
499,74
500,74
500,74
500,74
500,74
500,74
500,74
501,74
501,74
501,74
501,74
501,74
501,74
501,74
501,74
501,74
501,74
501,74
501,74
501,74
502,74
502,74
502,74
502,74
502,74
502,74
503,74
503,74
503,74
503,74
503,74
503,74
503,74
503,74
503,74
503,74
503,74
503,74
503,74
504,74
504,74
504,74
504,74
504,74
504,74
504,74
504,74
504,74
504,74
504,74
504,74
505,73
505,73
505,73
505,73
505,73
505,73
505,73
506,74
506,74
506,74
506,74
506,74
506,74
506,74
506,74
506,74
506,74
506,74
506,74
507,74
507,74
507,74
507,74
507,74
507,74
508,74
508,74
508,74
508,74
508,74
508,74
508,74
508,74
508,74
508,74
508,74
508,74
508,74
509,74
509,74
509,74
509,74
509,74
509,74
509,74
509,74
509,74
509,74
509,74
509,74
509,74
510,74
510,74
510,74
510,74
510,74
510,74
511,74
511,74
511,74
511,74
511,74
511,74
511,74
511,74
511,74
511,74
511,74
511,74
511,74
512,74
512,74
512,74
512,74
512,74
512,74
513,75
513,75
513,75
513,75
513,75
513,75
513,74
513,74
513,74
513,74
513,74
513,74
514,74
514,74
514,74
514,74
514,74
514,74
514,74
514,74
514,74
514,74
514,74
514,74
514,74
515,74
515,74
515,74
515,74
515,74
515,74
516,74
516,74
516,74
516,74
516,74
516,74
516,74
516,74
516,74
516,74
516,74
516,74
516,74
517,74
517,74
517,74
517,74
517,74
517,74
518,74
518,74
518,74
518,74
518,74
518,74
518,74
518,74
518,74
518,74
518,74
518,74
518,74
519,74
519,74
519,74
519,74
519,74
519,74
520,74
520,74
520,74
520,74
520,74
520,74
520,74
520,74
520,74
520,74
520,74
520,74
520,74
521,74
521,74
521,74
521,74
521,74
521,74
521,74
521,74
521,74
521,74
521,74
521,74
522,74
522,74
522,74
522,74
522,74
522,74
522,74
523,74
523,74
523,74
523,74
523,74
523,74
523,74
523,74
523,74
523,74
523,74
523,74
524,74
524,74
524,74
524,74
524,74
524,74
525,74
525,74
525,74
525,74
525,74
525,74
525,74
525,74
525,74
525,74
525,74
525,74
525,74
526,74
526,74
526,74
526,74
526,74
526,74
526,74
526,74
526,74
526,74
526,74
526,74
526,74
527,74
527,74
527,74
527,74
527,74
527,74
528,74
528,74
528,74
528,74
528,74
528,74
528,74
528,74
528,74
528,74
528,74
528,74
529,74
529,74
529,74
529,74
529,74
529,74
529,74
530,74
530,74
530,74
530,74
530,74
530,74
530,74
530,74
530,74
530,74
530,74
530,74
531,74
531,74
531,74
531,74
531,74
531,74
531,74
532,74
532,74
532,74
532,74
532,74
532,74
532,74
532,74
532,74
532,74
532,74
532,74
533,74
533,74
533,74
533,74
533,74
533,74
533,74
533,74
533,74
533,74
533,74
533,74
533,74
534,74
534,74
534,74
534,74
534,74
534,74
535,74
535,74
535,74
535,74
535,74
535,74
535,74
535,74
535,74
535,74
535,74
535,74
535,74
536,73
536,73
536,73
536,73
536,73
536,73
537,74
537,74
537,74
537,74
537,74
537,74
537,74
537,74
537,74
537,74
537,74
537,74
537,74
538,73
538,73
538,73
538,73
538,73
538,73
538,74
538,74
538,74
538,74
538,74
538,74
539,74
539,74
539,74
539,74
539,74
539,74
539,74
540,74
540,74
540,74
540,74
540,74
540,74
540,74
540,74
540,74
540,74
540,74
540,74
541,74
541,74
541,74
541,74
541,74
541,74
542,73
542,73
542,73
542,73
542,73
542,73
542,73
542,74
542,74
542,74
542,74
542,74
542,74
543,74
543,74
543,74
543,74
543,74
543,74
544,74
544,74
544,74
544,74
544,74
544,74
544,74
544,74
544,74
544,74
544,74
544,74
544,74
545,74
545,74
545,74
545,74
545,74
545,74
545,74
545,74
545,74
545,74
545,74
545,74
546,74
546,74
546,74
546,74
546,74
546,74
546,74
547,73
547,73
547,73
547,73
547,73
547,73
547,74
547,74
547,74
547,74
547,74
547,74
548,74
548,74
548,74
548,74
548,74
548,74
548,74
549,74
549,74
549,74
549,74
549,74
549,74
549,74
549,74
549,74
549,74
549,74
549,74
550,74
550,74
550,74
550,74
550,74
550,74
550,74
550,74
550,74
550,74
550,74
550,74
550,74
551,74
551,74
551,74
551,74
551,74
551,74
552,74
552,74
552,74
552,74
552,74
552,74
552,74
552,74
552,74
552,74
552,74
552,74
552,74
553,74
553,74
553,74
553,74
553,74
553,74
554,74
554,74
554,74
554,74
554,74
554,74
554,74
554,74
554,74
554,74
554,74
554,74
554,74
555,73
555,73
555,73
555,73
555,73
555,73
556,74
556,74
556,74
556,74
556,74
556,74
556,74
556,74
556,74
556,74
556,74
556,74
557,74
557,74
557,74
557,74
557,74
557,74
557,74
557,73
557,73
557,73
557,73
557,73
557,73
558,74
558,74
558,74
558,74
558,74
558,74
559,74
559,74
559,74
559,74
559,74
559,74
559,74
559,74
559,74
559,74
559,74
559,74
559,74
560,74
560,74
560,74
560,74
560,74
560,74
561,74
561,74
561,74
561,74
561,74
561,74
561,74
561,74
561,74
561,74
561,74
561,74
561,74
562,74
562,74
562,74
562,74
562,74
562,74
562,74
562,74
562,74
562,74
562,74
562,74
563,74
563,74
563,74
563,74
563,74
563,74
563,74
564,74
564,74
564,74
564,74
564,74
564,74
564,74
564,74
564,74
564,74
564,74
564,74
565,74
565,74
565,74
565,74
565,74
565,74
565,74
566,74
566,74
566,74
566,74
566,74
566,74
566,74
566,74
566,74
566,74
566,74
566,74
567,74
567,74
567,74
567,74
567,74
567,74
567,73
567,73
567,73
567,73
567,73
567,73
567,73
568,73
568,73
568,73
568,73
568,73
568,73
569,74
569,74
569,74
569,74
569,74
569,74
569,74
569,74
569,74
569,74
569,74
569,74
569,74
570,74
570,74
570,74
570,74
570,74
570,74
571,74
571,74
571,74
571,74
571,74
571,74
571,74
571,74
571,74
571,74
571,74
571,74
571,74
572,73
572,73
572,73
572,73
572,73
572,73
573,74
573,74
573,74
573,74
573,74
573,74
573,74
573,74
573,74
573,74
573,74
573,74
574,74
574,74
574,74
574,74
574,74
574,74
574,74
574,74
574,74
574,74
574,74
574,74
574,74
575,74
575,74
575,74
575,74
575,74
575,74
576,74
576,74
576,74
576,74
576,74
576,74
576,74
576,74
576,74
576,74
576,74
576,74
576,74
577,74
577,74
577,74
577,74
577,74
577,74
578,74
578,74
578,74
578,74
578,74
578,74
578,74
578,74
578,74
578,74
578,74
578,74
578,74
579,74
579,74
579,74
579,74
579,74
579,74
579,73
579,73
579,73
579,73
579,73
579,73
580,74
580,74
580,74
580,74
580,74
580,74
580,74
581,74
581,74
581,74
581,74
581,74
581,74
581,74
581,74
581,74
581,74
581,74
581,74
582,74
582,74
582,74
582,74
582,74
582,74
582,74
583,74
583,74
583,74
583,74
583,74
583,74
583,74
583,74
583,74
583,74
583,74
583,74
584,74
584,74
584,74
584,74
584,74
584,74
585,73
585,73
585,73
585,73
585,73
585,73
585,73
585,74
585,74
585,74
585,74
585,74
585,74
586,74
586,74
586,74
586,74
586,74
586,74
586,74
586,74
586,74
586,74
586,74
586,74
586,74
587,74
587,74
587,74
587,74
587,74
587,74
588,73
588,73
588,73
588,73
588,73
588,73
588,74
588,74
588,74
588,74
588,74
588,74
588,74
589,74
589,74
589,74
589,74
589,74
589,74
590,74
590,74
590,74
590,74
590,74
590,74
590,74
590,74
590,74
590,74
590,74
590,74
591,74
591,74
591,74
591,74
591,74
591,74
591,74
591,74
591,74
591,74
591,74
591,74
591,74
592,73
592,73
592,73
592,73
592,73
592,73
593,74
593,74
593,74
593,74
593,74
593,74
593,74
593,74
593,74
593,74
593,74
593,74
593,74
594,73
594,73
594,73
594,73
594,73
594,73
595,75
595,75
595,75
595,75
595,75
595,75
595,75
595,73
595,73
595,73
595,73
595,73
595,73
596,74
596,74
596,74
596,74
596,74
596,74
597,74
597,74
597,74
597,74
597,74
597,74
597,74
597,74
597,74
597,74
597,74
597,74
597,74
598,74
598,74
598,74
598,74
598,74
598,74
598,74
598,74
598,74
598,74
598,74
598,74
599,74
599,74
599,74
599,74
599,74
599,74
599,74
600,74
600,74
600,74
600,74
600,74
600,74
600,74
600,74
600,74
600,74
600,74
600,74
601,74
601,74
601,74
601,74
601,74
601,74
602,74
602,74
602,74
602,74
602,74
602,74
602,74
602,73
602,73
602,73
602,73
602,73
602,73
603,74
603,74
603,74
603,74
603,74
603,74
603,74
603,74
603,74
603,74
603,74
603,74
603,74
604,74
604,74
604,74
604,74
604,74
604,74
605,74
605,74
605,74
605,74
605,74
605,74
605,74
605,74
605,74
605,74
605,74
605,74
605,74
606,74
606,74
606,74
606,74
606,74
606,74
607,74
607,74
607,74
607,74
607,74
607,74
607,74
607,74
607,74
607,74
607,74
607,74
608,73
608,73
608,73
608,73
608,73
608,73
608,73
609,74
609,74
609,74
609,74
609,74
609,74
609,74
609,74
609,74
609,74
609,74
609,74
610,74
610,74
610,74
610,74
610,74
610,74
610,74
610,74
610,74
610,74
610,74
610,74
610,74
611,74
611,74
611,74
611,74
611,74
611,74
612,74
612,74
612,74
612,74
612,74
612,74
612,74
612,74
612,74
612,74
612,74
612,74
612,74
613,74
613,74
613,74
613,74
613,74
613,74
614,74
614,74
614,74
614,74
614,74
614,74
614,74
614,74
614,74
614,74
614,74
614,74
614,74
615,74
615,74
615,74
615,74
615,74
615,74
615,73
615,73
615,73
615,73
615,73
615,73
616,74
616,74
616,74
616,74
616,74
616,74
616,74
617,74
617,74
617,74
617,74
617,74
617,74
617,74
617,74
617,74
617,74
617,74
617,74
618,73
618,73
618,73
618,73
618,73
618,73
619,74
619,74
619,74
619,74
619,74
619,74
619,74
619,73
619,73
619,73
619,73
619,73
619,73
620,74
620,74
620,74
620,74
620,74
620,74
620,73
620,73
620,73
620,73
620,73
620,73
620,73
621,74
621,74
621,74
621,74
621,74
621,74
622,73
622,73
622,73
622,73
622,73
622,73
622,74
622,74
622,74
622,74
622,74
622,74
622,74
623,73
623,73
623,73
623,73
623,73
623,73
624,74
624,74
624,74
624,74
624,74
624,74
624,73
624,73
624,73
624,73
624,73
624,73
625,74
625,74
625,74
625,74
625,74
625,74
625,74
626,74
626,74
626,74
626,74
626,74
626,74
626,74
626,74
626,74
626,74
626,74
626,74
627,74
627,74
627,74
627,74
627,74
627,74
627,74
627,74
627,74
627,74
627,74
627,74
627,74
628,74
628,74
628,74
628,74
628,74
628,74
629,74
629,74
629,74
629,74
629,74
629,74
629,73
629,73
629,73
629,73
629,73
629,73
629,73
630,74
630,74
630,74
630,74
630,74
630,74
631,73
631,73
631,73
631,73
631,73
631,73
631,74
631,74
631,74
631,74
631,74
631,74
631,74
632,73
632,73
632,73
632,73
632,73
632,73
632,73
632,73
632,73
632,73
632,73
632,73
633,74
633,74
633,74
633,74
633,74
633,74
633,74
634,74
634,74
634,74
634,74
634,74
634,74
634,74
634,74
634,74
634,74
634,74
634,74
635,74
635,74
635,74
635,74
635,74
635,74
636,74
636,74
636,74
636,74
636,74
636,74
636,74
636,74
636,74
636,74
636,74
636,74
636,74
637,74
637,74
637,74
637,74
637,74
637,74
638,74
638,74
638,74
638,74
638,74
638,74
638,74
638,73
638,73
638,73
638,73
638,73
638,73
639,74
639,74
639,74
639,74
639,74
639,74
639,73
639,73
639,73
639,73
639,73
639,73
639,73
640,74
640,74
640,74
640,74
640,74
640,74
641,73
641,73
641,73
641,73
641,73
641,73
641,74
641,74
641,74
641,74
641,74
641,74
642,73
642,73
642,73
642,73
642,73
642,73
642,73
643,74
643,74
643,74
643,74
643,74
643,74
643,73
643,73
643,73
643,73
643,73
643,73
644,74
644,74
644,74
644,74
644,74
644,74
644,74
644,74
644,74
644,74
644,74
644,74
644,74
645,73
645,73
645,73
645,73
645,73
645,73
646,73
646,73
646,73
646,73
646,73
646,73
646,73
646,74
646,74
646,74
646,74
646,74
646,74
647,74
647,74
647,74
647,74
647,74
647,74
648,73
648,73
648,73
648,73
648,73
648,73
648,74
648,74
648,74
648,74
648,74
648,74
648,74
649,74
649,74
649,74
649,74
649,74
649,74
650,74
650,74
650,74
650,74
650,74
650,74
650,74
650,74
650,74
650,74
650,74
650,74
650,74
651,73
651,73
651,73
651,73
651,73
651,73
651,73
651,73
651,73
651,73
651,73
651,73
652,73
652,73
652,73
652,73
652,73
652,73
653,74
653,74
653,74
653,74
653,74
653,74
653,74
653,74
653,74
653,74
653,74
653,74
653,74
654,74
654,74
654,74
654,74
654,74
654,74
655,73
655,73
655,73
655,73
655,73
655,73
655,73
655,73
655,73
655,73
655,73
655,73
655,73
656,73
656,73
656,73
656,73
656,73
656,73
656,73
656,73
656,73
656,73
656,73
656,73
656,73
657,73
657,73
657,73
657,73
657,73
657,73
658,73
658,73
658,73
658,73
658,73
658,73
658,74
658,74
658,74
658,74
658,74
658,74
659,74
659,74
659,74
659,74
659,74
659,74
659,74
660,73
660,73
660,73
660,73
660,73
660,73
660,74
660,74
660,74
660,74
660,74
660,74
661,73
661,73
661,73
661,73
661,73
661,73
661,73
662,73
662,73
662,73
662,73
662,73
662,73
662,74
662,74
662,74
662,74
662,74
662,74
663,73
663,73
663,73
663,73
663,73
663,73
663,73
663,73
663,73
663,73
663,73
663,73
663,73
664,73
664,73
664,73
664,73
664,73
664,73
665,73
665,73
665,73
665,73
665,73
665,73
665,73
665,73
665,73
665,73
665,73
665,73
665,73
666,73
666,73
666,73
666,73
666,73
666,73
667,73
667,73
667,73
667,73
667,73
667,73
667,73
667,73
667,73
667,73
667,73
667,73
667,73
668,73
668,73
668,73
668,73
668,73
668,73
668,73
668,73
668,73
668,73
668,73
668,73
669,73
669,73
669,73
669,73
669,73
669,73
670,74
670,74
670,74
670,74
670,74
670,74
670,74
670,73
670,73
670,73
670,73
670,73
670,73
671,73
671,73
671,73
671,73
671,73
671,73
672,73
672,73
672,73
672,73
672,73
672,73
672,73
672,73
672,73
672,73
672,73
672,73
672,73
673,73
673,73
673,73
673,73
673,73
673,73
674,73
674,73
674,73
674,73
674,73
674,73
674,73
674,73
674,73
674,73
674,73
674,73
674,73
675,73
675,73
675,73
675,73
675,73
675,73
675,73
675,73
675,73
675,73
675,73
675,73
676,73
676,73
676,73
676,73
676,73
676,73
676,73
677,74
677,74
677,74
677,74
677,74
677,74
677,73
677,73
677,73
677,73
677,73
677,73
678,74
678,74
678,74
678,74
678,74
678,74
678,74
679,74
679,74
679,74
679,74
679,74
679,74
679,74
679,74
679,74
679,74
679,74
679,74
680,73
680,73
680,73
680,73
680,73
680,73
680,73
680,73
680,73
680,73
680,73
680,73
680,73
681,73
681,73
681,73
681,73
681,73
681,73
682,73
682,73
682,73
682,73
682,73
682,73
682,73
682,73
682,73
682,73
682,73
682,73
682,73
683,73
683,73
683,73
683,73
683,73
683,73
684,73
684,73
684,73
684,73
684,73
684,73
684,74
684,74
684,74
684,74
684,74
684,74
684,74
685,73
685,73
685,73
685,73
685,73
685,73
686,73
686,73
686,73
686,73
686,73
686,73
686,73
686,73
686,73
686,73
686,73
686,73
686,73
687,73
687,73
687,73
687,73
687,73
687,73
687,73
687,73
687,73
687,73
687,73
687,73
688,73
688,73
688,73
688,73
688,73
688,73
689,73
689,73
689,73
689,73
689,73
689,73
689,73
689,73
689,73
689,73
689,73
689,73
689,73
690,73
690,73
690,73
690,73
690,73
690,73
691,73
691,73
691,73
691,73
691,73
691,73
691,73
691,74
691,74
691,74
691,74
691,74
691,74
692,73
692,73
692,73
692,73
692,73
692,73
692,74
692,74
692,74
692,74
692,74
692,74
692,74
693,73
693,73
693,73
693,73
693,73
693,73
694,73
694,73
694,73
694,73
694,73
694,73
694,73
694,73
694,73
694,73
694,73
694,73
695,73
695,73
695,73
695,73
695,73
695,73
695,73
696,73
696,73
696,73
696,73
696,73
696,73
696,73
696,73
696,73
696,73
696,73
696,73
697,73
697,73
697,73
697,73
697,73
697,73
697,73
697,73
697,73
697,73
697,73
697,73
697,73
698,73
698,73
698,73
698,73
698,73
698,73
699,73
699,73
699,73
699,73
699,73
699,73
699,73
699,73
699,73
699,73
699,73
699,73
699,73
700,74
700,74
700,74
700,74
700,74
700,74
701,73
701,73
701,73
701,73
701,73
701,73
701,73
701,73
701,73
701,73
701,73
701,73
701,73
702,73
702,73
702,73
702,73
702,73
702,73
703,73
703,73
703,73
703,73
703,73
703,73
703,73
703,73
703,73
703,73
703,73
703,73
704,74
704,74
704,74
704,74
704,74
704,74
704,74
704,74
704,74
704,74
704,74
704,74
704,74
705,73
705,73
705,73
705,73
705,73
705,73
706,73
706,73
706,73
706,73
706,73
706,73
706,73
706,73
706,73
706,73
706,73
706,73
706,73
707,73
707,73
707,73
707,73
707,73
707,73
708,73
708,73
708,73
708,73
708,73
708,73
708,73
708,73
708,73
708,73
708,73
708,73
708,73
709,74
709,74
709,74
709,74
709,74
709,74
709,73
709,73
709,73
709,73
709,73
709,73
710,73
710,73
710,73
710,73
710,73
710,73
710,73
711,73
711,73
711,73
711,73
711,73
711,73
711,73
711,73
711,73
711,73
711,73
711,73
712,73
712,73
712,73
712,73
712,73
712,73
712,73
713,74
713,74
713,74
713,74
713,74
713,74
713,73
713,73
713,73
713,73
713,73
713,73
714,73
714,73
714,73
714,73
714,73
714,73
715,73
715,73
715,73
715,73
715,73
715,73
715,73
715,73
715,73
715,73
715,73
715,73
715,73
716,73
716,73
716,73
716,73
716,73
716,73
716,73
716,73
716,73
716,73
716,73
716,73
716,73
717,73
717,73
717,73
717,73
717,73
717,73
718,74
718,74
718,74
718,74
718,74
718,74
718,73
718,73
718,73
718,73
718,73
718,73
719,74
719,74
719,74
719,74
719,74
719,74
719,74
720,73
720,73
720,73
720,73
720,73
720,73
720,73
720,73
720,73
720,73
720,73
720,73
721,73
721,73
721,73
721,73
721,73
721,73
721,73
721,73
721,73
721,73
721,73
721,73
721,73
722,74
722,74
722,74
722,74
722,74
722,74
723,74
723,74
723,74
723,74
723,74
723,74
723,74
723,73
723,73
723,73
723,73
723,73
723,73
724,73
724,73
724,73
724,73
724,73
724,73
725,73
725,73
725,73
725,73
725,73
725,73
725,73
725,73
725,73
725,73
725,73
725,73
725,73
726,73
726,73
726,73
726,73
726,73
726,73
727,73
727,73
727,73
727,73
727,73
727,73
727,74
727,74
727,74
727,74
727,74
727,74
727,74
728,73
728,73
728,73
728,73
728,73
728,73
728,73
728,73
728,73
728,73
728,73
728,73
729,74
729,74
729,74
729,74
729,74
729,74
729,74
730,73
730,73
730,73
730,73
730,73
730,73
730,73
730,73
730,73
730,73
730,73
730,73
731,73
731,73
731,73
731,73
731,73
731,73
732,73
732,73
732,73
732,73
732,73
732,73
732,73
732,73
732,73
732,73
732,73
732,73
732,73
733,73
733,73
733,73
733,73
733,73
733,73
733,73
733,73
733,73
733,73
733,73
733,73
733,73
734,73
734,73
734,73
734,73
734,73
734,73
735,73
735,73
735,73
735,73
735,73
735,73
735,73
735,73
735,73
735,73
735,73
735,73
735,73
736,73
736,73
736,73
736,73
736,73
736,73
737,74
737,74
737,74
737,74
737,74
737,74
737,73
737,73
737,73
737,73
737,73
737,73
738,73
738,73
738,73
738,73
738,73
738,73
738,73
739,73
739,73
739,73
739,73
739,73
739,73
739,73
739,73
739,73
739,73
739,73
739,73
740,73
740,73
740,73
740,73
740,73
740,73
740,73
740,73
740,73
740,73
740,73
740,73
740,73
741,73
741,73
741,73
741,73
741,73
741,73
742,73
742,73
742,73
742,73
742,73
742,73
742,73
742,73
742,73
742,73
742,73
742,73
742,73
743,73
743,73
743,73
743,73
743,73
743,73
744,74
744,74
744,74
744,74
744,74
744,74
744,73
744,73
744,73
744,73
744,73
744,73
744,73
745,73
745,73
745,73
745,73
745,73
745,73
745,73
745,73
745,73
745,73
745,73
745,73
746,73
746,73
746,73
746,73
746,73
746,73
746,73
747,73
747,73
747,73
747,73
747,73
747,73
747,73
747,73
747,73
747,73
747,73
747,73
748,73
748,73
748,73
748,73
748,73
748,73
749,73
749,73
749,73
749,73
749,73
749,73
749,73
749,73
749,73
749,73
749,73
749,73
749,73
750,73
750,73
750,73
750,73
750,73
750,73
750,74
750,74
750,74
750,74
750,74
750,74
750,74
751,73
751,73
751,73
751,73
751,73
751,73
752,73
752,73
752,73
752,73
752,73
752,73
752,73
752,73
752,73
752,73
752,73
752,73
752,73
753,73
753,73
753,73
753,73
753,73
753,73
754,73
754,73
754,73
754,73
754,73
754,73
754,73
754,73
754,73
754,73
754,73
754,73
755,73
755,73
755,73
755,73
755,73
755,73
755,73
756,73
756,73
756,73
756,73
756,73
756,73
756,73
756,73
756,73
756,73
756,73
756,73
757,73
757,73
757,73
757,73
757,73
757,73
757,73
757,74
757,74
757,74
757,74
757,74
757,74
758,73
758,73
758,73
758,73
758,73
758,73
759,73
759,73
759,73
759,73
759,73
759,73
759,73
759,73
759,73
759,73
759,73
759,73
759,73
760,73
760,73
760,73
760,73
760,73
760,73
761,73
761,73
761,73
761,73
761,73
761,73
761,73
761,73
761,73
761,73
761,73
761,73
761,73
762,74
762,74
762,74
762,74
762,74
762,74
762,74
762,74
762,74
762,74
762,74
762,74
763,73
763,73
763,73
763,73
763,73
763,73
763,73
764,73
764,73
764,73
764,73
764,73
764,73
764,73
764,73
764,73
764,73
764,73
764,73
765,73
765,73
765,73
765,73
765,73
765,73
766,73
766,73
766,73
766,73
766,73
766,73
766,73
766,73
766,73
766,73
766,73
766,73
766,73
767,73
767,73
767,73
767,73
767,73
767,73
768,73
768,73
768,73
768,73
768,73
768,73
768,73
768,73
768,73
768,73
768,73
768,73
768,73
769,73
769,73
769,73
769,73
769,73
769,73
769,73
769,73
769,73
769,73
769,73
769,73
770,73
770,73
770,73
770,73
770,73
770,73
770,73
771,73
771,73
771,73
771,73
771,73
771,73
771,73
771,73
771,73
771,73
771,73
771,73
772,73
772,73
772,73
772,73
772,73
772,73
772,73
773,73
773,73
773,73
773,73
773,73
773,73
773,73
773,73
773,73
773,73
773,73
773,73
774,73
774,73
774,73
774,73
774,73
774,73
774,73
774,73
774,73
774,73
774,73
774,73
774,73
775,73
775,73
775,73
775,73
775,73
775,73
776,73
776,73
776,73
776,73
776,73
776,73
776,73
776,73
776,73
776,73
776,73
776,73
776,73
777,73
777,73
777,73
777,73
777,73
777,73
778,73
778,73
778,73
778,73
778,73
778,73
778,73
778,73
778,73
778,73
778,73
778,73
778,73
779,73
779,73
779,73
779,73
779,73
779,73
780,73
780,73
780,73
780,73
780,73
780,73
780,73
780,73
780,73
780,73
780,73
780,73
781,73
781,73
781,73
781,73
781,73
781,73
781,73
781,73
781,73
781,73
781,73
781,73
781,73
782,73
782,73
782,73
782,73
782,73
782,73
783,73
783,73
783,73
783,73
783,73
783,73
783,73
783,73
783,73
783,73
783,73
783,73
783,73
784,73
784,73
784,73
784,73
784,73
784,73
785,73
785,73
785,73
785,73
785,73
785,73
785,73
785,73
785,73
785,73
785,73
785,73
785,73
786,73
786,73
786,73
786,73
786,73
786,73
786,73
786,73
786,73
786,73
786,73
786,73
787,73
787,73
787,73
787,73
787,73
787,73
787,73
788,73
788,73
788,73
788,73
788,73
788,73
788,73
788,73
788,73
788,73
788,73
788,73
789,73
789,73
789,73
789,73
789,73
789,73
789,73
790,73
790,73
790,73
790,73
790,73
790,73
790,73
790,73
790,73
790,73
790,73
790,73
791,73
791,73
791,73
791,73
791,73
791,73
791,73
792,73
792,73
792,73
792,73
792,73
792,73
792,73
792,73
792,73
792,73
792,73
792,73
793,73
793,73
793,73
793,73
793,73
793,73
793,73
793,73
793,73
793,73
793,73
793,73
793,73
794,73
794,73
794,73
794,73
794,73
794,73
795,73
795,73
795,73
795,73
795,73
795,73
795,73
795,73
795,73
795,73
795,73
795,73
795,73
796,73
796,73
796,73
796,73
796,73
796,73
797,73
797,73
797,73
797,73
797,73
797,73
797,74
797,74
797,74
797,74
797,74
797,74
798,73
798,73
798,73
798,73
798,73
798,73
798,73
798,73
798,73
798,73
798,73
798,73
798,73
799,73
799,73
799,73
799,73
799,73
799,73
800,73
800,73
800,73
800,73
800,73
800,73
800,73
800,73
800,73
800,73
800,73
800,73
800,73
801,73
801,73
801,73
801,73
801,73
801,73
802,73
802,73
802,73
802,73
802,73
802,73
802,73
802,73
802,73
802,73
802,73
802,73
802,73
803,73
803,73
803,73
803,73
803,73
803,73
804,73
804,73
804,73
804,73
804,73
804,73
804,73
804,73
804,73
804,73
804,73
804,73
804,73
805,73
805,73
805,73
805,73
805,73
805,73
805,73
805,73
805,73
805,73
805,73
805,73
806,73
806,73
806,73
806,73
806,73
806,73
806,73
807,73
807,73
807,73
807,73
807,73
807,73
807,73
807,73
807,73
807,73
807,73
807,73
808,73
808,73
808,73
808,73
808,73
808,73
808,73
809,73
809,73
809,73
809,73
809,73
809,73
809,73
809,73
809,73
809,73
809,73
809,73
810,73
810,73
810,73
810,73
810,73
810,73
810,73
810,73
810,73
810,73
810,73
810,73
810,73
811,73
811,73
811,73
811,73
811,73
811,73
812,73
812,73
812,73
812,73
812,73
812,73
812,74
812,74
812,74
812,74
812,74
812,74
812,74
813,73
813,73
813,73
813,73
813,73
813,73
814,73
814,73
814,73
814,73
814,73
814,73
814,73
814,73
814,73
814,73
814,73
814,73
814,73
815,73
815,73
815,73
815,73
815,73
815,73
815,73
815,73
815,73
815,73
815,73
815,73
816,73
816,73
816,73
816,73
816,73
816,73
817,73
817,73
817,73
817,73
817,73
817,73
817,73
817,73
817,73
817,73
817,73
817,73
817,73
818,73
818,73
818,73
818,73
818,73
818,73
819,73
819,73
819,73
819,73
819,73
819,73
819,73
819,73
819,73
819,73
819,73
819,73
819,73
820,73
820,73
820,73
820,73
820,73
820,73
821,73
821,73
821,73
821,73
821,73
821,73
821,73
821,73
821,73
821,73
821,73
821,73
821,73
822,73
822,73
822,73
822,73
822,73
822,73
822,73
822,73
822,73
822,73
822,73
822,73
823,73
823,73
823,73
823,73
823,73
823,73
823,73
824,73
824,73
824,73
824,73
824,73
824,73
824,73
824,73
824,73
824,73
824,73
824,73
825,73
825,73
825,73
825,73
825,73
825,73
825,73
826,73
826,73
826,73
826,73
826,73
826,73
826,73
826,73
826,73
826,73
826,73
826,73
827,73
827,73
827,73
827,73
827,73
827,73
827,73
827,73
827,73
827,73
827,73
827,73
827,73
828,73
828,73
828,73
828,73
828,73
828,73
829,73
829,73
829,73
829,73
829,73
829,73
829,73
829,73
829,73
829,73
829,73
829,73
829,73
830,73
830,73
830,73
830,73
830,73
830,73
831,73
831,73
831,73
831,73
831,73
831,73
831,73
831,73
831,73
831,73
831,73
831,73
831,73
832,73
832,73
832,73
832,73
832,73
832,73
833,73
833,73
833,73
833,73
833,73
833,73
833,74
833,74
833,74
833,74
833,74
833,74
834,73
834,73
834,73
834,73
834,73
834,73
834,73
834,73
834,73
834,73
834,73
834,73
834,73
835,73
835,73
835,73
835,73
835,73
835,73
836,73
836,73
836,73
836,73
836,73
836,73
836,73
836,73
836,73
836,73
836,73
836,73
836,73
837,73
837,73
837,73
837,73
837,73
837,73
838,73
838,73
838,73
838,73
838,73
838,73
838,73
838,73
838,73
838,73
838,73
838,73
838,73
839,73
839,73
839,73
839,73
839,73
839,73
839,73
839,73
839,73
839,73
839,73
839,73
840,73
840,73
840,73
840,73
840,73
840,73
840,73
841,74
841,74
841,74
841,74
841,74
841,74
841,73
841,73
841,73
841,73
841,73
841,73
842,73
842,73
842,73
842,73
842,73
842,73
842,73
843,73
843,73
843,73
843,73
843,73
843,73
843,73
843,73
843,73
843,73
843,73
843,73
844,73
844,73
844,73
844,73
844,73
844,73
845,73
845,73
845,73
845,73
845,73
845,73
845,73
845,73
845,73
845,73
845,73
845,73
845,73
846,73
846,73
846,73
846,73
846,73
846,73
846,73
846,73
846,73
846,73
846,73
846,73
846,73
847,73
847,73
847,73
847,73
847,73
847,73
848,73
848,73
848,73
848,73
848,73
848,73
848,73
848,73
848,73
848,73
848,73
848,73
848,73
849,73
849,73
849,73
849,73
849,73
849,73
850,73
850,73
850,73
850,73
850,73
850,73
850,73
850,73
850,73
850,73
850,73
850,73
851,73
851,73
851,73
851,73
851,73
851,73
851,73
851,73
851,73
851,73
851,73
851,73
851,73
852,73
852,73
852,73
852,73
852,73
852,73
853,73
853,73
853,73
853,73
853,73
853,73
853,73
853,73
853,73
853,73
853,73
853,73
853,73
854,73
854,73
854,73
854,73
854,73
854,73
855,73
855,73
855,73
855,73
855,73
855,73
855,73
855,73
855,73
855,73
855,73
855,73
855,73
856,73
856,73
856,73
856,73
856,73
856,73
857,72
857,72
857,72
857,72
857,72
857,72
857,73
857,73
857,73
857,73
857,73
857,73
857,73
858,72
858,72
858,72
858,72
858,72
858,72
858,73
858,73
858,73
858,73
858,73
858,73
859,73
859,73
859,73
859,73
859,73
859,73
859,73
860,73
860,73
860,73
860,73
860,73
860,73
860,73
860,73
860,73
860,73
860,73
860,73
861,73
861,73
861,73
861,73
861,73
861,73
862,73
862,73
862,73
862,73
862,73
862,73
862,73
862,73
862,73
862,73
862,73
862,73
862,73
863,73
863,73
863,73
863,73
863,73
863,73
863,73
863,73
863,73
863,73
863,73
863,73
863,73
864,73
864,73
864,73
864,73
864,73
864,73
865,73
865,73
865,73
865,73
865,73
865,73
865,73
865,73
865,73
865,73
865,73
865,73
866,73
866,73
866,73
866,73
866,73
866,73
866,73
867,73
867,73
867,73
867,73
867,73
867,73
867,73
867,73
867,73
867,73
867,73
867,73
868,73
868,73
868,73
868,73
868,73
868,73
868,73
868,73
868,73
868,73
868,73
868,73
868,73
869,73
869,73
869,73
869,73
869,73
869,73
870,73
870,73
870,73
870,73
870,73
870,73
870,73
870,73
870,73
870,73
870,73
870,73
870,73
871,73
871,73
871,73
871,73
871,73
871,73
872,73
872,73
872,73
872,73
872,73
872,73
872,73
872,73
872,73
872,73
872,73
872,73
872,73
873,73
873,73
873,73
873,73
873,73
873,73
874,73
874,73
874,73
874,73
874,73
874,73
874,73
874,73
874,73
874,73
874,73
874,73
874,73
875,73
875,73
875,73
875,73
875,73
875,73
875,73
875,73
875,73
875,73
875,73
875,73
876,73
876,73
876,73
876,73
876,73
876,73
876,73
877,73
877,73
877,73
877,73
877,73
877,73
877,73
877,73
877,73
877,73
877,73
877,73
878,74
878,74
878,74
878,74
878,74
878,74
879,73
879,73
879,73
879,73
879,73
879,73
879,73
879,73
879,73
879,73
879,73
879,73
879,73
880,73
880,73
880,73
880,73
880,73
880,73
880,73
880,73
880,73
880,73
880,73
880,73
880,73
881,73
881,73
881,73
881,73
881,73
881,73
882,73
882,73
882,73
882,73
882,73
882,73
882,72
882,72
882,72
882,72
882,72
882,72
883,74
883,74
883,74
883,74
883,74
883,74
883,74
884,73
884,73
884,73
884,73
884,73
884,73
884,73
884,73
884,73
884,73
884,73
884,73
885,73
885,73
885,73
885,73
885,73
885,73
885,73
886,73
886,73
886,73
886,73
886,73
886,73
886,73
886,73
886,73
886,73
886,73
886,73
887,73
887,73
887,73
887,73
887,73
887,73
887,73
887,73
887,73
887,73
887,73
887,73
887,73
888,73
888,73
888,73
888,73
888,73
888,73
889,73
889,73
889,73
889,73
889,73
889,73
889,73
889,73
889,73
889,73
889,73
889,73
889,73
890,73
890,73
890,73
890,73
890,73
890,73
891,73
891,73
891,73
891,73
891,73
891,73
891,73
891,73
891,73
891,73
891,73
891,73
891,73
892,73
892,73
892,73
892,73
892,73
892,73
892,73
892,73
892,73
892,73
892,73
892,73
893,73
893,73
893,73
893,73
893,73
893,73
894,73
894,73
894,73
894,73
894,73
894,73
894,73
894,73
894,73
894,73
894,73
894,73
894,73
895,73
895,73
895,73
895,73
895,73
895,73
896,73
896,73
896,73
896,73
896,73
896,73
896,73
896,73
896,73
896,73
896,73
896,73
896,73
897,73
897,73
897,73
897,73
897,73
897,73
898,73
898,73
898,73
898,73
898,73
898,73
898,73
898,73
898,73
898,73
898,73
898,73
898,73
899,73
899,73
899,73
899,73
899,73
899,73
899,73
899,73
899,73
899,73
899,73
899,73
900,73
900,73
900,73
900,73
900,73
900,73
900,73
900,73
900,73
900,73
900,73
900,73
900,73
900,73
900,73
900,73
900,73
900,73
900,73
900,73
900,73
900,73
900,73
900,73
900,73
900,73
900,73
900,73
900,73
900,73
900,73
900,73
900,73
900,73
900,73
