0,0
0,79
0,79
0,79
0,79
0,79
0,79
0,79
0,81
0,81
0,81
0,81
0,81
0,81
1,80
1,80
1,80
1,80
1,80
1,80
1,82
1,82
1,82
1,82
1,82
1,82
1,82
2,82
2,82
2,82
2,82
2,82
2,82
3,80
3,80
3,80
3,80
3,80
3,80
3,79
3,79
3,79
3,79
3,79
3,79
4,80
4,80
4,80
4,80
4,80
4,80
4,80
5,79
5,79
5,79
5,79
5,79
5,79
5,80
5,80
5,80
5,80
5,80
5,80
6,80
6,80
6,80
6,80
6,80
6,80
6,80
7,80
7,80
7,80
7,80
7,80
7,80
7,81
7,81
7,81
7,81
7,81
7,81
8,80
8,80
8,80
8,80
8,80
8,80
8,80
8,80
8,80
8,80
8,80
8,80
8,80
9,80
9,80
9,80
9,80
9,80
9,80
10,80
10,80
10,80
10,80
10,80
10,80
10,80
10,80
10,80
10,80
10,80
10,80
10,80
11,80
11,80
11,80
11,80
11,80
11,80
12,80
12,80
12,80
12,80
12,80
12,80
12,80
12,80
12,80
12,80
12,80
12,80
12,80
13,80
13,80
13,80
13,80
13,80
13,80
13,79
13,79
13,79
13,79
13,79
13,79
14,80
14,80
14,80
14,80
14,80
14,80
15,80
15,80
15,80
15,80
15,80
15,80
15,80
15,80
15,80
15,80
15,80
15,80
15,80
16,79
16,79
16,79
16,79
16,79
16,79
17,80
17,80
17,80
17,80
17,80
17,80
17,80
17,80
17,80
17,80
17,80
17,80
17,80
18,80
18,80
18,80
18,80
18,80
18,80
19,80
19,80
19,80
19,80
19,80
19,80
19,80
19,80
19,80
19,80
19,80
19,80
19,80
20,80
20,80
20,80
20,80
20,80
20,80
20,80
20,80
20,80
20,80
20,80
20,80
21,80
21,80
21,80
21,80
21,80
21,80
21,80
22,80
22,80
22,80
22,80
22,80
22,80
22,80
22,80
22,80
22,80
22,80
22,80
23,80
23,80
23,80
23,80
23,80
23,80
23,80
24,80
24,80
24,80
24,80
24,80
24,80
24,80
24,80
24,80
24,80
24,80
24,80
25,80
25,80
25,80
25,80
25,80
25,80
25,80
25,80
25,80
25,80
25,80
25,80
25,80
26,81
26,81
26,81
26,81
26,81
26,81
27,80
27,80
27,80
27,80
27,80
27,80
27,81
27,81
27,81
27,81
27,81
27,81
27,81
28,81
28,81
28,81
28,81
28,81
28,81
29,81
29,81
29,81
29,81
29,81
29,81
29,81
29,81
29,81
29,81
29,81
29,81
29,81
30,81
30,81
30,81
30,81
30,81
30,81
31,81
31,81
31,81
31,81
31,81
31,81
31,81
31,81
31,81
31,81
31,81
31,81
32,81
32,81
32,81
32,81
32,81
32,81
32,81
32,81
32,81
32,81
32,81
32,81
32,81
33,81
33,81
33,81
33,81
33,81
33,81
34,80
34,80
34,80
34,80
34,80
34,80
34,80
34,80
34,80
34,80
34,80
34,80
34,80
35,80
35,80
35,80
35,80
35,80
35,80
36,79
36,79
36,79
36,79
36,79
36,79
36,79
36,79
36,79
36,79
36,79
36,79
36,79
37,80
37,80
37,80
37,80
37,80
37,80
37,80
37,80
37,80
37,80
37,80
37,80
38,80
38,80
38,80
38,80
38,80
38,80
38,80
39,80
39,80
39,80
39,80
39,80
39,80
39,79
39,79
39,79
39,79
39,79
39,79
40,80
40,80
40,80
40,80
40,80
40,80
40,80
41,79
41,79
41,79
41,79
41,79
41,79
41,80
41,80
41,80
41,80
41,80
41,80
42,80
42,80
42,80
42,80
42,80
42,80
42,80
42,80
42,80
42,80
42,80
42,80
42,80
43,80
43,80
43,80
43,80
43,80
43,80
44,80
44,80
44,80
44,80
44,80
44,80
44,79
44,79
44,79
44,79
44,79
44,79
44,79
45,80
45,80
45,80
45,80
45,80
45,80
46,80
46,80
46,80
46,80
46,80
46,80
46,79
46,79
46,79
46,79
46,79
46,79
46,79
47,79
47,79
47,79
47,79
47,79
47,79
48,80
48,80
48,80
48,80
48,80
48,80
48,80
48,80
48,80
48,80
48,80
48,80
49,80
49,80
49,80
49,80
49,80
49,80
49,80
49,79
49,79
49,79
49,79
49,79
49,79
50,79
50,79
50,79
50,79
50,79
50,79
51,80
51,80
51,80
51,80
51,80
51,80
51,80
51,80
51,80
51,80
51,80
51,80
51,80
52,79
52,79
52,79
52,79
52,79
52,79
53,80
53,80
53,80
53,80
53,80
53,80
53,80
53,80
53,80
53,80
53,80
53,80
53,80
54,80
54,80
54,80
54,80
54,80
54,80
54,80
54,80
54,80
54,80
54,80
54,80
55,80
55,80
55,80
55,80
55,80
55,80
55,80
56,80
56,80
56,80
56,80
56,80
56,80
56,80
56,80
56,80
56,80
56,80
56,80
57,80
57,80
57,80
57,80
57,80
57,80
57,80
58,81
58,81
58,81
58,81
58,81
58,81
58,80
58,80
58,80
58,80
58,80
58,80
59,80
59,80
59,80
59,80
59,80
59,80
60,80
60,80
60,80
60,80
60,80
60,80
60,80
60,80
60,80
60,80
60,80
60,80
60,80
61,80
61,80
61,80
61,80
61,80
61,80
61,80
61,80
61,80
61,80
61,80
61,80
61,80
62,80
62,80
62,80
62,80
62,80
62,80
63,80
63,80
63,80
63,80
63,80
63,80
63,80
63,80
63,80
63,80
63,80
63,80
63,80
64,80
64,80
64,80
64,80
64,80
64,80
65,80
65,80
65,80
65,80
65,80
65,80
65,79
65,79
65,79
65,79
65,79
65,79
66,80
66,80
66,80
66,80
66,80
66,80
66,80
66,80
66,80
66,80
66,80
66,80
66,80
67,80
67,80
67,80
67,80
67,80
67,80
68,80
68,80
68,80
68,80
68,80
68,80
68,80
68,80
68,80
68,80
68,80
68,80
68,80
69,80
69,80
69,80
69,80
69,80
69,80
70,80
70,80
70,80
70,80
70,80
70,80
70,80
70,80
70,80
70,80
70,80
70,80
70,80
71,80
71,80
71,80
71,80
71,80
71,80
72,80
72,80
72,80
72,80
72,80
72,80
72,80
72,80
72,80
72,80
72,80
72,80
72,80
73,80
73,80
73,80
73,80
73,80
73,80
73,80
73,80
73,80
73,80
73,80
73,80
74,80
74,80
74,80
74,80
74,80
74,80
74,80
75,81
75,81
75,81
75,81
75,81
75,81
75,80
75,80
75,80
75,80
75,80
75,80
76,80
76,80
76,80
76,80
76,80
76,80
77,80
77,80
77,80
77,80
77,80
77,80
77,80
77,80
77,80
77,80
77,80
77,80
77,80
78,80
78,80
78,80
78,80
78,80
78,80
78,80
78,80
78,80
78,80
78,80
78,80
78,80
79,80
79,80
79,80
79,80
79,80
79,80
80,80
80,80
80,80
80,80
80,80
80,80
80,80
80,80
80,80
80,80
80,80
80,80
80,80
81,80
81,80
81,80
81,80
81,80
81,80
82,81
82,81
82,81
82,81
82,81
82,81
82,80
82,80
82,80
82,80
82,80
82,80
83,80
83,80
83,80
83,80
83,80
83,80
83,80
84,80
84,80
84,80
84,80
84,80
84,80
84,80
84,80
84,80
84,80
84,80
84,80
85,80
85,80
85,80
85,80
85,80
85,80
85,80
85,80
85,80
85,80
85,80
85,80
85,80
86,80
86,80
86,80
86,80
86,80
86,80
87,79
87,79
87,79
87,79
87,79
87,79
87,79
87,80
87,80
87,80
87,80
87,80
87,80
88,80
88,80
88,80
88,80
88,80
88,80
89,80
89,80
89,80
89,80
89,80
89,80
89,80
89,80
89,80
89,80
89,80
89,80
89,80
90,80
90,80
90,80
90,80
90,80
90,80
90,80
90,80
90,80
90,80
90,80
90,80
91,80
91,80
91,80
91,80
91,80
91,80
91,80
92,80
92,80
92,80
92,80
92,80
92,80
92,80
92,80
92,80
92,80
92,80
92,80
93,80
93,80
93,80
93,80
93,80
93,80
94,79
94,79
94,79
94,79
94,79
94,79
94,79
94,80
94,80
94,80
94,80
94,80
94,80
95,80
95,80
95,80
95,80
95,80
95,80
96,80
96,80
96,80
96,80
96,80
96,80
96,80
96,80
96,80
96,80
96,80
96,80
96,80
97,80
97,80
97,80
97,80
97,80
97,80
97,80
97,80
97,80
97,80
97,80
97,80
97,80
98,80
98,80
98,80
98,80
98,80
98,80
99,80
99,80
99,80
99,80
99,80
99,80
99,80
99,80
99,80
99,80
99,80
99,80
100,80
100,80
100,80
100,80
100,80
100,80
100,80
101,79
101,79
101,79
101,79
101,79
101,79
101,80
101,80
101,80
101,80
101,80
101,80
102,79
102,79
102,79
102,79
102,79
102,79
102,79
102,80
102,80
102,80
102,80
102,80
102,80
103,80
103,80
103,80
103,80
103,80
103,80
104,80
104,80
104,80
104,80
104,80
104,80
104,80
104,80
104,80
104,80
104,80
104,80
104,80
105,80
105,80
105,80
105,80
105,80
105,80
106,80
106,80
106,80
106,80
106,80
106,80
106,80
106,80
106,80
106,80
106,80
106,80
106,80
107,80
107,80
107,80
107,80
107,80
107,80
107,80
107,80
107,80
107,80
107,80
107,80
108,80
108,80
108,80
108,80
108,80
108,80
108,80
109,80
109,80
109,80
109,80
109,80
109,80
109,80
109,80
109,80
109,80
109,80
109,80
110,80
110,80
110,80
110,80
110,80
110,80
111,80
111,80
111,80
111,80
111,80
111,80
111,80
111,80
111,80
111,80
111,80
111,80
111,80
112,80
112,80
112,80
112,80
112,80
112,80
113,80
113,80
113,80
113,80
113,80
113,80
113,80
113,80
113,80
113,80
113,80
113,80
113,80
114,80
114,80
114,80
114,80
114,80
114,80
114,80
114,80
114,80
114,80
114,80
114,80
114,80
115,79
115,79
115,79
115,79
115,79
115,79
116,80
116,80
116,80
116,80
116,80
116,80
116,79
116,79
116,79
116,79
116,79
116,79
117,80
117,80
117,80
117,80
117,80
117,80
117,80
118,80
118,80
118,80
118,80
118,80
118,80
118,80
118,80
118,80
118,80
118,80
118,80
119,80
119,80
119,80
119,80
119,80
119,80
119,80
119,79
119,79
119,79
119,79
119,79
119,79
120,80
120,80
120,80
120,80
120,80
120,80
121,80
121,80
121,80
121,80
121,80
121,80
121,80
121,80
121,80
121,80
121,80
121,80
121,80
122,80
122,80
122,80
122,80
122,80
122,80
123,80
123,80
123,80
123,80
123,80
123,80
123,80
123,80
123,80
123,80
123,80
123,80
123,80
124,80
124,80
124,80
124,80
124,80
124,80
125,80
125,80
125,80
125,80
125,80
125,80
125,80
125,80
125,80
125,80
125,80
125,80
125,80
126,79
126,79
126,79
126,79
126,79
126,79
126,80
126,80
126,80
126,80
126,80
126,80
127,80
127,80
127,80
127,80
127,80
127,80
128,80
128,80
128,80
128,80
128,80
128,80
128,80
128,79
128,79
128,79
128,79
128,79
128,79
129,80
129,80
129,80
129,80
129,80
129,80
130,80
130,80
130,80
130,80
130,80
130,80
130,80
130,80
130,80
130,80
130,80
130,80
130,80
131,80
131,80
131,80
131,80
131,80
131,80
131,80
131,80
131,80
131,80
131,80
131,80
131,80
132,80
132,80
132,80
132,80
132,80
132,80
133,79
133,79
133,79
133,79
133,79
133,79
133,80
133,80
133,80
133,80
133,80
133,80
134,80
134,80
134,80
134,80
134,80
134,80
134,80
135,79
135,79
135,79
135,79
135,79
135,79
135,80
135,80
135,80
135,80
135,80
135,80
136,80
136,80
136,80
136,80
136,80
136,80
136,80
137,80
137,80
137,80
137,80
137,80
137,80
137,79
137,79
137,79
137,79
137,79
137,79
138,80
138,80
138,80
138,80
138,80
138,80
138,80
138,80
138,80
138,80
138,80
138,80
138,80
139,80
139,80
139,80
139,80
139,80
139,80
140,79
140,79
140,79
140,79
140,79
140,79
140,80
140,80
140,80
140,80
140,80
140,80
140,80
141,80
141,80
141,80
141,80
141,80
141,80
142,79
142,79
142,79
142,79
142,79
142,79
142,79
142,79
142,79
142,79
142,79
142,79
142,79
143,80
143,80
143,80
143,80
143,80
143,80
143,80
143,80
143,80
143,80
143,80
143,80
144,79
144,79
144,79
144,79
144,79
144,79
145,79
145,79
145,79
145,79
145,79
145,79
145,79
145,80
145,80
145,80
145,80
145,80
145,80
146,80
146,80
146,80
146,80
146,80
146,80
147,80
147,80
147,80
147,80
147,80
147,80
147,80
147,80
147,80
147,80
147,80
147,80
147,80
148,80
148,80
148,80
148,80
148,80
148,80
149,80
149,80
149,80
149,80
149,80
149,80
149,80
149,80
149,80
149,80
149,80
149,80
149,80
150,79
150,79
150,79
150,79
150,79
150,79
150,80
150,80
150,80
150,80
150,80
150,80
151,80
151,80
151,80
151,80
151,80
151,80
151,80
152,80
152,80
152,80
152,80
152,80
152,80
152,80
152,80
152,80
152,80
152,80
152,80
153,80
153,80
153,80
153,80
153,80
153,80
153,80
154,79
154,79
154,79
154,79
154,79
154,79
154,80
154,80
154,80
154,80
154,80
154,80
155,79
155,79
155,79
155,79
155,79
155,79
155,80
155,80
155,80
155,80
155,80
155,80
155,80
156,79
156,79
156,79
156,79
156,79
156,79
157,80
157,80
157,80
157,80
157,80
157,80
157,79
157,79
157,79
157,79
157,79
157,79
157,79
158,79
158,79
158,79
158,79
158,79
158,79
159,80
159,80
159,80
159,80
159,80
159,80
159,79
159,79
159,79
159,79
159,79
159,79
160,80
160,80
160,80
160,80
160,80
160,80
160,80
160,80
160,80
160,80
160,80
160,80
160,80
161,79
161,79
161,79
161,79
161,79
161,79
162,80
162,80
162,80
162,80
162,80
162,80
162,80
162,80
162,80
162,80
162,80
162,80
162,80
163,80
163,80
163,80
163,80
163,80
163,80
164,79
164,79
164,79
164,79
164,79
164,79
164,79
164,79
164,79
164,79
164,79
164,79
164,79
165,80
165,80
165,80
165,80
165,80
165,80
166,79
166,79
166,79
166,79
166,79
166,79
166,79
166,79
166,79
166,79
166,79
166,79
166,79
167,79
167,79
167,79
167,79
167,79
167,79
167,79
167,79
167,79
167,79
167,79
167,79
168,80
168,80
168,80
168,80
168,80
168,80
168,80
169,79
169,79
169,79
169,79
169,79
169,79
169,79
169,79
169,79
169,79
169,79
169,79
170,80
170,80
170,80
170,80
170,80
170,80
171,79
171,79
171,79
171,79
171,79
171,79
171,79
171,80
171,80
171,80
171,80
171,80
171,80
172,79
172,79
172,79
172,79
172,79
172,79
172,79
172,79
172,79
172,79
172,79
172,79
172,79
173,80
173,80
173,80
173,80
173,80
173,80
174,80
174,80
174,80
174,80
174,80
174,80
174,79
174,79
174,79
174,79
174,79
174,79
174,79
175,80
175,80
175,80
175,80
175,80
175,80
176,79
176,79
176,79
176,79
176,79
176,79
176,80
176,80
176,80
176,80
176,80
176,80
177,80
177,80
177,80
177,80
177,80
177,80
177,80
178,80
178,80
178,80
178,80
178,80
178,80
178,80
178,80
178,80
178,80
178,80
178,80
179,79
179,79
179,79
179,79
179,79
179,79
179,79
179,80
179,80
179,80
179,80
179,80
179,80
180,80
180,80
180,80
180,80
180,80
180,80
181,80
181,80
181,80
181,80
181,80
181,80
181,80
181,79
181,79
181,79
181,79
181,79
181,79
182,80
182,80
182,80
182,80
182,80
182,80
183,80
183,80
183,80
183,80
183,80
183,80
183,80
183,80
183,80
183,80
183,80
183,80
183,80
184,79
184,79
184,79
184,79
184,79
184,79
184,80
184,80
184,80
184,80
184,80
184,80
185,80
185,80
185,80
185,80
185,80
185,80
185,80
186,79
186,79
186,79
186,79
186,79
186,79
186,79
186,79
186,79
186,79
186,79
186,79
187,80
187,80
187,80
187,80
187,80
187,80
188,80
188,80
188,80
188,80
188,80
188,80
188,80
188,79
188,79
188,79
188,79
188,79
188,79
189,79
189,79
189,79
189,79
189,79
189,79
190,80
190,80
190,80
190,80
190,80
190,80
190,80
190,80
190,80
190,80
190,80
190,80
190,80
191,80
191,80
191,80
191,80
191,80
191,80
191,79
191,79
191,79
191,79
191,79
191,79
191,79
192,80
192,80
192,80
192,80
192,80
192,80
193,79
193,79
193,79
193,79
193,79
193,79
193,79
193,79
193,79
193,79
193,79
193,79
194,80
194,80
194,80
194,80
194,80
194,80
194,80
195,79
195,79
195,79
195,79
195,79
195,79
195,79
195,79
195,79
195,79
195,79
195,79
196,79
196,79
196,79
196,79
196,79
196,79
196,79
196,79
196,79
196,79
196,79
196,79
196,79
197,80
197,80
197,80
197,80
197,80
197,80
198,80
198,80
198,80
198,80
198,80
198,80
198,79
198,79
198,79
198,79
198,79
198,79
198,79
199,80
199,80
199,80
199,80
199,80
199,80
200,80
200,80
200,80
200,80
200,80
200,80
200,80
200,80
200,80
200,80
200,80
200,80
200,80
201,79
201,79
201,79
201,79
201,79
201,79
202,79
202,79
202,79
202,79
202,79
202,79
202,79
202,79
202,79
202,79
202,79
202,79
202,79
203,80
203,80
203,80
203,80
203,80
203,80
203,80
203,80
203,80
203,80
203,80
203,80
204,79
204,79
204,79
204,79
204,79
204,79
205,79
205,79
205,79
205,79
205,79
205,79
205,79
205,80
205,80
205,80
205,80
205,80
205,80
206,79
206,79
206,79
206,79
206,79
206,79
207,79
207,79
207,79
207,79
207,79
207,79
207,79
207,80
207,80
207,80
207,80
207,80
207,80
208,79
208,79
208,79
208,79
208,79
208,79
208,79
208,79
208,79
208,79
208,79
208,79
208,79
209,80
209,80
209,80
209,80
209,80
209,80
210,79
210,79
210,79
210,79
210,79
210,79
210,79
210,79
210,79
210,79
210,79
210,79
211,79
211,79
211,79
211,79
211,79
211,79
211,79
212,80
212,80
212,80
212,80
212,80
212,80
212,79
212,79
212,79
212,79
212,79
212,79
213,79
213,79
213,79
213,79
213,79
213,79
213,79
213,80
213,80
213,80
213,80
213,80
213,80
214,79
214,79
214,79
214,79
214,79
214,79
215,79
215,79
215,79
215,79
215,79
215,79
215,79
215,79
215,79
215,79
215,79
215,79
215,79
216,79
216,79
216,79
216,79
216,79
216,79
217,79
217,79
217,79
217,79
217,79
217,79
217,79
217,79
217,79
217,79
217,79
217,79
217,79
218,79
218,79
218,79
218,79
218,79
218,79
219,80
219,80
219,80
219,80
219,80
219,80
219,80
219,80
219,80
219,80
219,80
219,80
219,80
220,79
220,79
220,79
220,79
220,79
220,79
220,79
220,79
220,79
220,79
220,79
220,79
221,79
221,79
221,79
221,79
221,79
221,79
222,79
222,79
222,79
222,79
222,79
222,79
222,79
222,79
222,79
222,79
222,79
222,79
222,79
223,79
223,79
223,79
223,79
223,79
223,79
224,79
224,79
224,79
224,79
224,79
224,79
224,79
224,79
224,79
224,79
224,79
224,79
224,79
225,79
225,79
225,79
225,79
225,79
225,79
225,79
225,79
225,79
225,79
225,79
225,79
225,79
226,79
226,79
226,79
226,79
226,79
226,79
227,80
227,80
227,80
227,80
227,80
227,80
227,79
227,79
227,79
227,79
227,79
227,79
228,79
228,79
228,79
228,79
228,79
228,79
228,79
229,80
229,80
229,80
229,80
229,80
229,80
229,79
229,79
229,79
229,79
229,79
229,79
230,80
230,80
230,80
230,80
230,80
230,80
230,80
231,79
231,79
231,79
231,79
231,79
231,79
231,80
231,80
231,80
231,80
231,80
231,80
232,80
232,80
232,80
232,80
232,80
232,80
232,80
232,79
232,79
232,79
232,79
232,79
232,79
233,79
233,79
233,79
233,79
233,79
233,79
234,79
234,79
234,79
234,79
234,79
234,79
234,79
234,79
234,79
234,79
234,79
234,79
234,79
235,79
235,79
235,79
235,79
235,79
235,79
236,79
236,79
236,79
236,79
236,79
236,79
236,79
236,79
236,79
236,79
236,79
236,79
236,79
237,79
237,79
237,79
237,79
237,79
237,79
237,79
237,79
237,79
237,79
237,79
237,79
238,79
238,79
238,79
238,79
238,79
238,79
239,79
239,79
239,79
239,79
239,79
239,79
239,79
239,79
239,79
239,79
239,79
239,79
239,79
240,79
240,79
240,79
240,79
240,79
240,79
241,80
241,80
241,80
241,80
241,80
241,80
241,80
241,79
241,79
241,79
241,79
241,79
241,79
242,80
242,80
242,80
242,80
242,80
242,80
243,79
243,79
243,79
243,79
243,79
243,79
243,79
243,79
243,79
243,79
243,79
243,79
243,79
244,79
244,79
244,79
244,79
244,79
244,79
244,79
244,79
244,79
244,79
244,79
244,79
245,79
245,79
245,79
245,79
245,79
245,79
245,79
246,79
246,79
246,79
246,79
246,79
246,79
246,79
246,79
246,79
246,79
246,79
246,79
247,79
247,79
247,79
247,79
247,79
247,79
247,79
248,80
248,80
248,80
248,80
248,80
248,80
248,79
248,79
248,79
248,79
248,79
248,79
249,79
249,79
249,79
249,79
249,79
249,79
249,79
249,79
249,79
249,79
249,79
249,79
249,79
250,79
250,79
250,79
250,79
250,79
250,79
251,79
251,79
251,79
251,79
251,79
251,79
251,79
251,79
251,79
251,79
251,79
251,79
251,79
252,79
252,79
252,79
252,79
252,79
252,79
253,80
253,80
253,80
253,80
253,80
253,80
253,79
253,79
253,79
253,79
253,79
253,79
253,79
254,79
254,79
254,79
254,79
254,79
254,79
255,79
255,79
255,79
255,79
255,79
255,79
255,79
255,79
255,79
255,79
255,79
255,79
256,79
256,79
256,79
256,79
256,79
256,79
256,79
256,80
256,80
256,80
256,80
256,80
256,80
257,79
257,79
257,79
257,79
257,79
257,79
258,80
258,80
258,80
258,80
258,80
258,80
258,80
258,79
258,79
258,79
258,79
258,79
258,79
259,79
259,79
259,79
259,79
259,79
259,79
260,79
260,79
260,79
260,79
260,79
260,79
260,79
260,79
260,79
260,79
260,79
260,79
260,79
261,79
261,79
261,79
261,79
261,79
261,79
261,79
261,79
261,79
261,79
261,79
261,79
262,80
262,80
262,80
262,80
262,80
262,80
262,80
263,79
263,79
263,79
263,79
263,79
263,79
263,79
263,79
263,79
263,79
263,79
263,79
264,79
264,79
264,79
264,79
264,79
264,79
264,79
265,79
265,79
265,79
265,79
265,79
265,79
265,79
265,79
265,79
265,79
265,79
265,79
266,80
266,80
266,80
266,80
266,80
266,80
266,80
266,79
266,79
266,79
266,79
266,79
266,79
267,80
267,80
267,80
267,80
267,80
267,80
268,79
268,79
268,79
268,79
268,79
268,79
268,79
268,79
268,79
268,79
268,79
268,79
268,79
269,79
269,79
269,79
269,79
269,79
269,79
270,80
270,80
270,80
270,80
270,80
270,80
270,79
270,79
270,79
270,79
270,79
270,79
270,79
271,79
271,79
271,79
271,79
271,79
271,79
272,79
272,79
272,79
272,79
272,79
272,79
272,79
272,79
272,79
272,79
272,79
272,79
272,79
273,79
273,79
273,79
273,79
273,79
273,79
273,79
273,79
273,79
273,79
273,79
273,79
274,80
274,80
274,80
274,80
274,80
274,80
275,79
275,79
275,79
275,79
275,79
275,79
275,79
275,79
275,79
275,79
275,79
275,79
275,79
276,79
276,79
276,79
276,79
276,79
276,79
277,79
277,79
277,79
277,79
277,79
277,79
277,79
277,79
277,79
277,79
277,79
277,79
277,79
278,79
278,79
278,79
278,79
278,79
278,79
278,79
278,79
278,79
278,79
278,79
278,79
278,79
279,80
279,80
279,80
279,80
279,80
279,80
280,79
280,79
280,79
280,79
280,79
280,79
280,79
280,79
280,79
280,79
280,79
280,79
281,80
281,80
281,80
281,80
281,80
281,80
281,80
282,79
282,79
282,79
282,79
282,79
282,79
282,79
282,79
282,79
282,79
282,79
282,79
283,80
283,80
283,80
283,80
283,80
283,80
283,80
284,79
284,79
284,79
284,79
284,79
284,79
284,79
284,79
284,79
284,79
284,79
284,79
285,79
285,79
285,79
285,79
285,79
285,79
285,80
285,80
285,80
285,80
285,80
285,80
285,80
286,80
286,80
286,80
286,80
286,80
286,80
287,79
287,79
287,79
287,79
287,79
287,79
287,79
287,79
287,79
287,79
287,79
287,79
287,79
288,79
288,79
288,79
288,79
288,79
288,79
289,79
289,79
289,79
289,79
289,79
289,79
289,79
289,79
289,79
289,79
289,79
289,79
289,79
290,79
290,79
290,79
290,79
290,79
290,79
290,79
290,79
290,79
290,79
290,79
290,79
291,79
291,79
291,79
291,79
291,79
291,79
292,79
292,79
292,79
292,79
292,79
292,79
292,79
292,79
292,79
292,79
292,79
292,79
292,79
293,79
293,79
293,79
293,79
293,79
293,79
294,79
294,79
294,79
294,79
294,79
294,79
294,79
294,79
294,79
294,79
294,79
294,79
294,79
295,79
295,79
295,79
295,79
295,79
295,79
296,79
296,79
296,79
296,79
296,79
296,79
296,79
296,79
296,79
296,79
296,79
296,79
296,79
297,79
297,79
297,79
297,79
297,79
297,79
297,80
297,80
297,80
297,80
297,80
297,80
298,79
298,79
298,79
298,79
298,79
298,79
298,79
299,79
299,79
299,79
299,79
299,79
299,79
299,79
299,79
299,79
299,79
299,79
299,79
300,79
300,79
300,79
300,79
300,79
300,79
300,79
301,79
301,79
301,79
301,79
301,79
301,79
301,79
301,79
301,79
301,79
301,79
301,79
302,79
302,79
302,79
302,79
302,79
302,79
302,79
302,79
302,79
302,79
302,79
302,79
302,79
303,79
303,79
303,79
303,79
303,79
303,79
304,79
304,79
304,79
304,79
304,79
304,79
304,79
304,79
304,79
304,79
304,79
304,79
304,79
305,79
305,79
305,79
305,79
305,79
305,79
306,79
306,79
306,79
306,79
306,79
306,79
306,79
306,79
306,79
306,79
306,79
306,79
306,79
307,79
307,79
307,79
307,79
307,79
307,79
308,79
308,79
308,79
308,79
308,79
308,79
308,79
308,79
308,79
308,79
308,79
308,79
309,79
309,79
309,79
309,79
309,79
309,79
309,79
309,79
309,79
309,79
309,79
309,79
309,79
310,79
310,79
310,79
310,79
310,79
310,79
311,79
311,79
311,79
311,79
311,79
311,79
311,79
311,79
311,79
311,79
311,79
311,79
311,79
312,79
312,79
312,79
312,79
312,79
312,79
313,79
313,79
313,79
313,79
313,79
313,79
313,79
313,79
313,79
313,79
313,79
313,79
313,79
314,79
314,79
314,79
314,79
314,79
314,79
314,79
314,79
314,79
314,79
314,79
314,79
315,79
315,79
315,79
315,79
315,79
315,79
315,79
316,79
316,79
316,79
316,79
316,79
316,79
316,80
316,80
316,80
316,80
316,80
316,80
317,80
317,80
317,80
317,80
317,80
317,80
317,80
318,79
318,79
318,79
318,79
318,79
318,79
318,79
318,79
318,79
318,79
318,79
318,79
319,79
319,79
319,79
319,79
319,79
319,79
320,79
320,79
320,79
320,79
320,79
320,79
320,79
320,79
320,79
320,79
320,79
320,79
320,79
321,79
321,79
321,79
321,79
321,79
321,79
321,79
321,79
321,79
321,79
321,79
321,79
321,79
322,79
322,79
322,79
322,79
322,79
322,79
323,79
323,79
323,79
323,79
323,79
323,79
323,79
323,79
323,79
323,79
323,79
323,79
323,79
324,79
324,79
324,79
324,79
324,79
324,79
325,79
325,79
325,79
325,79
325,79
325,79
325,79
325,79
325,79
325,79
325,79
325,79
326,79
326,79
326,79
326,79
326,79
326,79
326,79
326,79
326,79
326,79
326,79
326,79
326,79
327,79
327,79
327,79
327,79
327,79
327,79
328,79
328,79
328,79
328,79
328,79
328,79
328,79
328,79
328,79
328,79
328,79
328,79
328,79
329,79
329,79
329,79
329,79
329,79
329,79
330,79
330,79
330,79
330,79
330,79
330,79
330,79
330,79
330,79
330,79
330,79
330,79
330,79
331,79
331,79
331,79
331,79
331,79
331,79
331,79
331,79
331,79
331,79
331,79
331,79
332,79
332,79
332,79
332,79
332,79
332,79
332,79
333,79
333,79
333,79
333,79
333,79
333,79
333,79
333,79
333,79
333,79
333,79
333,79
334,79
334,79
334,79
334,79
334,79
334,79
334,79
335,79
335,79
335,79
335,79
335,79
335,79
335,79
335,79
335,79
335,79
335,79
335,79
336,79
336,79
336,79
336,79
336,79
336,79
337,79
337,79
337,79
337,79
337,79
337,79
337,79
337,79
337,79
337,79
337,79
337,79
337,79
338,80
338,80
338,80
338,80
338,80
338,80
338,79
338,79
338,79
338,79
338,79
338,79
338,79
339,80
339,80
339,80
339,80
339,80
339,80
340,79
340,79
340,79
340,79
340,79
340,79
340,78
340,78
340,78
340,78
340,78
340,78
340,78
341,79
341,79
341,79
341,79
341,79
341,79
342,79
342,79
342,79
342,79
342,79
342,79
342,79
342,79
342,79
342,79
342,79
342,79
343,79
343,79
343,79
343,79
343,79
343,79
343,79
343,79
343,79
343,79
343,79
343,79
343,79
344,79
344,79
344,79
344,79
344,79
344,79
345,79
345,79
345,79
345,79
345,79
345,79
345,79
345,79
345,79
345,79
345,79
345,79
345,79
346,79
346,79
346,79
346,79
346,79
346,79
347,79
347,79
347,79
347,79
347,79
347,79
347,80
347,80
347,80
347,80
347,80
347,80
347,80
348,79
348,79
348,79
348,79
348,79
348,79
349,79
349,79
349,79
349,79
349,79
349,79
349,79
349,79
349,79
349,79
349,79
349,79
349,79
350,79
350,79
350,79
350,79
350,79
350,79
350,80
350,80
350,80
350,80
350,80
350,80
351,79
351,79
351,79
351,79
351,79
351,79
351,79
352,79
352,79
352,79
352,79
352,79
352,79
352,79
352,79
352,79
352,79
352,79
352,79
353,79
353,79
353,79
353,79
353,79
353,79
354,79
354,79
354,79
354,79
354,79
354,79
354,79
354,79
354,79
354,79
354,79
354,79
354,79
355,78
355,78
355,78
355,78
355,78
355,78
355,79
355,79
355,79
355,79
355,79
355,79
355,79
356,79
356,79
356,79
356,79
356,79
356,79
357,79
357,79
357,79
357,79
357,79
357,79
357,79
357,79
357,79
357,79
357,79
357,79
357,79
358,79
358,79
358,79
358,79
358,79
358,79
359,79
359,79
359,79
359,79
359,79
359,79
359,79
359,79
359,79
359,79
359,79
359,79
360,79
360,79
360,79
360,79
360,79
360,79
360,79
361,79
361,79
361,79
361,79
361,79
361,79
361,79
361,79
361,79
361,79
361,79
361,79
362,79
362,79
362,79
362,79
362,79
362,79
362,79
362,79
362,79
362,79
362,79
362,79
362,79
363,79
363,79
363,79
363,79
363,79
363,79
364,78
364,78
364,78
364,78
364,78
364,78
364,79
364,79
364,79
364,79
364,79
364,79
364,79
365,79
365,79
365,79
365,79
365,79
365,79
366,79
366,79
366,79
366,79
366,79
366,79
366,79
366,79
366,79
366,79
366,79
366,79
366,79
367,78
367,78
367,78
367,78
367,78
367,78
367,79
367,79
367,79
367,79
367,79
367,79
368,79
368,79
368,79
368,79
368,79
368,79
368,79
369,79
369,79
369,79
369,79
369,79
369,79
369,79
369,79
369,79
369,79
369,79
369,79
370,78
370,78
370,78
370,78
370,78
370,78
371,78
371,78
371,78
371,78
371,78
371,78
371,78
371,79
371,79
371,79
371,79
371,79
371,79
372,79
372,79
372,79
372,79
372,79
372,79
373,79
373,79
373,79
373,79
373,79
373,79
373,79
373,78
373,78
373,78
373,78
373,78
373,78
374,79
374,79
374,79
374,79
374,79
374,79
374,79
374,79
374,79
374,79
374,79
374,79
375,79
375,79
375,79
375,79
375,79
375,79
375,79
376,79
376,79
376,79
376,79
376,79
376,79
376,79
376,79
376,79
376,79
376,79
376,79
377,78
377,78
377,78
377,78
377,78
377,78
377,78
378,78
378,78
378,78
378,78
378,78
378,78
378,78
378,78
378,78
378,78
378,78
378,78
379,78
379,78
379,78
379,78
379,78
379,78
379,78
379,78
379,78
379,78
379,78
379,78
379,78
380,79
380,79
380,79
380,79
380,79
380,79
381,78
381,78
381,78
381,78
381,78
381,78
381,78
381,78
381,78
381,78
381,78
381,78
381,78
382,78
382,78
382,78
382,78
382,78
382,78
383,79
383,79
383,79
383,79
383,79
383,79
383,78
383,78
383,78
383,78
383,78
383,78
383,78
384,78
384,78
384,78
384,78
384,78
384,78
384,79
384,79
384,79
384,79
384,79
384,79
385,79
385,79
385,79
385,79
385,79
385,79
386,79
386,79
386,79
386,79
386,79
386,79
386,79
386,79
386,79
386,79
386,79
386,79
386,79
387,79
387,79
387,79
387,79
387,79
387,79
388,79
388,79
388,79
388,79
388,79
388,79
388,79
388,79
388,79
388,79
388,79
388,79
388,79
389,79
389,79
389,79
389,79
389,79
389,79
390,78
390,78
390,78
390,78
390,78
390,78
390,79
390,79
390,79
390,79
390,79
390,79
390,79
391,79
391,79
391,79
391,79
391,79
391,79
391,78
391,78
391,78
391,78
391,78
391,78
392,79
392,79
392,79
392,79
392,79
392,79
392,79
393,78
393,78
393,78
393,78
393,78
393,78
393,79
393,79
393,79
393,79
393,79
393,79
394,79
394,79
394,79
394,79
394,79
394,79
394,79
395,79
395,79
395,79
395,79
395,79
395,79
395,79
395,79
395,79
395,79
395,79
395,79
396,79
396,79
396,79
396,79
396,79
396,79
396,79
396,79
396,79
396,79
396,79
396,79
396,79
397,79
397,79
397,79
397,79
397,79
397,79
398,79
398,79
398,79
398,79
398,79
398,79
398,79
398,79
398,79
398,79
398,79
398,79
398,79
399,79
399,79
399,79
399,79
399,79
399,79
400,79
400,79
400,79
400,79
400,79
400,79
400,79
400,79
400,79
400,79
400,79
400,79
400,79
401,79
401,79
401,79
401,79
401,79
401,79
402,78
402,78
402,78
402,78
402,78
402,78
402,79
402,79
402,79
402,79
402,79
402,79
403,79
403,79
403,79
403,79
403,79
403,79
403,79
403,79
403,79
403,79
403,79
403,79
403,79
404,79
404,79
404,79
404,79
404,79
404,79
405,79
405,79
405,79
405,79
405,79
405,79
405,79
405,79
405,79
405,79
405,79
405,79
405,79
406,79
406,79
406,79
406,79
406,79
406,79
407,79
407,79
407,79
407,79
407,79
407,79
407,78
407,78
407,78
407,78
407,78
407,78
407,78
408,79
408,79
408,79
408,79
408,79
408,79
408,79
408,79
408,79
408,79
408,79
408,79
409,79
409,79
409,79
409,79
409,79
409,79
409,79
410,79
410,79
410,79
410,79
410,79
410,79
410,79
410,79
410,79
410,79
410,79
410,79
411,79
411,79
411,79
411,79
411,79
411,79
411,79
412,79
412,79
412,79
412,79
412,79
412,79
412,79
412,79
412,79
412,79
412,79
412,79
413,78
413,78
413,78
413,78
413,78
413,78
414,79
414,79
414,79
414,79
414,79
414,79
414,79
414,78
414,78
414,78
414,78
414,78
414,78
415,78
415,78
415,78
415,78
415,78
415,78
415,79
415,79
415,79
415,79
415,79
415,79
415,79
416,79
416,79
416,79
416,79
416,79
416,79
417,78
417,78
417,78
417,78
417,78
417,78
417,79
417,79
417,79
417,79
417,79
417,79
418,79
418,79
418,79
418,79
418,79
418,79
418,79
419,79
419,79
419,79
419,79
419,79
419,79
419,79
419,79
419,79
419,79
419,79
419,79
420,79
420,79
420,79
420,79
420,79
420,79
420,79
420,79
420,79
420,79
420,79
420,79
420,79
421,79
421,79
421,79
421,79
421,79
421,79
422,79
422,79
422,79
422,79
422,79
422,79
422,79
422,78
422,78
422,78
422,78
422,78
422,78
423,79
423,79
423,79
423,79
423,79
423,79
424,79
424,79
424,79
424,79
424,79
424,79
424,78
424,78
424,78
424,78
424,78
424,78
424,78
425,78
425,78
425,78
425,78
425,78
425,78
426,79
426,79
426,79
426,79
426,79
426,79
426,79
426,79
426,79
426,79
426,79
426,79
426,79
427,79
427,79
427,79
427,79
427,79
427,79
427,79
427,79
427,79
427,79
427,79
427,79
428,79
428,79
428,79
428,79
428,79
428,79
428,79
429,79
429,79
429,79
429,79
429,79
429,79
429,78
429,78
429,78
429,78
429,78
429,78
430,79
430,79
430,79
430,79
430,79
430,79
431,79
431,79
431,79
431,79
431,79
431,79
431,79
431,79
431,79
431,79
431,79
431,79
431,79
432,79
432,79
432,79
432,79
432,79
432,79
432,79
432,79
432,79
432,79
432,79
432,79
432,79
433,78
433,78
433,78
433,78
433,78
433,78
434,79
434,79
434,79
434,79
434,79
434,79
434,79
434,79
434,79
434,79
434,79
434,79
434,79
435,78
435,78
435,78
435,78
435,78
435,78
436,79
436,79
436,79
436,79
436,79
436,79
436,79
436,79
436,79
436,79
436,79
436,79
437,78
437,78
437,78
437,78
437,78
437,78
437,78
438,79
438,79
438,79
438,79
438,79
438,79
438,79
438,79
438,79
438,79
438,79
438,79
439,79
439,79
439,79
439,79
439,79
439,79
439,79
439,79
439,79
439,79
439,79
439,79
439,79
440,79
440,79
440,79
440,79
440,79
440,79
441,79
441,79
441,79
441,79
441,79
441,79
441,79
441,79
441,79
441,79
441,79
441,79
441,79
442,78
442,78
442,78
442,78
442,78
442,78
443,79
443,79
443,79
443,79
443,79
443,79
443,79
443,79
443,79
443,79
443,79
443,79
443,79
444,79
444,79
444,79
444,79
444,79
444,79
444,79
444,79
444,79
444,79
444,79
444,79
445,79
445,79
445,79
445,79
445,79
445,79
445,79
446,79
446,79
446,79
446,79
446,79
446,79
446,79
446,79
446,79
446,79
446,79
446,79
447,78
447,78
447,78
447,78
447,78
447,78
448,78
448,78
448,78
448,78
448,78
448,78
448,78
448,79
448,79
448,79
448,79
448,79
448,79
449,78
449,78
449,78
449,78
449,78
449,78
449,79
449,79
449,79
449,79
449,79
449,79
449,79
450,78
450,78
450,78
450,78
450,78
450,78
451,79
451,79
451,79
451,79
451,79
451,79
451,78
451,78
451,78
451,78
451,78
451,78
451,78
452,78
452,78
452,78
452,78
452,78
452,78
453,79
453,79
453,79
453,79
453,79
453,79
453,79
453,79
453,79
453,79
453,79
453,79
454,78
454,78
454,78
454,78
454,78
454,78
454,78
455,78
455,78
455,78
455,78
455,78
455,78
455,78
455,78
455,78
455,78
455,78
455,78
456,78
456,78
456,78
456,78
456,78
456,78
456,78
456,79
456,79
456,79
456,79
456,79
456,79
457,78
457,78
457,78
457,78
457,78
457,78
458,78
458,78
458,78
458,78
458,78
458,78
458,78
458,78
458,78
458,78
458,78
458,78
458,78
459,78
459,78
459,78
459,78
459,78
459,78
460,79
460,79
460,79
460,79
460,79
460,79
460,78
460,78
460,78
460,78
460,78
460,78
460,78
461,78
461,78
461,78
461,78
461,78
461,78
461,79
461,79
461,79
461,79
461,79
461,79
462,78
462,78
462,78
462,78
462,78
462,78
462,78
463,78
463,78
463,78
463,78
463,78
463,78
463,78
463,78
463,78
463,78
463,78
463,78
464,78
464,78
464,78
464,78
464,78
464,78
465,78
465,78
465,78
465,78
465,78
465,78
465,78
465,78
465,78
465,78
465,78
465,78
465,78
466,78
466,78
466,78
466,78
466,78
466,78
467,78
467,78
467,78
467,78
467,78
467,78
467,78
467,79
467,79
467,79
467,79
467,79
467,79
468,78
468,78
468,78
468,78
468,78
468,78
468,79
468,79
468,79
468,79
468,79
468,79
469,78
469,78
469,78
469,78
469,78
469,78
469,78
470,79
470,79
470,79
470,79
470,79
470,79
470,78
470,78
470,78
470,78
470,78
470,78
471,78
471,78
471,78
471,78
471,78
471,78
471,78
472,78
472,78
472,78
472,78
472,78
472,78
472,78
472,78
472,78
472,78
472,78
472,78
473,79
473,79
473,79
473,79
473,79
473,79
473,79
473,78
473,78
473,78
473,78
473,78
473,78
474,78
474,78
474,78
474,78
474,78
474,78
475,78
475,78
475,78
475,78
475,78
475,78
475,78
475,78
475,78
475,78
475,78
475,78
475,78
476,79
476,79
476,79
476,79
476,79
476,79
477,79
477,79
477,79
477,79
477,79
477,79
477,78
477,78
477,78
477,78
477,78
477,78
477,78
478,78
478,78
478,78
478,78
478,78
478,78
479,79
479,79
479,79
479,79
479,79
479,79
479,78
479,78
479,78
479,78
479,78
479,78
479,78
480,78
480,78
480,78
480,78
480,78
480,78
480,78
480,78
480,78
480,78
480,78
480,78
481,78
481,78
481,78
481,78
481,78
481,78
482,78
482,78
482,78
482,78
482,78
482,78
482,78
482,79
482,79
482,79
482,79
482,79
482,79
483,78
483,78
483,78
483,78
483,78
483,78
484,79
484,79
484,79
484,79
484,79
484,79
484,79
484,78
484,78
484,78
484,78
484,78
484,78
485,78
485,78
485,78
485,78
485,78
485,78
485,78
485,78
485,78
485,78
485,78
485,78
486,78
486,78
486,78
486,78
486,78
486,78
486,78
487,78
487,78
487,78
487,78
487,78
487,78
487,78
487,78
487,78
487,78
487,78
487,78
488,78
488,78
488,78
488,78
488,78
488,78
488,78
489,78
489,78
489,78
489,78
489,78
489,78
489,78
489,78
489,78
489,78
489,78
489,78
490,78
490,78
490,78
490,78
490,78
490,78
490,78
491,79
491,79
491,79
491,79
491,79
491,79
491,78
491,78
491,78
491,78
491,78
491,78
492,78
492,78
492,78
492,78
492,78
492,78
492,78
492,78
492,78
492,78
492,78
492,78
492,78
493,79
493,79
493,79
493,79
493,79
493,79
494,79
494,79
494,79
494,79
494,79
494,79
494,78
494,78
494,78
494,78
494,78
494,78
494,78
495,78
495,78
495,78
495,78
495,78
495,78
496,78
496,78
496,78
496,78
496,78
496,78
496,78
496,78
496,78
496,78
496,78
496,78
497,78
497,78
497,78
497,78
497,78
497,78
497,78
497,78
497,78
497,78
497,78
497,78
497,78
498,78
498,78
498,78
498,78
498,78
498,78
499,78
499,78
499,78
499,78
499,78
499,78
499,78
499,79
499,79
499,79
499,79
499,79
499,79
500,78
500,78
500,78
500,78
500,78
500,78
501,78
501,78
501,78
501,78
501,78
501,78
501,78
501,78
501,78
501,78
501,78
501,78
501,78
502,78
502,78
502,78
502,78
502,78
502,78
503,78
503,78
503,78
503,78
503,78
503,78
503,78
503,78
503,78
503,78
503,78
503,78
503,78
504,78
504,78
504,78
504,78
504,78
504,78
504,78
504,78
504,78
504,78
504,78
504,78
505,78
505,78
505,78
505,78
505,78
505,78
505,78
506,78
506,78
506,78
506,78
506,78
506,78
506,78
506,78
506,78
506,78
506,78
506,78
507,78
507,78
507,78
507,78
507,78
507,78
508,78
508,78
508,78
508,78
508,78
508,78
508,78
508,78
508,78
508,78
508,78
508,78
508,78
509,78
509,78
509,78
509,78
509,78
509,78
509,78
509,78
509,78
509,78
509,78
509,78
509,78
510,78
510,78
510,78
510,78
510,78
510,78
511,78
511,78
511,78
511,78
511,78
511,78
511,78
511,78
511,78
511,78
511,78
511,78
511,78
512,78
512,78
512,78
512,78
512,78
512,78
513,78
513,78
513,78
513,78
513,78
513,78
513,78
513,78
513,78
513,78
513,78
513,78
514,79
514,79
514,79
514,79
514,79
514,79
514,79
514,78
514,78
514,78
514,78
514,78
514,78
515,78
515,78
515,78
515,78
515,78
515,78
516,78
516,78
516,78
516,78
516,78
516,78
516,78
516,78
516,78
516,78
516,78
516,78
516,78
517,78
517,78
517,78
517,78
517,78
517,78
518,78
518,78
518,78
518,78
518,78
518,78
518,78
518,78
518,78
518,78
518,78
518,78
518,78
519,78
519,78
519,78
519,78
519,78
519,78
520,78
520,78
520,78
520,78
520,78
520,78
520,78
520,78
520,78
520,78
520,78
520,78
520,78
521,78
521,78
521,78
521,78
521,78
521,78
521,78
521,78
521,78
521,78
521,78
521,78
522,78
522,78
522,78
522,78
522,78
522,78
522,78
523,78
523,78
523,78
523,78
523,78
523,78
523,78
523,78
523,78
523,78
523,78
523,78
524,78
524,78
524,78
524,78
524,78
524,78
525,78
525,78
525,78
525,78
525,78
525,78
525,78
525,78
525,78
525,78
525,78
525,78
525,78
526,78
526,78
526,78
526,78
526,78
526,78
526,78
526,78
526,78
526,78
526,78
526,78
526,78
527,78
527,78
527,78
527,78
527,78
527,78
528,78
528,78
528,78
528,78
528,78
528,78
528,78
528,78
528,78
528,78
528,78
528,78
528,78
529,78
529,78
529,78
529,78
529,78
529,78
530,78
530,78
530,78
530,78
530,78
530,78
530,78
530,78
530,78
530,78
530,78
530,78
531,78
531,78
531,78
531,78
531,78
531,78
531,78
532,78
532,78
532,78
532,78
532,78
532,78
532,78
532,78
532,78
532,78
532,78
532,78
533,78
533,78
533,78
533,78
533,78
533,78
533,78
533,78
533,78
533,78
533,78
533,78
533,78
534,78
534,78
534,78
534,78
534,78
534,78
535,78
535,78
535,78
535,78
535,78
535,78
535,78
535,78
535,78
535,78
535,78
535,78
535,78
536,78
536,78
536,78
536,78
536,78
536,78
537,78
537,78
537,78
537,78
537,78
537,78
537,78
537,78
537,78
537,78
537,78
537,78
537,78
538,78
538,78
538,78
538,78
538,78
538,78
538,78
538,78
538,78
538,78
538,78
538,78
539,78
539,78
539,78
539,78
539,78
539,78
539,78
540,78
540,78
540,78
540,78
540,78
540,78
540,78
540,78
540,78
540,78
540,78
540,78
541,78
541,78
541,78
541,78
541,78
541,78
542,78
542,78
542,78
542,78
542,78
542,78
542,78
542,78
542,78
542,78
542,78
542,78
542,78
543,78
543,78
543,78
543,78
543,78
543,78
544,78
544,78
544,78
544,78
544,78
544,78
544,78
544,78
544,78
544,78
544,78
544,78
544,78
545,78
545,78
545,78
545,78
545,78
545,78
545,78
545,78
545,78
545,78
545,78
545,78
546,78
546,78
546,78
546,78
546,78
546,78
546,78
547,78
547,78
547,78
547,78
547,78
547,78
547,78
547,78
547,78
547,78
547,78
547,78
548,78
548,78
548,78
548,78
548,78
548,78
548,78
549,78
549,78
549,78
549,78
549,78
549,78
549,78
549,78
549,78
549,78
549,78
549,78
550,78
550,78
550,78
550,78
550,78
550,78
550,78
550,78
550,78
550,78
550,78
550,78
550,78
551,78
551,78
551,78
551,78
551,78
551,78
552,78
552,78
552,78
552,78
552,78
552,78
552,78
552,78
552,78
552,78
552,78
552,78
552,78
553,78
553,78
553,78
553,78
553,78
553,78
554,78
554,78
554,78
554,78
554,78
554,78
554,78
554,78
554,78
554,78
554,78
554,78
554,78
555,78
555,78
555,78
555,78
555,78
555,78
556,78
556,78
556,78
556,78
556,78
556,78
556,78
556,78
556,78
556,78
556,78
556,78
557,78
557,78
557,78
557,78
557,78
557,78
557,78
557,78
557,78
557,78
557,78
557,78
557,78
558,78
558,78
558,78
558,78
558,78
558,78
559,78
559,78
559,78
559,78
559,78
559,78
559,78
559,78
559,78
559,78
559,78
559,78
559,78
560,78
560,78
560,78
560,78
560,78
560,78
561,78
561,78
561,78
561,78
561,78
561,78
561,78
561,78
561,78
561,78
561,78
561,78
561,78
562,78
562,78
562,78
562,78
562,78
562,78
562,78
562,78
562,78
562,78
562,78
562,78
563,78
563,78
563,78
563,78
563,78
563,78
563,78
564,78
564,78
564,78
564,78
564,78
564,78
564,78
564,78
564,78
564,78
564,78
564,78
565,78
565,78
565,78
565,78
565,78
565,78
565,78
566,78
566,78
566,78
566,78
566,78
566,78
566,78
566,78
566,78
566,78
566,78
566,78
567,77
567,77
567,77
567,77
567,77
567,77
567,78
567,78
567,78
567,78
567,78
567,78
567,78
568,78
568,78
568,78
568,78
568,78
568,78
569,78
569,78
569,78
569,78
569,78
569,78
569,78
569,78
569,78
569,78
569,78
569,78
569,78
570,78
570,78
570,78
570,78
570,78
570,78
571,78
571,78
571,78
571,78
571,78
571,78
571,78
571,78
571,78
571,78
571,78
571,78
571,78
572,78
572,78
572,78
572,78
572,78
572,78
573,78
573,78
573,78
573,78
573,78
573,78
573,78
573,78
573,78
573,78
573,78
573,78
574,78
574,78
574,78
574,78
574,78
574,78
574,78
574,78
574,78
574,78
574,78
574,78
574,78
575,78
575,78
575,78
575,78
575,78
575,78
576,78
576,78
576,78
576,78
576,78
576,78
576,78
576,78
576,78
576,78
576,78
576,78
576,78
577,78
577,78
577,78
577,78
577,78
577,78
578,78
578,78
578,78
578,78
578,78
578,78
578,78
578,78
578,78
578,78
578,78
578,78
578,78
579,78
579,78
579,78
579,78
579,78
579,78
579,78
579,78
579,78
579,78
579,78
579,78
580,78
580,78
580,78
580,78
580,78
580,78
580,78
581,78
581,78
581,78
581,78
581,78
581,78
581,78
581,78
581,78
581,78
581,78
581,78
582,78
582,78
582,78
582,78
582,78
582,78
582,78
583,78
583,78
583,78
583,78
583,78
583,78
583,78
583,78
583,78
583,78
583,78
583,78
584,78
584,78
584,78
584,78
584,78
584,78
585,78
585,78
585,78
585,78
585,78
585,78
585,78
585,77
585,77
585,77
585,77
585,77
585,77
586,78
586,78
586,78
586,78
586,78
586,78
586,78
586,78
586,78
586,78
586,78
586,78
586,78
587,78
587,78
587,78
587,78
587,78
587,78
588,78
588,78
588,78
588,78
588,78
588,78
588,78
588,78
588,78
588,78
588,78
588,78
588,78
589,78
589,78
589,78
589,78
589,78
589,78
590,78
590,78
590,78
590,78
590,78
590,78
590,77
590,77
590,77
590,77
590,77
590,77
591,78
591,78
591,78
591,78
591,78
591,78
591,78
591,78
591,78
591,78
591,78
591,78
591,78
592,78
592,78
592,78
592,78
592,78
592,78
593,78
593,78
593,78
593,78
593,78
593,78
593,78
593,78
593,78
593,78
593,78
593,78
593,78
594,78
594,78
594,78
594,78
594,78
594,78
595,78
595,78
595,78
595,78
595,78
595,78
595,78
595,78
595,78
595,78
595,78
595,78
595,78
596,78
596,78
596,78
596,78
596,78
596,78
597,78
597,78
597,78
597,78
597,78
597,78
597,78
597,78
597,78
597,78
597,78
597,78
597,78
598,78
598,78
598,78
598,78
598,78
598,78
598,78
598,78
598,78
598,78
598,78
598,78
599,78
599,78
599,78
599,78
599,78
599,78
599,78
600,78
600,78
600,78
600,78
600,78
600,78
600,77
600,77
600,77
600,77
600,77
600,77
601,78
601,78
601,78
601,78
601,78
601,78
602,78
602,78
602,78
602,78
602,78
602,78
602,78
602,78
602,78
602,78
602,78
602,78
602,78
603,78
603,78
603,78
603,78
603,78
603,78
603,78
603,78
603,78
603,78
603,78
603,78
603,78
604,77
604,77
604,77
604,77
604,77
604,77
605,78
605,78
605,78
605,78
605,78
605,78
605,77
605,77
605,77
605,77
605,77
605,77
605,77
606,78
606,78
606,78
606,78
606,78
606,78
607,77
607,77
607,77
607,77
607,77
607,77
607,78
607,78
607,78
607,78
607,78
607,78
608,78
608,78
608,78
608,78
608,78
608,78
608,78
609,78
609,78
609,78
609,78
609,78
609,78
609,78
609,78
609,78
609,78
609,78
609,78
610,78
610,78
610,78
610,78
610,78
610,78
610,78
610,78
610,78
610,78
610,78
610,78
610,78
611,77
611,77
611,77
611,77
611,77
611,77
612,78
612,78
612,78
612,78
612,78
612,78
612,77
612,77
612,77
612,77
612,77
612,77
612,77
613,78
613,78
613,78
613,78
613,78
613,78
614,77
614,77
614,77
614,77
614,77
614,77
614,78
614,78
614,78
614,78
614,78
614,78
614,78
615,78
615,78
615,78
615,78
615,78
615,78
615,78
615,78
615,78
615,78
615,78
615,78
616,78
616,78
616,78
616,78
616,78
616,78
616,78
617,78
617,78
617,78
617,78
617,78
617,78
617,77
617,77
617,77
617,77
617,77
617,77
618,78
618,78
618,78
618,78
618,78
618,78
619,78
619,78
619,78
619,78
619,78
619,78
619,78
619,78
619,78
619,78
619,78
619,78
619,78
620,78
620,78
620,78
620,78
620,78
620,78
620,77
620,77
620,77
620,77
620,77
620,77
620,77
621,78
621,78
621,78
621,78
621,78
621,78
622,78
622,78
622,78
622,78
622,78
622,78
622,78
622,78
622,78
622,78
622,78
622,78
623,78
623,78
623,78
623,78
623,78
623,78
623,78
624,77
624,77
624,77
624,77
624,77
624,77
624,78
624,78
624,78
624,78
624,78
624,78
625,78
625,78
625,78
625,78
625,78
625,78
625,78
626,77
626,77
626,77
626,77
626,77
626,77
626,78
626,78
626,78
626,78
626,78
626,78
627,77
627,77
627,77
627,77
627,77
627,77
627,77
627,78
627,78
627,78
627,78
627,78
627,78
628,77
628,77
628,77
628,77
628,77
628,77
629,78
629,78
629,78
629,78
629,78
629,78
629,78
629,77
629,77
629,77
629,77
629,77
629,77
630,77
630,77
630,77
630,77
630,77
630,77
631,78
631,78
631,78
631,78
631,78
631,78
631,77
631,77
631,77
631,77
631,77
631,77
631,77
632,77
632,77
632,77
632,77
632,77
632,77
632,78
632,78
632,78
632,78
632,78
632,78
633,78
633,78
633,78
633,78
633,78
633,78
633,78
634,77
634,77
634,77
634,77
634,77
634,77
634,77
634,77
634,77
634,77
634,77
634,77
635,78
635,78
635,78
635,78
635,78
635,78
636,78
636,78
636,78
636,78
636,78
636,78
636,78
636,77
636,77
636,77
636,77
636,77
636,77
637,77
637,77
637,77
637,77
637,77
637,77
638,77
638,77
638,77
638,77
638,77
638,77
638,77
638,77
638,77
638,77
638,77
638,77
638,77
639,77
639,77
639,77
639,77
639,77
639,77
639,77
639,77
639,77
639,77
639,77
639,77
639,77
640,77
640,77
640,77
640,77
640,77
640,77
641,78
641,78
641,78
641,78
641,78
641,78
641,78
641,78
641,78
641,78
641,78
641,78
642,78
642,78
642,78
642,78
642,78
642,78
642,78
643,77
643,77
643,77
643,77
643,77
643,77
643,77
643,77
643,77
643,77
643,77
643,77
644,78
644,78
644,78
644,78
644,78
644,78
644,78
644,78
644,78
644,78
644,78
644,78
644,78
645,77
645,77
645,77
645,77
645,77
645,77
646,78
646,78
646,78
646,78
646,78
646,78
646,78
646,78
646,78
646,78
646,78
646,78
646,78
647,77
647,77
647,77
647,77
647,77
647,77
648,78
648,78
648,78
648,78
648,78
648,78
648,77
648,77
648,77
648,77
648,77
648,77
648,77
649,77
649,77
649,77
649,77
649,77
649,77
650,78
650,78
650,78
650,78
650,78
650,78
650,77
650,77
650,77
650,77
650,77
650,77
650,77
651,78
651,78
651,78
651,78
651,78
651,78
651,78
651,78
651,78
651,78
651,78
651,78
652,78
652,78
652,78
652,78
652,78
652,78
652,78
653,78
653,78
653,78
653,78
653,78
653,78
653,77
653,77
653,77
653,77
653,77
653,77
654,77
654,77
654,77
654,77
654,77
654,77
655,77
655,77
655,77
655,77
655,77
655,77
655,77
655,77
655,77
655,77
655,77
655,77
655,77
656,78
656,78
656,78
656,78
656,78
656,78
656,78
656,78
656,78
656,78
656,78
656,78
656,78
657,78
657,78
657,78
657,78
657,78
657,78
658,77
658,77
658,77
658,77
658,77
658,77
658,77
658,77
658,77
658,77
658,77
658,77
659,78
659,78
659,78
659,78
659,78
659,78
659,78
660,78
660,78
660,78
660,78
660,78
660,78
660,77
660,77
660,77
660,77
660,77
660,77
661,77
661,77
661,77
661,77
661,77
661,77
661,77
662,77
662,77
662,77
662,77
662,77
662,77
662,77
662,77
662,77
662,77
662,77
662,77
663,77
663,77
663,77
663,77
663,77
663,77
663,77
663,78
663,78
663,78
663,78
663,78
663,78
664,77
664,77
664,77
664,77
664,77
664,77
665,77
665,77
665,77
665,77
665,77
665,77
665,77
665,77
665,77
665,77
665,77
665,77
665,77
666,77
666,77
666,77
666,77
666,77
666,77
667,78
667,78
667,78
667,78
667,78
667,78
667,77
667,77
667,77
667,77
667,77
667,77
667,77
668,78
668,78
668,78
668,78
668,78
668,78
668,77
668,77
668,77
668,77
668,77
668,77
669,78
669,78
669,78
669,78
669,78
669,78
669,78
670,78
670,78
670,78
670,78
670,78
670,78
670,78
670,78
670,78
670,78
670,78
670,78
671,77
671,77
671,77
671,77
671,77
671,77
672,78
672,78
672,78
672,78
672,78
672,78
672,78
672,77
672,77
672,77
672,77
672,77
672,77
673,77
673,77
673,77
673,77
673,77
673,77
674,78
674,78
674,78
674,78
674,78
674,78
674,78
674,77
674,77
674,77
674,77
674,77
674,77
675,78
675,78
675,78
675,78
675,78
675,78
675,77
675,77
675,77
675,77
675,77
675,77
676,77
676,77
676,77
676,77
676,77
676,77
676,77
677,78
677,78
677,78
677,78
677,78
677,78
677,77
677,77
677,77
677,77
677,77
677,77
678,77
678,77
678,77
678,77
678,77
678,77
678,77
679,77
679,77
679,77
679,77
679,77
679,77
679,78
679,78
679,78
679,78
679,78
679,78
680,78
680,78
680,78
680,78
680,78
680,78
680,78
680,77
680,77
680,77
680,77
680,77
680,77
681,77
681,77
681,77
681,77
681,77
681,77
682,78
682,78
682,78
682,78
682,78
682,78
682,77
682,77
682,77
682,77
682,77
682,77
682,77
683,78
683,78
683,78
683,78
683,78
683,78
684,77
684,77
684,77
684,77
684,77
684,77
684,77
684,77
684,77
684,77
684,77
684,77
684,77
685,77
685,77
685,77
685,77
685,77
685,77
685,78
685,78
685,78
685,78
685,78
685,78
686,77
686,77
686,77
686,77
686,77
686,77
687,77
687,77
687,77
687,77
687,77
687,77
687,77
687,77
687,77
687,77
687,77
687,77
687,77
688,77
688,77
688,77
688,77
688,77
688,77
689,77
689,77
689,77
689,77
689,77
689,77
689,77
689,77
689,77
689,77
689,77
689,77
689,77
690,78
690,78
690,78
690,78
690,78
690,78
691,77
691,77
691,77
691,77
691,77
691,77
691,77
691,77
691,77
691,77
691,77
691,77
691,77
692,77
692,77
692,77
692,77
692,77
692,77
692,77
692,77
692,77
692,77
692,77
692,77
693,77
693,77
693,77
693,77
693,77
693,77
693,77
694,77
694,77
694,77
694,77
694,77
694,77
694,77
694,77
694,77
694,77
694,77
694,77
695,77
695,77
695,77
695,77
695,77
695,77
695,77
696,77
696,77
696,77
696,77
696,77
696,77
696,77
696,77
696,77
696,77
696,77
696,77
697,77
697,77
697,77
697,77
697,77
697,77
697,77
697,77
697,77
697,77
697,77
697,77
697,77
698,77
698,77
698,77
698,77
698,77
698,77
699,77
699,77
699,77
699,77
699,77
699,77
699,77
699,77
699,77
699,77
699,77
699,77
699,77
700,77
700,77
700,77
700,77
700,77
700,77
701,77
701,77
701,77
701,77
701,77
701,77
701,77
701,77
701,77
701,77
701,77
701,77
701,77
702,77
702,77
702,77
702,77
702,77
702,77
703,77
703,77
703,77
703,77
703,77
703,77
703,77
703,77
703,77
703,77
703,77
703,77
704,78
704,78
704,78
704,78
704,78
704,78
704,78
704,77
704,77
704,77
704,77
704,77
704,77
705,77
705,77
705,77
705,77
705,77
705,77
706,77
706,77
706,77
706,77
706,77
706,77
706,77
706,77
706,77
706,77
706,77
706,77
706,77
707,77
707,77
707,77
707,77
707,77
707,77
708,77
708,77
708,77
708,77
708,77
708,77
708,77
708,77
708,77
708,77
708,77
708,77
708,77
709,77
709,77
709,77
709,77
709,77
709,77
709,77
709,77
709,77
709,77
709,77
709,77
710,77
710,77
710,77
710,77
710,77
710,77
710,77
711,77
711,77
711,77
711,77
711,77
711,77
711,77
711,77
711,77
711,77
711,77
711,77
712,77
712,77
712,77
712,77
712,77
712,77
712,77
713,78
713,78
713,78
713,78
713,78
713,78
713,77
713,77
713,77
713,77
713,77
713,77
714,77
714,77
714,77
714,77
714,77
714,77
715,77
715,77
715,77
715,77
715,77
715,77
715,77
715,77
715,77
715,77
715,77
715,77
715,77
716,77
716,77
716,77
716,77
716,77
716,77
716,77
716,77
716,77
716,77
716,77
716,77
716,77
717,77
717,77
717,77
717,77
717,77
717,77
718,77
718,77
718,77
718,77
718,77
718,77
718,77
718,77
718,77
718,77
718,77
718,77
718,77
719,77
719,77
719,77
719,77
719,77
719,77
720,78
720,78
720,78
720,78
720,78
720,78
720,77
720,77
720,77
720,77
720,77
720,77
721,77
721,77
721,77
721,77
721,77
721,77
721,77
721,77
721,77
721,77
721,77
721,77
721,77
722,77
722,77
722,77
722,77
722,77
722,77
723,77
723,77
723,77
723,77
723,77
723,77
723,77
723,77
723,77
723,77
723,77
723,77
723,77
724,77
724,77
724,77
724,77
724,77
724,77
725,77
725,77
725,77
725,77
725,77
725,77
725,77
725,77
725,77
725,77
725,77
725,77
725,77
726,77
726,77
726,77
726,77
726,77
726,77
727,77
727,77
727,77
727,77
727,77
727,77
727,77
727,77
727,77
727,77
727,77
727,77
727,77
728,77
728,77
728,77
728,77
728,77
728,77
728,77
728,77
728,77
728,77
728,77
728,77
729,77
729,77
729,77
729,77
729,77
729,77
729,77
730,77
730,77
730,77
730,77
730,77
730,77
730,77
730,77
730,77
730,77
730,77
730,77
731,77
731,77
731,77
731,77
731,77
731,77
732,77
732,77
732,77
732,77
732,77
732,77
732,77
732,77
732,77
732,77
732,77
732,77
732,77
733,77
733,77
733,77
733,77
733,77
733,77
733,77
733,77
733,77
733,77
733,77
733,77
733,77
734,77
734,77
734,77
734,77
734,77
734,77
735,77
735,77
735,77
735,77
735,77
735,77
735,77
735,77
735,77
735,77
735,77
735,77
735,77
736,77
736,77
736,77
736,77
736,77
736,77
737,77
737,77
737,77
737,77
737,77
737,77
737,77
737,77
737,77
737,77
737,77
737,77
738,77
738,77
738,77
738,77
738,77
738,77
738,77
739,77
739,77
739,77
739,77
739,77
739,77
739,77
739,77
739,77
739,77
739,77
739,77
740,77
740,77
740,77
740,77
740,77
740,77
740,77
740,77
740,77
740,77
740,77
740,77
740,77
741,77
741,77
741,77
741,77
741,77
741,77
742,77
742,77
742,77
742,77
742,77
742,77
742,77
742,77
742,77
742,77
742,77
742,77
742,77
743,77
743,77
743,77
743,77
743,77
743,77
744,77
744,77
744,77
744,77
744,77
744,77
744,77
744,77
744,77
744,77
744,77
744,77
744,77
745,77
745,77
745,77
745,77
745,77
745,77
745,77
745,77
745,77
745,77
745,77
745,77
746,77
746,77
746,77
746,77
746,77
746,77
746,77
747,77
747,77
747,77
747,77
747,77
747,77
747,77
747,77
747,77
747,77
747,77
747,77
748,77
748,77
748,77
748,77
748,77
748,77
749,77
749,77
749,77
749,77
749,77
749,77
749,77
749,77
749,77
749,77
749,77
749,77
749,77
750,77
750,77
750,77
750,77
750,77
750,77
750,77
750,77
750,77
750,77
750,77
750,77
750,77
751,77
751,77
751,77
751,77
751,77
751,77
752,77
752,77
752,77
752,77
752,77
752,77
752,77
752,77
752,77
752,77
752,77
752,77
752,77
753,77
753,77
753,77
753,77
753,77
753,77
754,77
754,77
754,77
754,77
754,77
754,77
754,77
754,77
754,77
754,77
754,77
754,77
755,77
755,77
755,77
755,77
755,77
755,77
755,77
756,77
756,77
756,77
756,77
756,77
756,77
756,77
756,77
756,77
756,77
756,77
756,77
757,77
757,77
757,77
757,77
757,77
757,77
757,77
757,77
757,77
757,77
757,77
757,77
757,77
758,76
758,76
758,76
758,76
758,76
758,76
759,77
759,77
759,77
759,77
759,77
759,77
759,77
759,77
759,77
759,77
759,77
759,77
759,77
760,77
760,77
760,77
760,77
760,77
760,77
761,77
761,77
761,77
761,77
761,77
761,77
761,77
761,77
761,77
761,77
761,77
761,77
761,77
762,77
762,77
762,77
762,77
762,77
762,77
762,77
762,77
762,77
762,77
762,77
762,77
763,77
763,77
763,77
763,77
763,77
763,77
763,77
764,77
764,77
764,77
764,77
764,77
764,77
764,77
764,77
764,77
764,77
764,77
764,77
765,77
765,77
765,77
765,77
765,77
765,77
766,77
766,77
766,77
766,77
766,77
766,77
766,77
766,77
766,77
766,77
766,77
766,77
766,77
767,77
767,77
767,77
767,77
767,77
767,77
768,77
768,77
768,77
768,77
768,77
768,77
768,77
768,77
768,77
768,77
768,77
768,77
768,77
769,77
769,77
769,77
769,77
769,77
769,77
769,77
769,77
769,77
769,77
769,77
769,77
769,77
770,77
770,77
770,77
770,77
770,77
770,77
771,77
771,77
771,77
771,77
771,77
771,77
771,77
771,77
771,77
771,77
771,77
771,77
772,77
772,77
772,77
772,77
772,77
772,77
772,77
773,77
773,77
773,77
773,77
773,77
773,77
773,77
773,77
773,77
773,77
773,77
773,77
774,77
774,77
774,77
774,77
774,77
774,77
774,77
774,77
774,77
774,77
774,77
774,77
774,77
775,77
775,77
775,77
775,77
775,77
775,77
776,77
776,77
776,77
776,77
776,77
776,77
776,77
776,77
776,77
776,77
776,77
776,77
776,77
777,77
777,77
777,77
777,77
777,77
777,77
778,77
778,77
778,77
778,77
778,77
778,77
778,77
778,77
778,77
778,77
778,77
778,77
778,77
779,77
779,77
779,77
779,77
779,77
779,77
780,77
780,77
780,77
780,77
780,77
780,77
780,77
780,77
780,77
780,77
780,77
780,77
780,77
781,77
781,77
781,77
781,77
781,77
781,77
781,77
781,77
781,77
781,77
781,77
781,77
782,77
782,77
782,77
782,77
782,77
782,77
783,77
783,77
783,77
783,77
783,77
783,77
783,77
783,77
783,77
783,77
783,77
783,77
783,77
784,77
784,77
784,77
784,77
784,77
784,77
785,77
785,77
785,77
785,77
785,77
785,77
785,77
785,77
785,77
785,77
785,77
785,77
785,77
786,77
786,77
786,77
786,77
786,77
786,77
786,77
786,77
786,77
786,77
786,77
786,77
787,77
787,77
787,77
787,77
787,77
787,77
787,77
788,77
788,77
788,77
788,77
788,77
788,77
788,76
788,76
788,76
788,76
788,76
788,76
789,77
789,77
789,77
789,77
789,77
789,77
789,77
790,77
790,77
790,77
790,77
790,77
790,77
790,77
790,77
790,77
790,77
790,77
790,77
791,77
791,77
791,77
791,77
791,77
791,77
791,77
792,77
792,77
792,77
792,77
792,77
792,77
792,76
792,76
792,76
792,76
792,76
792,76
793,77
793,77
793,77
793,77
793,77
793,77
793,77
793,77
793,77
793,77
793,77
793,77
793,77
794,77
794,77
794,77
794,77
794,77
794,77
795,77
795,77
795,77
795,77
795,77
795,77
795,77
795,77
795,77
795,77
795,77
795,77
795,77
796,77
796,77
796,77
796,77
796,77
796,77
797,77
797,77
797,77
797,77
797,77
797,77
797,77
797,77
797,77
797,77
797,77
797,77
798,77
798,77
798,77
798,77
798,77
798,77
798,77
798,77
798,77
798,77
798,77
798,77
798,77
799,77
799,77
799,77
799,77
799,77
799,77
800,77
800,77
800,77
800,77
800,77
800,77
800,77
800,76
800,76
800,76
800,76
800,76
800,76
801,77
801,77
801,77
801,77
801,77
801,77
802,76
802,76
802,76
802,76
802,76
802,76
802,76
802,77
802,77
802,77
802,77
802,77
802,77
803,77
803,77
803,77
803,77
803,77
803,77
803,76
803,76
803,76
803,76
803,76
803,76
804,76
804,76
804,76
804,76
804,76
804,76
804,76
805,77
805,77
805,77
805,77
805,77
805,77
805,77
805,77
805,77
805,77
805,77
805,77
806,76
806,76
806,76
806,76
806,76
806,76
806,76
807,77
807,77
807,77
807,77
807,77
807,77
807,76
807,76
807,76
807,76
807,76
807,76
808,76
808,76
808,76
808,76
808,76
808,76
808,76
809,76
809,76
809,76
809,76
809,76
809,76
809,77
809,77
809,77
809,77
809,77
809,77
810,77
810,77
810,77
810,77
810,77
810,77
810,77
810,77
810,77
810,77
810,77
810,77
810,77
811,77
811,77
811,77
811,77
811,77
811,77
812,77
812,77
812,77
812,77
812,77
812,77
812,76
812,76
812,76
812,76
812,76
812,76
812,76
813,77
813,77
813,77
813,77
813,77
813,77
814,76
814,76
814,76
814,76
814,76
814,76
814,77
814,77
814,77
814,77
814,77
814,77
815,77
815,77
815,77
815,77
815,77
815,77
815,77
815,77
815,77
815,77
815,77
815,77
815,77
816,77
816,77
816,77
816,77
816,77
816,77
817,77
817,77
817,77
817,77
817,77
817,77
817,77
817,77
817,77
817,77
817,77
817,77
817,77
818,77
818,77
818,77
818,77
818,77
818,77
819,77
819,77
819,77
819,77
819,77
819,77
819,77
819,76
819,76
819,76
819,76
819,76
819,76
820,77
820,77
820,77
820,77
820,77
820,77
821,77
821,77
821,77
821,77
821,77
821,77
821,76
821,76
821,76
821,76
821,76
821,76
821,76
822,76
822,76
822,76
822,76
822,76
822,76
822,76
822,76
822,76
822,76
822,76
822,76
823,77
823,77
823,77
823,77
823,77
823,77
823,77
824,77
824,77
824,77
824,77
824,77
824,77
824,77
824,77
824,77
824,77
824,77
824,77
825,77
825,77
825,77
825,77
825,77
825,77
825,77
826,76
826,76
826,76
826,76
826,76
826,76
826,76
826,76
826,76
826,76
826,76
826,76
827,77
827,77
827,77
827,77
827,77
827,77
827,76
827,76
827,76
827,76
827,76
827,76
827,76
828,77
828,77
828,77
828,77
828,77
828,77
829,76
829,76
829,76
829,76
829,76
829,76
829,76
829,76
829,76
829,76
829,76
829,76
829,76
830,76
830,76
830,76
830,76
830,76
830,76
831,77
831,77
831,77
831,77
831,77
831,77
831,77
831,77
831,77
831,77
831,77
831,77
832,77
832,77
832,77
832,77
832,77
832,77
832,77
833,76
833,76
833,76
833,76
833,76
833,76
833,77
833,77
833,77
833,77
833,77
833,77
834,76
834,76
834,76
834,76
834,76
834,76
834,76
834,76
834,76
834,76
834,76
834,76
834,76
835,76
835,76
835,76
835,76
835,76
835,76
836,77
836,77
836,77
836,77
836,77
836,77
836,77
836,76
836,76
836,76
836,76
836,76
836,76
837,77
837,77
837,77
837,77
837,77
837,77
838,77
838,77
838,77
838,77
838,77
838,77
838,76
838,76
838,76
838,76
838,76
838,76
838,76
839,76
839,76
839,76
839,76
839,76
839,76
839,77
839,77
839,77
839,77
839,77
839,77
840,76
840,76
840,76
840,76
840,76
840,76
840,76
841,76
841,76
841,76
841,76
841,76
841,76
841,77
841,77
841,77
841,77
841,77
841,77
842,77
842,77
842,77
842,77
842,77
842,77
843,76
843,76
843,76
843,76
843,76
843,76
843,76
843,77
843,77
843,77
843,77
843,77
843,77
844,76
844,76
844,76
844,76
844,76
844,76
845,76
845,76
845,76
845,76
845,76
845,76
845,76
845,77
845,77
845,77
845,77
845,77
845,77
846,76
846,76
846,76
846,76
846,76
846,76
846,76
846,76
846,76
846,76
846,76
846,76
846,76
847,76
847,76
847,76
847,76
847,76
847,76
848,76
848,76
848,76
848,76
848,76
848,76
848,76
848,76
848,76
848,76
848,76
848,76
849,77
849,77
849,77
849,77
849,77
849,77
849,77
850,76
850,76
850,76
850,76
850,76
850,76
850,77
850,77
850,77
850,77
850,77
850,77
851,76
851,76
851,76
851,76
851,76
851,76
851,76
851,76
851,76
851,76
851,76
851,76
851,76
852,77
852,77
852,77
852,77
852,77
852,77
853,77
853,77
853,77
853,77
853,77
853,77
853,77
853,76
853,76
853,76
853,76
853,76
853,76
854,76
854,76
854,76
854,76
854,76
854,76
855,77
855,77
855,77
855,77
855,77
855,77
855,76
855,76
855,76
855,76
855,76
855,76
855,76
856,76
856,76
856,76
856,76
856,76
856,76
856,77
856,77
856,77
856,77
856,77
856,77
857,76
857,76
857,76
857,76
857,76
857,76
857,76
858,77
858,77
858,77
858,77
858,77
858,77
858,76
858,76
858,76
858,76
858,76
858,76
859,77
859,77
859,77
859,77
859,77
859,77
860,77
860,77
860,77
860,77
860,77
860,77
860,77
860,76
860,76
860,76
860,76
860,76
860,76
861,77
861,77
861,77
861,77
861,77
861,77
862,76
862,76
862,76
862,76
862,76
862,76
862,76
862,76
862,76
862,76
862,76
862,76
862,76
863,77
863,77
863,77
863,77
863,77
863,77
863,76
863,76
863,76
863,76
863,76
863,76
863,76
864,76
864,76
864,76
864,76
864,76
864,76
865,76
865,76
865,76
865,76
865,76
865,76
865,76
865,76
865,76
865,76
865,76
865,76
866,76
866,76
866,76
866,76
866,76
866,76
866,76
867,77
867,77
867,77
867,77
867,77
867,77
867,76
867,76
867,76
867,76
867,76
867,76
868,76
868,76
868,76
868,76
868,76
868,76
868,76
868,76
868,76
868,76
868,76
868,76
868,76
869,76
869,76
869,76
869,76
869,76
869,76
870,76
870,76
870,76
870,76
870,76
870,76
870,76
870,76
870,76
870,76
870,76
870,76
870,76
871,76
871,76
871,76
871,76
871,76
871,76
872,76
872,76
872,76
872,76
872,76
872,76
872,77
872,77
872,77
872,77
872,77
872,77
872,77
873,76
873,76
873,76
873,76
873,76
873,76
874,76
874,76
874,76
874,76
874,76
874,76
874,76
874,76
874,76
874,76
874,76
874,76
874,76
875,76
875,76
875,76
875,76
875,76
875,76
875,76
875,76
875,76
875,76
875,76
875,76
876,76
876,76
876,76
876,76
876,76
876,76
877,76
877,76
877,76
877,76
877,76
877,76
877,76
877,76
877,76
877,76
877,76
877,76
877,76
878,77
878,77
878,77
878,77
878,77
878,77
879,77
879,77
879,77
879,77
879,77
879,77
879,77
879,77
879,77
879,77
879,77
879,77
879,77
880,77
880,77
880,77
880,77
880,77
880,77
880,76
880,76
880,76
880,76
880,76
880,76
880,76
881,76
881,76
881,76
881,76
881,76
881,76
882,77
882,77
882,77
882,77
882,77
882,77
882,76
882,76
882,76
882,76
882,76
882,76
883,76
883,76
883,76
883,76
883,76
883,76
883,76
884,76
884,76
884,76
884,76
884,76
884,76
884,77
884,77
884,77
884,77
884,77
884,77
885,76
885,76
885,76
885,76
885,76
885,76
885,76
886,76
886,76
886,76
886,76
886,76
886,76
886,76
886,76
886,76
886,76
886,76
886,76
887,77
887,77
887,77
887,77
887,77
887,77
887,76
887,76
887,76
887,76
887,76
887,76
887,76
888,76
888,76
888,76
888,76
888,76
888,76
889,77
889,77
889,77
889,77
889,77
889,77
889,76
889,76
889,76
889,76
889,76
889,76
889,76
890,76
890,76
890,76
890,76
890,76
890,76
891,76
891,76
891,76
891,76
891,76
891,76
891,76
891,76
891,76
891,76
891,76
891,76
891,76
892,76
892,76
892,76
892,76
892,76
892,76
892,76
892,76
892,76
892,76
892,76
892,76
893,77
893,77
893,77
893,77
893,77
893,77
894,76
894,76
894,76
894,76
894,76
894,76
894,76
894,76
894,76
894,76
894,76
894,76
894,76
895,76
895,76
895,76
895,76
895,76
895,76
896,76
896,76
896,76
896,76
896,76
896,76
896,76
896,76
896,76
896,76
896,76
896,76
896,76
897,76
897,76
897,76
897,76
897,76
897,76
898,76
898,76
898,76
898,76
898,76
898,76
898,76
898,76
898,76
898,76
898,76
898,76
898,76
899,76
899,76
899,76
899,76
899,76
899,76
899,77
899,77
899,77
899,77
899,77
899,77
900,76
900,76
900,76
900,76
900,76
900,76
900,76
900,76
900,76
900,76
900,76
900,76
900,76
900,76
900,76
900,76
900,76
900,76
900,76
900,76
900,76
900,76
900,76
900,76
900,76
900,76
900,76
900,76
900,76
900,76
900,76
900,76
900,76
900,76
900,76
900,76
900,76
900,76
900,76
900,76
900,76
900,76
900,76
900,76
900,76
900,76
900,76
900,76
900,76
900,76
900,76
900,76
900,76
900,76
900,76
900,76
900,76
900,76
900,76
900,76
900,76
900,76
900,76
900,76
900,76
900,76
900,76
900,76
900,76
900,76
900,76
900,76
900,76
900,76
900,76
900,76
900,76
900,76
900,76
900,76
900,76
900,76
900,76
900,76
900,76
900,76
900,76
900,76
900,76
900,76
900,76
900,76
900,76
900,76
900,76
900,76
900,76
900,76
900,76
900,76
900,76
900,76
900,76
900,76
900,76
900,76
900,76
900,76
900,76
900,76
900,76
900,76
900,76
900,76
900,76
900,76
900,76
900,76
900,76
900,76
900,76
900,76
900,76
900,76
900,76
900,76
900,76
900,76
900,76
900,76
900,76
900,76
900,76
900,76
900,76
900,76
900,76
900,76
900,76
900,76
900,76
900,76
900,76
900,76
900,76
900,76
900,76
900,76
900,76
900,76
900,76
900,76
900,76
900,76
900,76
900,76
900,76
900,76
900,76
900,76
900,76
900,76
900,76
900,76
900,76
900,76
900,76
900,76
900,76
900,76
900,76
900,76
900,76
900,76
900,76
900,76
900,76
900,76
900,76
900,76
900,76
900,76
900,76
900,76
900,76
900,76
900,76
900,76
900,76
900,76
900,76
900,76
900,76
900,76
900,76
900,76
900,76
900,76
900,76
900,76
900,76
900,76
900,76
900,76
900,76
900,76
900,76
900,76
900,76
900,76
900,76
900,76
900,76
900,76
900,76
900,76
900,76
900,76
900,76
900,76
900,76
900,76
900,76
900,76
900,76
900,76
900,76
900,76
900,76
900,76
900,76
900,76
900,76
900,76
900,76
900,76
900,76
900,76
900,76
900,76
900,76
900,76
900,76
900,76
900,76
900,76
900,76
900,76
900,76
900,76
900,76
900,76
900,76
900,76
900,76
900,76
900,76
900,76
900,76
900,76
900,76
900,76
900,76
900,76
900,76
900,76
900,76
900,76
900,76
900,76
900,76
900,76
900,76
900,76
900,76
900,76
900,76
900,76
