0,0
0,0
0,35
0,35
0,35
0,35
0,35
0,35
0,35
0,35
0,35
0,35
0,35
0,35
1,35
1,35
1,35
1,35
1,35
1,35
1,35
1,35
1,35
1,35
1,35
1,35
1,35
2,35
2,35
2,35
2,35
2,35
2,35
3,35
3,35
3,35
3,35
3,35
3,35
3,35
3,35
3,35
3,35
3,35
3,35
4,35
4,35
4,35
4,35
4,35
4,35
4,35
5,35
5,35
5,35
5,35
5,35
5,35
5,35
5,35
5,35
5,35
5,35
5,35
6,35
6,35
6,35
6,35
6,35
6,35
6,35
7,35
7,35
7,35
7,35
7,35
7,35
7,35
7,35
7,35
7,35
7,35
7,35
8,35
8,35
8,35
8,35
8,35
8,35
8,35
8,35
8,35
8,35
8,35
8,35
8,35
9,35
9,35
9,35
9,35
9,35
9,35
10,35
10,35
10,35
10,35
10,35
10,35
10,35
10,35
10,35
10,35
10,35
10,35
10,35
11,35
11,35
11,35
11,35
11,35
11,35
12,35
12,35
12,35
12,35
12,35
12,35
12,35
12,35
12,35
12,35
12,35
12,35
12,35
13,35
13,35
13,35
13,35
13,35
13,35
13,35
13,35
13,35
13,35
13,35
13,35
14,35
14,35
14,35
14,35
14,35
14,35
15,35
15,35
15,35
15,35
15,35
15,35
15,35
15,35
15,35
15,35
15,35
15,35
15,35
16,35
16,35
16,35
16,35
16,35
16,35
17,35
17,35
17,35
17,35
17,35
17,35
17,35
17,35
17,35
17,35
17,35
17,35
17,35
18,35
18,35
18,35
18,35
18,35
18,35
19,35
19,35
19,35
19,35
19,35
19,35
19,35
19,35
19,35
19,35
19,35
19,35
19,35
20,35
20,35
20,35
20,35
20,35
20,35
20,35
20,35
20,35
20,35
20,35
20,35
21,35
21,35
21,35
21,35
21,35
21,35
21,35
22,35
22,35
22,35
22,35
22,35
22,35
22,35
22,35
22,35
22,35
22,35
22,35
23,35
23,35
23,35
23,35
23,35
23,35
23,35
24,35
24,35
24,35
24,35
24,35
24,35
24,35
24,35
24,35
24,35
24,35
24,35
25,35
25,35
25,35
25,35
25,35
25,35
25,35
25,35
25,35
25,35
25,35
25,35
25,35
26,35
26,35
26,35
26,35
26,35
26,35
27,35
27,35
27,35
27,35
27,35
27,35
27,35
27,35
27,35
27,35
27,35
27,35
27,35
28,35
28,35
28,35
28,35
28,35
28,35
29,35
29,35
29,35
29,35
29,35
29,35
29,35
29,35
29,35
29,35
29,35
29,35
30,35
30,35
30,35
30,35
30,35
30,35
30,35
31,35
31,35
31,35
31,35
31,35
31,35
31,35
31,35
31,35
31,35
31,35
31,35
32,35
32,35
32,35
32,35
32,35
32,35
32,35
32,35
32,35
32,35
32,35
32,35
32,35
33,35
33,35
33,35
33,35
33,35
33,35
34,35
34,35
34,35
34,35
34,35
34,35
34,35
34,35
34,35
34,35
34,35
34,35
34,35
35,35
35,35
35,35
35,35
35,35
35,35
36,35
36,35
36,35
36,35
36,35
36,35
36,35
36,35
36,35
36,35
36,35
36,35
36,35
37,35
37,35
37,35
37,35
37,35
37,35
37,35
37,35
37,35
37,35
37,35
37,35
38,35
38,35
38,35
38,35
38,35
38,35
38,35
39,35
39,35
39,35
39,35
39,35
39,35
39,35
39,35
39,35
39,35
39,35
39,35
40,35
40,35
40,35
40,35
40,35
40,35
40,35
41,35
41,35
41,35
41,35
41,35
41,35
41,35
41,35
41,35
41,35
41,35
41,35
42,35
42,35
42,35
42,35
42,35
42,35
42,35
42,35
42,35
42,35
42,35
42,35
42,35
43,35
43,35
43,35
43,35
43,35
43,35
44,35
44,35
44,35
44,35
44,35
44,35
44,35
44,35
44,35
44,35
44,35
44,35
44,35
45,35
45,35
45,35
45,35
45,35
45,35
46,35
46,35
46,35
46,35
46,35
46,35
46,35
46,35
46,35
46,35
46,35
46,35
47,35
47,35
47,35
47,35
47,35
47,35
47,35
48,35
48,35
48,35
48,35
48,35
48,35
48,35
48,35
48,35
48,35
48,35
48,35
49,35
49,35
49,35
49,35
49,35
49,35
49,35
49,35
49,35
49,35
49,35
49,35
49,35
50,35
50,35
50,35
50,35
50,35
50,35
51,35
51,35
51,35
51,35
51,35
51,35
51,35
51,35
51,35
51,35
51,35
51,35
51,35
52,35
52,35
52,35
52,35
52,35
52,35
53,35
53,35
53,35
53,35
53,35
53,35
53,35
53,35
53,35
53,35
53,35
53,35
53,35
54,35
54,35
54,35
54,35
54,35
54,35
54,35
54,35
54,35
54,35
54,35
54,35
55,35
55,35
55,35
55,35
55,35
55,35
55,35
56,35
56,35
56,35
56,35
56,35
56,35
56,35
56,35
56,35
56,35
56,35
56,35
57,35
57,35
57,35
57,35
57,35
57,35
57,35
58,35
58,35
58,35
58,35
58,35
58,35
58,35
58,35
58,35
58,35
58,35
58,35
59,35
59,35
59,35
59,35
59,35
59,35
60,35
60,35
60,35
60,35
60,35
60,35
60,35
60,35
60,35
60,35
60,35
60,35
60,35
61,35
61,35
61,35
61,35
61,35
61,35
61,35
61,35
61,35
61,35
61,35
61,35
61,35
62,35
62,35
62,35
62,35
62,35
62,35
63,35
63,35
63,35
63,35
63,35
63,35
63,35
63,35
63,35
63,35
63,35
63,35
64,35
64,35
64,35
64,35
64,35
64,35
64,35
65,35
65,35
65,35
65,35
65,35
65,35
65,35
65,35
65,35
65,35
65,35
65,35
66,35
66,35
66,35
66,35
66,35
66,35
66,35
66,35
66,35
66,35
66,35
66,35
66,35
67,35
67,35
67,35
67,35
67,35
67,35
68,35
68,35
68,35
68,35
68,35
68,35
68,35
68,35
68,35
68,35
68,35
68,35
68,35
69,35
69,35
69,35
69,35
69,35
69,35
70,35
70,35
70,35
70,35
70,35
70,35
70,35
70,35
70,35
70,35
70,35
70,35
70,35
71,35
71,35
71,35
71,35
71,35
71,35
72,35
72,35
72,35
72,35
72,35
72,35
72,35
72,35
72,35
72,35
72,35
72,35
72,35
73,35
73,35
73,35
73,35
73,35
73,35
73,35
73,35
73,35
73,35
73,35
73,35
74,35
74,35
74,35
74,35
74,35
74,35
74,35
75,35
75,35
75,35
75,35
75,35
75,35
75,35
75,35
75,35
75,35
75,35
75,35
76,35
76,35
76,35
76,35
76,35
76,35
77,35
77,35
77,35
77,35
77,35
77,35
77,35
77,35
77,35
77,35
77,35
77,35
77,35
78,35
78,35
78,35
78,35
78,35
78,35
78,35
78,35
78,35
78,35
78,35
78,35
78,35
79,35
79,35
79,35
79,35
79,35
79,35
80,35
80,35
80,35
80,35
80,35
80,35
80,35
80,35
80,35
80,35
80,35
80,35
80,35
81,35
81,35
81,35
81,35
81,35
81,35
82,35
82,35
82,35
82,35
82,35
82,35
82,35
82,35
82,35
82,35
82,35
82,35
83,35
83,35
83,35
83,35
83,35
83,35
83,35
84,35
84,35
84,35
84,35
84,35
84,35
84,35
84,35
84,35
84,35
84,35
84,35
85,35
85,35
85,35
85,35
85,35
85,35
85,35
85,35
85,35
85,35
85,35
85,35
85,35
86,35
86,35
86,35
86,35
86,35
86,35
87,35
87,35
87,35
87,35
87,35
87,35
87,35
87,35
87,35
87,35
87,35
87,35
87,35
88,35
88,35
88,35
88,35
88,35
88,35
89,35
89,35
89,35
89,35
89,35
89,35
89,35
89,35
89,35
89,35
89,35
89,35
89,35
90,35
90,35
90,35
90,35
90,35
90,35
90,35
90,35
90,35
90,35
90,35
90,35
91,35
91,35
91,35
91,35
91,35
91,35
91,35
92,35
92,35
92,35
92,35
92,35
92,35
92,35
92,35
92,35
92,35
92,35
92,35
93,35
93,35
93,35
93,35
93,35
93,35
93,35
94,35
94,35
94,35
94,35
94,35
94,35
94,35
94,35
94,35
94,35
94,35
94,35
95,35
95,35
95,35
95,35
95,35
95,35
96,35
96,35
96,35
96,35
96,35
96,35
96,35
96,35
96,35
96,35
96,35
96,35
96,35
97,35
97,35
97,35
97,35
97,35
97,35
97,35
97,35
97,35
97,35
97,35
97,35
97,35
98,35
98,35
98,35
98,35
98,35
98,35
99,35
99,35
99,35
99,35
99,35
99,35
99,35
99,35
99,35
99,35
99,35
99,35
100,35
100,35
100,35
100,35
100,35
100,35
100,35
101,35
101,35
101,35
101,35
101,35
101,35
101,35
101,35
101,35
101,35
101,35
101,35
102,35
102,35
102,35
102,35
102,35
102,35
102,35
102,35
102,35
102,35
102,35
102,35
102,35
103,35
103,35
103,35
103,35
103,35
103,35
104,35
104,35
104,35
104,35
104,35
104,35
104,35
104,35
104,35
104,35
104,35
104,35
104,35
105,35
105,35
105,35
105,35
105,35
105,35
106,35
106,35
106,35
106,35
106,35
106,35
106,35
106,35
106,35
106,35
106,35
106,35
106,35
107,35
107,35
107,35
107,35
107,35
107,35
107,35
107,35
107,35
107,35
107,35
107,35
108,35
108,35
108,35
108,35
108,35
108,35
108,35
109,35
109,35
109,35
109,35
109,35
109,35
109,35
109,35
109,35
109,35
109,35
109,35
110,35
110,35
110,35
110,35
110,35
110,35
110,35
111,35
111,35
111,35
111,35
111,35
111,35
111,35
111,35
111,35
111,35
111,35
111,35
112,35
112,35
112,35
112,35
112,35
112,35
113,35
113,35
113,35
113,35
113,35
113,35
113,35
113,35
113,35
113,35
113,35
113,35
113,35
114,35
114,35
114,35
114,35
114,35
114,35
114,35
114,35
114,35
114,35
114,35
114,35
114,35
115,35
115,35
115,35
115,35
115,35
115,35
116,35
116,35
116,35
116,35
116,35
116,35
116,35
116,35
116,35
116,35
116,35
116,35
117,35
117,35
117,35
117,35
117,35
117,35
117,35
118,35
118,35
118,35
118,35
118,35
118,35
118,35
118,35
118,35
118,35
118,35
118,35
119,35
119,35
119,35
119,35
119,35
119,35
119,35
119,35
119,35
119,35
119,35
119,35
119,35
120,35
120,35
120,35
120,35
120,35
120,35
121,35
121,35
121,35
121,35
121,35
121,35
121,35
121,35
121,35
121,35
121,35
121,35
121,35
122,35
122,35
122,35
122,35
122,35
122,35
123,35
123,35
123,35
123,35
123,35
123,35
123,35
123,35
123,35
123,35
123,35
123,35
123,35
124,35
124,35
124,35
124,35
124,35
124,35
125,35
125,35
125,35
125,35
125,35
125,35
125,35
125,35
125,35
125,35
125,35
125,35
125,35
126,35
126,35
126,35
126,35
126,35
126,35
126,35
126,35
126,35
126,35
126,35
126,35
127,35
127,35
127,35
127,35
127,35
127,35
128,35
128,35
128,35
128,35
128,35
128,35
128,35
128,35
128,35
128,35
128,35
128,35
128,35
129,35
129,35
129,35
129,35
129,35
129,35
130,35
130,35
130,35
130,35
130,35
130,35
130,35
130,35
130,35
130,35
130,35
130,35
130,35
131,35
131,35
131,35
131,35
131,35
131,35
131,35
131,35
131,35
131,35
131,35
131,35
131,35
132,35
132,35
132,35
132,35
132,35
132,35
133,35
133,35
133,35
133,35
133,35
133,35
133,35
133,35
133,35
133,35
133,35
133,35
134,35
134,35
134,35
134,35
134,35
134,35
134,35
135,35
135,35
135,35
135,35
135,35
135,35
135,35
135,35
135,35
135,35
135,35
135,35
136,35
136,35
136,35
136,35
136,35
136,35
136,35
137,35
137,35
137,35
137,35
137,35
137,35
137,35
137,35
137,35
137,35
137,35
137,35
138,35
138,35
138,35
138,35
138,35
138,35
138,35
138,35
138,35
138,35
138,35
138,35
138,35
139,35
139,35
139,35
139,35
139,35
139,35
140,35
140,35
140,35
140,35
140,35
140,35
140,35
140,35
140,35
140,35
140,35
140,35
140,35
141,35
141,35
141,35
141,35
141,35
141,35
142,35
142,35
142,35
142,35
142,35
142,35
142,35
142,35
142,35
142,35
142,35
142,35
142,35
143,35
143,35
143,35
143,35
143,35
143,35
143,35
143,35
143,35
143,35
143,35
143,35
144,35
144,35
144,35
144,35
144,35
144,35
145,35
145,35
145,35
145,35
145,35
145,35
145,35
145,35
145,35
145,35
145,35
145,35
145,35
146,35
146,35
146,35
146,35
146,35
146,35
147,35
147,35
147,35
147,35
147,35
147,35
147,35
147,35
147,35
147,35
147,35
147,35
147,35
148,35
148,35
148,35
148,35
148,35
148,35
149,35
149,35
149,35
149,35
149,35
149,35
149,35
149,35
149,35
149,35
149,35
149,35
149,35
150,35
150,35
150,35
150,35
150,35
150,35
150,35
150,35
150,35
150,35
150,35
150,35
151,35
151,35
151,35
151,35
151,35
151,35
151,35
152,35
152,35
152,35
152,35
152,35
152,35
152,35
152,35
152,35
152,35
152,35
152,35
153,35
153,35
153,35
153,35
153,35
153,35
153,35
154,35
154,35
154,35
154,35
154,35
154,35
154,35
154,35
154,35
154,35
154,35
154,35
155,35
155,35
155,35
155,35
155,35
155,35
155,35
155,35
155,35
155,35
155,35
155,35
155,35
156,35
156,35
156,35
156,35
156,35
156,35
157,35
157,35
157,35
157,35
157,35
157,35
157,35
157,35
157,35
157,35
157,35
157,35
157,35
158,35
158,35
158,35
158,35
158,35
158,35
159,35
159,35
159,35
159,35
159,35
159,35
159,35
159,35
159,35
159,35
159,35
159,35
159,35
160,35
160,35
160,35
160,35
160,35
160,35
160,35
160,35
160,35
160,35
160,35
160,35
161,35
161,35
161,35
161,35
161,35
161,35
162,35
162,35
162,35
162,35
162,35
162,35
162,35
162,35
162,35
162,35
162,35
162,35
162,35
163,35
163,35
163,35
163,35
163,35
163,35
164,35
164,35
164,35
164,35
164,35
164,35
164,35
164,35
164,35
164,35
164,35
164,35
164,35
165,35
165,35
165,35
165,35
165,35
165,35
166,35
166,35
166,35
166,35
166,35
166,35
166,35
166,35
166,35
166,35
166,35
166,35
166,35
167,35
167,35
167,35
167,35
167,35
167,35
167,35
167,35
167,35
167,35
167,35
167,35
168,35
168,35
168,35
168,35
168,35
168,35
168,35
169,35
169,35
169,35
169,35
169,35
169,35
169,35
169,35
169,35
169,35
169,35
169,35
170,35
170,35
170,35
170,35
170,35
170,35
170,35
171,35
171,35
171,35
171,35
171,35
171,35
171,35
171,35
171,35
171,35
171,35
171,35
172,35
172,35
172,35
172,35
172,35
172,35
172,35
172,35
172,35
172,35
172,35
172,35
172,35
173,35
173,35
173,35
173,35
173,35
173,35
174,35
174,35
174,35
174,35
174,35
174,35
174,35
174,35
174,35
174,35
174,35
174,35
174,35
175,35
175,35
175,35
175,35
175,35
175,35
176,35
176,35
176,35
176,35
176,35
176,35
176,35
176,35
176,35
176,35
176,35
176,35
176,35
177,35
177,35
177,35
177,35
177,35
177,35
178,35
178,35
178,35
178,35
178,35
178,35
178,35
178,35
178,35
178,35
178,35
178,35
179,35
179,35
179,35
179,35
179,35
179,35
179,35
179,35
179,35
179,35
179,35
179,35
179,35
180,35
180,35
180,35
180,35
180,35
180,35
181,35
181,35
181,35
181,35
181,35
181,35
181,35
181,35
181,35
181,35
181,35
181,35
181,35
182,35
182,35
182,35
182,35
182,35
182,35
183,35
183,35
183,35
183,35
183,35
183,35
183,35
183,35
183,35
183,35
183,35
183,35
183,35
184,35
184,35
184,35
184,35
184,35
184,35
184,35
184,35
184,35
184,35
184,35
184,35
185,35
185,35
185,35
185,35
185,35
185,35
185,35
186,35
186,35
186,35
186,35
186,35
186,35
186,35
186,35
186,35
186,35
186,35
186,35
187,35
187,35
187,35
187,35
187,35
187,35
187,35
188,35
188,35
188,35
188,35
188,35
188,35
188,35
188,35
188,35
188,35
188,35
188,35
189,35
189,35
189,35
189,35
189,35
189,35
190,35
190,35
190,35
190,35
190,35
190,35
190,35
190,35
190,35
190,35
190,35
190,35
190,35
191,35
191,35
191,35
191,35
191,35
191,35
191,35
191,35
191,35
191,35
191,35
191,35
191,35
192,35
192,35
192,35
192,35
192,35
192,35
193,35
193,35
193,35
193,35
193,35
193,35
193,35
193,35
193,35
193,35
193,35
193,35
193,35
194,35
194,35
194,35
194,35
194,35
194,35
195,35
195,35
195,35
195,35
195,35
195,35
195,35
195,35
195,35
195,35
195,35
195,35
196,35
196,35
196,35
196,35
196,35
196,35
196,35
196,35
196,35
196,35
196,35
196,35
196,35
197,35
197,35
197,35
197,35
197,35
197,35
198,35
198,35
198,35
198,35
198,35
198,35
198,35
198,35
198,35
198,35
198,35
198,35
198,35
199,35
199,35
199,35
199,35
199,35
199,35
200,35
200,35
200,35
200,35
200,35
200,35
200,35
200,35
200,35
200,35
200,35
200,35
200,35
201,35
201,35
201,35
201,35
201,35
201,35
202,35
202,35
202,35
202,35
202,35
202,35
202,35
202,35
202,35
202,35
202,35
202,35
202,35
203,35
203,35
203,35
203,35
203,35
203,35
203,35
203,35
203,35
203,35
203,35
203,35
204,35
204,35
204,35
204,35
204,35
204,35
204,35
205,35
205,35
205,35
205,35
205,35
205,35
205,35
205,35
205,35
205,35
205,35
205,35
206,35
206,35
206,35
206,35
206,35
206,35
207,35
207,35
207,35
207,35
207,35
207,35
207,35
207,35
207,35
207,35
207,35
207,35
207,35
208,35
208,35
208,35
208,35
208,35
208,35
208,35
208,35
208,35
208,35
208,35
208,35
208,35
209,35
209,35
209,35
209,35
209,35
209,35
210,35
210,35
210,35
210,35
210,35
210,35
210,35
210,35
210,35
210,35
210,35
210,35
210,35
211,35
211,35
211,35
211,35
211,35
211,35
212,35
212,35
212,35
212,35
212,35
212,35
212,35
212,35
212,35
212,35
212,35
212,35
213,35
213,35
213,35
213,35
213,35
213,35
213,35
214,35
214,35
214,35
214,35
214,35
214,35
214,35
214,35
214,35
214,35
214,35
214,35
215,35
215,35
215,35
215,35
215,35
215,35
215,35
215,35
215,35
215,35
215,35
215,35
215,35
216,35
216,35
216,35
216,35
216,35
216,35
217,35
217,35
217,35
217,35
217,35
217,35
217,35
217,35
217,35
217,35
217,35
217,35
217,35
218,35
218,35
218,35
218,35
218,35
218,35
219,35
219,35
219,35
219,35
219,35
219,35
219,35
219,35
219,35
219,35
219,35
219,35
219,35
220,35
220,35
220,35
220,35
220,35
220,35
220,35
220,35
220,35
220,35
220,35
220,35
221,35
221,35
221,35
221,35
221,35
221,35
221,35
222,35
222,35
222,35
222,35
222,35
222,35
222,35
222,35
222,35
222,35
222,35
222,35
223,35
223,35
223,35
223,35
223,35
223,35
224,35
224,35
224,35
224,35
224,35
224,35
224,35
224,35
224,35
224,35
224,35
224,35
224,35
225,35
225,35
225,35
225,35
225,35
225,35
225,35
225,35
225,35
225,35
225,35
225,35
225,35
226,35
226,35
226,35
226,35
226,35
226,35
227,35
227,35
227,35
227,35
227,35
227,35
227,35
227,35
227,35
227,35
227,35
227,35
228,35
228,35
228,35
228,35
228,35
228,35
228,35
229,35
229,35
229,35
229,35
229,35
229,35
229,35
229,35
229,35
229,35
229,35
229,35
230,35
230,35
230,35
230,35
230,35
230,35
230,35
231,35
231,35
231,35
231,35
231,35
231,35
231,35
231,35
231,35
231,35
231,35
231,35
232,35
232,35
232,35
232,35
232,35
232,35
232,35
232,35
232,35
232,35
232,35
232,35
232,35
233,35
233,35
233,35
233,35
233,35
233,35
234,35
234,35
234,35
234,35
234,35
234,35
234,35
234,35
234,35
234,35
234,35
234,35
234,35
235,35
235,35
235,35
235,35
235,35
235,35
236,35
236,35
236,35
236,35
236,35
236,35
236,35
236,35
236,35
236,35
236,35
236,35
236,35
237,35
237,35
237,35
237,35
237,35
237,35
237,35
237,35
237,35
237,35
237,35
237,35
238,35
238,35
238,35
238,35
238,35
238,35
239,35
239,35
239,35
239,35
239,35
239,35
239,35
239,35
239,35
239,35
239,35
239,35
239,35
240,35
240,35
240,35
240,35
240,35
240,35
241,35
241,35
241,35
241,35
241,35
241,35
241,35
241,35
241,35
241,35
241,35
241,35
241,35
242,35
242,35
242,35
242,35
242,35
242,35
243,35
243,35
243,35
243,35
243,35
243,35
243,35
243,35
243,35
243,35
243,35
243,35
243,35
244,35
244,35
244,35
244,35
244,35
244,35
244,35
244,35
244,35
244,35
244,35
244,35
245,35
245,35
245,35
245,35
245,35
245,35
245,35
246,35
246,35
246,35
246,35
246,35
246,35
246,35
246,35
246,35
246,35
246,35
246,35
247,35
247,35
247,35
247,35
247,35
247,35
247,35
248,35
248,35
248,35
248,35
248,35
248,35
248,35
248,35
248,35
248,35
248,35
248,35
249,35
249,35
249,35
249,35
249,35
249,35
249,35
249,35
249,35
249,35
249,35
249,35
249,35
250,35
250,35
250,35
250,35
250,35
250,35
251,35
251,35
251,35
251,35
251,35
251,35
251,35
251,35
251,35
251,35
251,35
251,35
251,35
252,35
252,35
252,35
252,35
252,35
252,35
253,35
253,35
253,35
253,35
253,35
253,35
253,35
253,35
253,35
253,35
253,35
253,35
253,35
254,35
254,35
254,35
254,35
254,35
254,35
255,35
255,35
255,35
255,35
255,35
255,35
255,35
255,35
255,35
255,35
255,35
255,35
256,35
256,35
256,35
256,35
256,35
256,35
256,35
256,35
256,35
256,35
256,35
256,35
256,35
257,35
257,35
257,35
257,35
257,35
257,35
258,35
258,35
258,35
258,35
258,35
258,35
258,35
258,35
258,35
258,35
258,35
258,35
258,35
259,35
259,35
259,35
259,35
259,35
259,35
260,35
260,35
260,35
260,35
260,35
260,35
260,35
260,35
260,35
260,35
260,35
260,35
260,35
261,35
261,35
261,35
261,35
261,35
261,35
261,35
261,35
261,35
261,35
261,35
261,35
262,35
262,35
262,35
262,35
262,35
262,35
262,35
263,35
263,35
263,35
263,35
263,35
263,35
263,35
263,35
263,35
263,35
263,35
263,35
264,35
264,35
264,35
264,35
264,35
264,35
264,35
265,35
265,35
265,35
265,35
265,35
265,35
265,35
265,35
265,35
265,35
265,35
265,35
266,35
266,35
266,35
266,35
266,35
266,35
266,35
267,35
267,35
267,35
267,35
267,35
267,35
267,35
267,35
267,35
267,35
267,35
267,35
268,35
268,35
268,35
268,35
268,35
268,35
268,35
268,35
268,35
268,35
268,35
268,35
268,35
269,35
269,35
269,35
269,35
269,35
269,35
270,35
270,35
270,35
270,35
270,35
270,35
270,35
270,35
270,35
270,35
270,35
270,35
270,35
271,35
271,35
271,35
271,35
271,35
271,35
272,35
272,35
272,35
272,35
272,35
272,35
272,35
272,35
272,35
272,35
272,35
272,35
273,35
273,35
273,35
273,35
273,35
273,35
273,35
273,35
273,35
273,35
273,35
273,35
273,35
274,35
274,35
274,35
274,35
274,35
274,35
275,35
275,35
275,35
275,35
275,35
275,35
275,35
275,35
275,35
275,35
275,35
275,35
275,35
276,35
276,35
276,35
276,35
276,35
276,35
277,35
277,35
277,35
277,35
277,35
277,35
277,35
277,35
277,35
277,35
277,35
277,35
277,35
278,35
278,35
278,35
278,35
278,35
278,35
278,35
278,35
278,35
278,35
278,35
278,35
279,35
279,35
279,35
279,35
279,35
279,35
279,35
280,35
280,35
280,35
280,35
280,35
280,35
280,35
280,35
280,35
280,35
280,35
280,35
281,35
281,35
281,35
281,35
281,35
281,35
281,35
282,35
282,35
282,35
282,35
282,35
282,35
282,35
282,35
282,35
282,35
282,35
282,35
283,35
283,35
283,35
283,35
283,35
283,35
284,35
284,35
284,35
284,35
284,35
284,35
284,35
284,35
284,35
284,35
284,35
284,35
284,35
285,35
285,35
285,35
285,35
285,35
285,35
285,35
285,35
285,35
285,35
285,35
285,35
285,35
286,35
286,35
286,35
286,35
286,35
286,35
287,35
287,35
287,35
287,35
287,35
287,35
287,35
287,35
287,35
287,35
287,35
287,35
287,35
288,35
288,35
288,35
288,35
288,35
288,35
289,35
289,35
289,35
289,35
289,35
289,35
289,35
289,35
289,35
289,35
289,35
289,35
290,35
290,35
290,35
290,35
290,35
290,35
290,35
290,35
290,35
290,35
290,35
290,35
290,35
291,35
291,35
291,35
291,35
291,35
291,35
292,35
292,35
292,35
292,35
292,35
292,35
292,35
292,35
292,35
292,35
292,35
292,35
292,35
293,35
293,35
293,35
293,35
293,35
293,35
294,35
294,35
294,35
294,35
294,35
294,35
294,35
294,35
294,35
294,35
294,35
294,35
294,35
295,35
295,35
295,35
295,35
295,35
295,35
296,35
296,35
296,35
296,35
296,35
296,35
296,35
296,35
296,35
296,35
296,35
296,35
296,35
297,35
297,35
297,35
297,35
297,35
297,35
297,35
297,35
297,35
297,35
297,35
297,35
298,35
298,35
298,35
298,35
298,35
298,35
298,35
299,35
299,35
299,35
299,35
299,35
299,35
299,35
299,35
299,35
299,35
299,35
299,35
300,35
300,35
300,35
300,35
300,35
300,35
301,35
301,35
301,35
301,35
301,35
301,35
301,35
301,35
301,35
301,35
301,35
301,35
301,35
302,35
302,35
302,35
302,35
302,35
302,35
302,35
302,35
302,35
302,35
302,35
302,35
302,35
303,35
303,35
303,35
303,35
303,35
303,35
304,35
304,35
304,35
304,35
304,35
304,35
304,35
304,35
304,35
304,35
304,35
304,35
304,35
305,35
305,35
305,35
305,35
305,35
305,35
306,35
306,35
306,35
306,35
306,35
306,35
306,35
306,35
306,35
306,35
306,35
306,35
307,35
307,35
307,35
307,35
307,35
307,35
307,35
308,35
308,35
308,35
308,35
308,35
308,35
308,35
308,35
308,35
308,35
308,35
308,35
309,35
309,35
309,35
309,35
309,35
309,35
309,35
309,35
309,35
309,35
309,35
309,35
309,35
310,35
310,35
310,35
310,35
310,35
310,35
311,35
311,35
311,35
311,35
311,35
311,35
311,35
311,35
311,35
311,35
311,35
311,35
311,35
312,35
312,35
312,35
312,35
312,35
312,35
313,35
313,35
313,35
313,35
313,35
313,35
313,35
313,35
313,35
313,35
313,35
313,35
313,35
314,35
314,35
314,35
314,35
314,35
314,35
314,35
314,35
314,35
314,35
314,35
314,35
315,35
315,35
315,35
315,35
315,35
315,35
315,35
316,35
316,35
316,35
316,35
316,35
316,35
316,35
316,35
316,35
316,35
316,35
316,35
317,35
317,35
317,35
317,35
317,35
317,35
318,35
318,35
318,35
318,35
318,35
318,35
318,35
318,35
318,35
318,35
318,35
318,35
318,35
319,35
319,35
319,35
319,35
319,35
319,35
320,35
320,35
320,35
320,35
320,35
320,35
320,35
320,35
320,35
320,35
320,35
320,35
320,35
321,35
321,35
321,35
321,35
321,35
321,35
321,35
321,35
321,35
321,35
321,35
321,35
321,35
322,35
322,35
322,35
322,35
322,35
322,35
323,35
323,35
323,35
323,35
323,35
323,35
323,35
323,35
323,35
323,35
323,35
323,35
324,35
324,35
324,35
324,35
324,35
324,35
324,35
325,35
325,35
325,35
325,35
325,35
325,35
325,35
325,35
325,35
325,35
325,35
325,35
326,35
326,35
326,35
326,35
326,35
326,35
326,35
326,35
326,35
326,35
326,35
326,35
326,35
327,35
327,35
327,35
327,35
327,35
327,35
328,35
328,35
328,35
328,35
328,35
328,35
328,35
328,35
328,35
328,35
328,35
328,35
328,35
329,35
329,35
329,35
329,35
329,35
329,35
330,35
330,35
330,35
330,35
330,35
330,35
330,35
330,35
330,35
330,35
330,35
330,35
330,35
331,35
331,35
331,35
331,35
331,35
331,35
332,35
332,35
332,35
332,35
332,35
332,35
332,35
332,35
332,35
332,35
332,35
332,35
332,35
333,35
333,35
333,35
333,35
333,35
333,35
333,35
333,35
333,35
333,35
333,35
333,35
334,35
334,35
334,35
334,35
334,35
334,35
335,35
335,35
335,35
335,35
335,35
335,35
335,35
335,35
335,35
335,35
335,35
335,35
335,35
336,35
336,35
336,35
336,35
336,35
336,35
337,35
337,35
337,35
337,35
337,35
337,35
337,35
337,35
337,35
337,35
337,35
337,35
337,35
338,35
338,35
338,35
338,35
338,35
338,35
338,35
338,35
338,35
338,35
338,35
338,35
338,35
339,35
339,35
339,35
339,35
339,35
339,35
340,35
340,35
340,35
340,35
340,35
340,35
340,35
340,35
340,35
340,35
340,35
340,35
341,35
341,35
341,35
341,35
341,35
341,35
341,35
342,35
342,35
342,35
342,35
342,35
342,35
342,35
342,35
342,35
342,35
342,35
342,35
343,35
343,35
343,35
343,35
343,35
343,35
343,35
343,35
343,35
343,35
343,35
343,35
343,35
344,35
344,35
344,35
344,35
344,35
344,35
345,35
345,35
345,35
345,35
345,35
345,35
345,35
345,35
345,35
345,35
345,35
345,35
345,35
346,35
346,35
346,35
346,35
346,35
346,35
347,35
347,35
347,35
347,35
347,35
347,35
347,35
347,35
347,35
347,35
347,35
347,35
347,35
348,35
348,35
348,35
348,35
348,35
348,35
349,35
349,35
349,35
349,35
349,35
349,35
349,35
349,35
349,35
349,35
349,35
349,35
349,35
350,35
350,35
350,35
350,35
350,35
350,35
350,35
350,35
350,35
350,35
350,35
350,35
351,35
351,35
351,35
351,35
351,35
351,35
352,35
352,35
352,35
352,35
352,35
352,35
352,35
352,35
352,35
352,35
352,35
352,35
352,35
353,35
353,35
353,35
353,35
353,35
353,35
354,35
354,35
354,35
354,35
354,35
354,35
354,35
354,35
354,35
354,35
354,35
354,35
354,35
355,35
355,35
355,35
355,35
355,35
355,35
355,35
355,35
355,35
355,35
355,35
355,35
355,35
356,35
356,35
356,35
356,35
356,35
356,35
357,35
357,35
357,35
357,35
357,35
357,35
357,35
357,35
357,35
357,35
357,35
357,35
358,35
358,35
358,35
358,35
358,35
358,35
358,35
359,35
359,35
359,35
359,35
359,35
359,35
359,35
359,35
359,35
359,35
359,35
359,35
360,35
360,35
360,35
360,35
360,35
360,35
360,35
361,35
361,35
361,35
361,35
361,35
361,35
361,35
361,35
361,35
361,35
361,35
361,35
362,35
362,35
362,35
362,35
362,35
362,35
362,35
362,35
362,35
362,35
362,35
362,35
362,35
363,35
363,35
363,35
363,35
363,35
363,35
364,35
364,35
364,35
364,35
364,35
364,35
364,35
364,35
364,35
364,35
364,35
364,35
364,35
365,35
365,35
365,35
365,35
365,35
365,35
366,35
366,35
366,35
366,35
366,35
366,35
366,35
366,35
366,35
366,35
366,35
366,35
366,35
367,35
367,35
367,35
367,35
367,35
367,35
367,35
367,35
367,35
367,35
367,35
367,35
368,35
368,35
368,35
368,35
368,35
368,35
369,35
369,35
369,35
369,35
369,35
369,35
369,35
369,35
369,35
369,35
369,35
369,35
369,35
370,35
370,35
370,35
370,35
370,35
370,35
371,35
371,35
371,35
371,35
371,35
371,35
371,35
371,35
371,35
371,35
371,35
371,35
371,35
372,35
372,35
372,35
372,35
372,35
372,35
373,35
373,35
373,35
373,35
373,35
373,35
373,35
373,35
373,35
373,35
373,35
373,35
373,35
374,35
374,35
374,35
374,35
374,35
374,35
374,35
374,35
374,35
374,35
374,35
374,35
375,35
375,35
375,35
375,35
375,35
375,35
375,35
376,35
376,35
376,35
376,35
376,35
376,35
376,35
376,35
376,35
376,35
376,35
376,35
377,35
377,35
377,35
377,35
377,35
377,35
377,35
378,35
378,35
378,35
378,35
378,35
378,35
378,35
378,35
378,35
378,35
378,35
378,35
379,35
379,35
379,35
379,35
379,35
379,35
379,35
379,35
379,35
379,35
379,35
379,35
379,35
380,35
380,35
380,35
380,35
380,35
380,35
381,35
381,35
381,35
381,35
381,35
381,35
381,35
381,35
381,35
381,35
381,35
381,35
381,35
382,35
382,35
382,35
382,35
382,35
382,35
383,35
383,35
383,35
383,35
383,35
383,35
383,35
383,35
383,35
383,35
383,35
383,35
384,35
384,35
384,35
384,35
384,35
384,35
384,35
385,35
385,35
385,35
385,35
385,35
385,35
385,35
385,35
385,35
385,35
385,35
385,35
386,35
386,35
386,35
386,35
386,35
386,35
386,35
386,35
386,35
386,35
386,35
386,35
386,35
387,35
387,35
387,35
387,35
387,35
387,35
388,35
388,35
388,35
388,35
388,35
388,35
388,35
388,35
388,35
388,35
388,35
388,35
388,35
389,35
389,35
389,35
389,35
389,35
389,35
390,35
390,35
390,35
390,35
390,35
390,35
390,35
390,35
390,35
390,35
390,35
390,35
390,35
391,35
391,35
391,35
391,35
391,35
391,35
391,35
391,35
391,35
391,35
391,35
391,35
392,35
392,35
392,35
392,35
392,35
392,35
392,35
393,35
393,35
393,35
393,35
393,35
393,35
393,35
393,35
393,35
393,35
393,35
393,35
394,35
394,35
394,35
394,35
394,35
394,35
394,35
395,35
395,35
395,35
395,35
395,35
395,35
395,35
395,35
395,35
395,35
395,35
395,35
396,35
396,35
396,35
396,35
396,35
396,35
396,35
396,35
396,35
396,35
396,35
396,35
396,35
397,35
397,35
397,35
397,35
397,35
397,35
398,35
398,35
398,35
398,35
398,35
398,35
398,35
398,35
398,35
398,35
398,35
398,35
398,35
399,35
399,35
399,35
399,35
399,35
399,35
400,35
400,35
400,35
400,35
400,35
400,35
400,35
400,35
400,35
400,35
400,35
400,35
401,35
401,35
401,35
401,35
401,35
401,35
401,35
402,35
402,35
402,35
402,35
402,35
402,35
402,35
402,35
402,35
402,35
402,35
402,35
403,35
403,35
403,35
403,35
403,35
403,35
403,35
403,35
403,35
403,35
403,35
403,35
403,35
404,35
404,35
404,35
404,35
404,35
404,35
405,35
405,35
405,35
405,35
405,35
405,35
405,35
405,35
405,35
405,35
405,35
405,35
405,35
406,35
406,35
406,35
406,35
406,35
406,35
407,35
407,35
407,35
407,35
407,35
407,35
407,35
407,35
407,35
407,35
407,35
407,35
407,35
408,35
408,35
408,35
408,35
408,35
408,35
408,35
408,35
408,35
408,35
408,35
408,35
409,35
409,35
409,35
409,35
409,35
409,35
409,35
410,35
410,35
410,35
410,35
410,35
410,35
410,35
410,35
410,35
410,35
410,35
410,35
411,35
411,35
411,35
411,35
411,35
411,35
412,35
412,35
412,35
412,35
412,35
412,35
412,35
412,35
412,35
412,35
412,35
412,35
412,35
413,35
413,35
413,35
413,35
413,35
413,35
414,35
414,35
414,35
414,35
414,35
414,35
414,35
414,35
414,35
414,35
414,35
414,35
414,35
415,35
415,35
415,35
415,35
415,35
415,35
415,35
415,35
415,35
415,35
415,35
415,35
415,35
416,35
416,35
416,35
416,35
416,35
416,35
417,35
417,35
417,35
417,35
417,35
417,35
417,35
417,35
417,35
417,35
417,35
417,35
418,35
418,35
418,35
418,35
418,35
418,35
418,35
419,35
419,35
419,35
419,35
419,35
419,35
419,35
419,35
419,35
419,35
419,35
419,35
420,35
420,35
420,35
420,35
420,35
420,35
420,35
420,35
420,35
420,35
420,35
420,35
420,35
421,35
421,35
421,35
421,35
421,35
421,35
422,35
422,35
422,35
422,35
422,35
422,35
422,35
422,35
422,35
422,35
422,35
422,35
422,35
423,35
423,35
423,35
423,35
423,35
423,35
424,35
424,35
424,35
424,35
424,35
424,35
424,35
424,35
424,35
424,35
424,35
424,35
424,35
425,35
425,35
425,35
425,35
425,35
425,35
426,35
426,35
426,35
426,35
426,35
426,35
426,35
426,35
426,35
426,35
426,35
426,35
426,35
427,35
427,35
427,35
427,35
427,35
427,35
427,35
427,35
427,35
427,35
427,35
427,35
428,35
428,35
428,35
428,35
428,35
428,35
429,35
429,35
429,35
429,35
429,35
429,35
429,35
429,35
429,35
429,35
429,35
429,35
429,35
430,35
430,35
430,35
430,35
430,35
430,35
431,35
431,35
431,35
431,35
431,35
431,35
431,35
431,35
431,35
431,35
431,35
431,35
431,35
432,35
432,35
432,35
432,35
432,35
432,35
432,35
432,35
432,35
432,35
432,35
432,35
432,35
433,35
433,35
433,35
433,35
433,35
433,35
434,35
434,35
434,35
434,35
434,35
434,35
434,35
434,35
434,35
434,35
434,35
434,35
435,35
435,35
435,35
435,35
435,35
435,35
435,35
436,35
436,35
436,35
436,35
436,35
436,35
436,35
436,35
436,35
436,35
436,35
436,35
437,35
437,35
437,35
437,35
437,35
437,35
437,35
438,35
438,35
438,35
438,35
438,35
438,35
438,35
438,35
438,35
438,35
438,35
438,35
439,35
439,35
439,35
439,35
439,35
439,35
439,35
439,35
439,35
439,35
439,35
439,35
439,35
440,35
440,35
440,35
440,35
440,35
440,35
441,35
441,35
441,35
441,35
441,35
441,35
441,35
441,35
441,35
441,35
441,35
441,35
441,35
442,35
442,35
442,35
442,35
442,35
442,35
443,35
443,35
443,35
443,35
443,35
443,35
443,35
443,35
443,35
443,35
443,35
443,35
443,35
444,35
444,35
444,35
444,35
444,35
444,35
444,35
444,35
444,35
444,35
444,35
444,35
445,35
445,35
445,35
445,35
445,35
445,35
446,35
446,35
446,35
446,35
446,35
446,35
446,35
446,35
446,35
446,35
446,35
446,35
446,35
447,35
447,35
447,35
447,35
447,35
447,35
448,35
448,35
448,35
448,35
448,35
448,35
448,35
448,35
448,35
448,35
448,35
448,35
448,35
449,35
449,35
449,35
449,35
449,35
449,35
449,35
449,35
449,35
449,35
449,35
449,35
449,35
450,35
450,35
450,35
450,35
450,35
450,35
451,35
451,35
451,35
451,35
451,35
451,35
451,35
451,35
451,35
451,35
451,35
451,35
452,35
452,35
452,35
452,35
452,35
452,35
452,35
453,35
453,35
453,35
453,35
453,35
453,35
453,35
453,35
453,35
453,35
453,35
453,35
454,35
454,35
454,35
454,35
454,35
454,35
454,35
455,35
455,35
455,35
455,35
455,35
455,35
455,35
455,35
455,35
455,35
455,35
455,35
456,35
456,35
456,35
456,35
456,35
456,35
456,35
456,35
456,35
456,35
456,35
456,35
456,35
457,35
457,35
457,35
457,35
457,35
457,35
458,35
458,35
458,35
458,35
458,35
458,35
458,35
458,35
458,35
458,35
458,35
458,35
458,35
459,35
459,35
459,35
459,35
459,35
459,35
460,35
460,35
460,35
460,35
460,35
460,35
460,35
460,35
460,35
460,35
460,35
460,35
460,35
461,35
461,35
461,35
461,35
461,35
461,35
461,35
461,35
461,35
461,35
461,35
461,35
462,35
462,35
462,35
462,35
462,35
462,35
463,35
463,35
463,35
463,35
463,35
463,35
463,35
463,35
463,35
463,35
463,35
463,35
463,35
464,35
464,35
464,35
464,35
464,35
464,35
465,35
465,35
465,35
465,35
465,35
465,35
465,35
465,35
465,35
465,35
465,35
465,35
465,35
466,35
466,35
466,35
466,35
466,35
466,35
467,35
467,35
467,35
467,35
467,35
467,35
467,35
467,35
467,35
467,35
467,35
467,35
467,35
468,35
468,35
468,35
468,35
468,35
468,35
468,35
468,35
468,35
468,35
468,35
468,35
469,35
469,35
469,35
469,35
469,35
469,35
469,35
470,35
470,35
470,35
470,35
470,35
470,35
470,35
470,35
470,35
470,35
470,35
470,35
471,35
471,35
471,35
471,35
471,35
471,35
471,35
472,35
472,35
472,35
472,35
472,35
472,35
472,35
472,35
472,35
472,35
472,35
472,35
473,35
473,35
473,35
473,35
473,35
473,35
473,35
473,35
473,35
473,35
473,35
473,35
473,35
474,35
474,35
474,35
474,35
474,35
474,35
475,35
475,35
475,35
475,35
475,35
475,35
475,35
475,35
475,35
475,35
475,35
475,35
475,35
476,35
476,35
476,35
476,35
476,35
476,35
477,35
477,35
477,35
477,35
477,35
477,35
477,35
477,35
477,35
477,35
477,35
477,35
477,35
478,35
478,35
478,35
478,35
478,35
478,35
479,35
479,35
479,35
479,35
479,35
479,35
479,35
479,35
479,35
479,35
479,35
479,35
480,35
480,35
480,35
480,35
480,35
480,35
480,35
480,35
480,35
480,35
480,35
480,35
480,35
481,35
481,35
481,35
481,35
481,35
481,35
482,35
482,35
482,35
482,35
482,35
482,35
482,35
482,35
482,35
482,35
482,35
482,35
482,35
483,35
483,35
483,35
483,35
483,35
483,35
484,35
484,35
484,35
484,35
484,35
484,35
484,35
484,35
484,35
484,35
484,35
484,35
484,35
485,35
485,35
485,35
485,35
485,35
485,35
485,35
485,35
485,35
485,35
485,35
485,35
486,35
486,35
486,35
486,35
486,35
486,35
486,35
487,35
487,35
487,35
487,35
487,35
487,35
487,35
487,35
487,35
487,35
487,35
487,35
488,35
488,35
488,35
488,35
488,35
488,35
488,35
489,35
489,35
489,35
489,35
489,35
489,35
489,35
489,35
489,35
489,35
489,35
489,35
490,35
490,35
490,35
490,35
490,35
490,35
491,35
491,35
491,35
491,35
491,35
491,35
491,35
491,35
491,35
491,35
491,35
491,35
491,35
492,35
492,35
492,35
492,35
492,35
492,35
492,35
492,35
492,35
492,35
492,35
492,35
492,35
493,35
493,35
493,35
493,35
493,35
493,35
494,35
494,35
494,35
494,35
494,35
494,35
494,35
494,35
494,35
494,35
494,35
494,35
494,35
495,35
495,35
495,35
495,35
495,35
495,35
496,35
496,35
496,35
496,35
496,35
496,35
496,35
496,35
496,35
496,35
496,35
496,35
497,35
497,35
497,35
497,35
497,35
497,35
497,35
497,35
497,35
497,35
497,35
497,35
497,35
498,35
498,35
498,35
498,35
498,35
498,35
499,35
499,35
499,35
499,35
499,35
499,35
499,35
499,35
499,35
499,35
499,35
499,35
499,35
500,35
500,35
500,35
500,35
500,35
500,35
501,35
501,35
501,35
501,35
501,35
501,35
501,35
501,35
501,35
501,35
501,35
501,35
501,35
502,35
502,35
502,35
502,35
502,35
502,35
503,35
503,35
503,35
503,35
503,35
503,35
503,35
503,35
503,35
503,35
503,35
503,35
503,35
504,35
504,35
504,35
504,35
504,35
504,35
504,35
504,35
504,35
504,35
504,35
504,35
505,35
505,35
505,35
505,35
505,35
505,35
505,35
506,35
506,35
506,35
506,35
506,35
506,35
506,35
506,35
506,35
506,35
506,35
506,35
507,35
507,35
507,35
507,35
507,35
507,35
508,35
508,35
508,35
508,35
508,35
508,35
508,35
508,35
508,35
508,35
508,35
508,35
508,35
509,35
509,35
509,35
509,35
509,35
509,35
509,35
509,35
509,35
509,35
509,35
509,35
509,35
510,35
510,35
510,35
510,35
510,35
510,35
511,35
511,35
511,35
511,35
511,35
511,35
511,35
511,35
511,35
511,35
511,35
511,35
511,35
512,35
512,35
512,35
512,35
512,35
512,35
513,35
513,35
513,35
513,35
513,35
513,35
513,35
513,35
513,35
513,35
513,35
513,35
514,35
514,35
514,35
514,35
514,35
514,35
514,35
514,35
514,35
514,35
514,35
514,35
514,35
515,35
515,35
515,35
515,35
515,35
515,35
516,35
516,35
516,35
516,35
516,35
516,35
516,35
516,35
516,35
516,35
516,35
516,35
516,35
517,35
517,35
517,35
517,35
517,35
517,35
518,35
518,35
518,35
518,35
518,35
518,35
518,35
518,35
518,35
518,35
518,35
518,35
518,35
519,35
519,35
519,35
519,35
519,35
519,35
520,35
520,35
520,35
520,35
520,35
520,35
520,35
520,35
520,35
520,35
520,35
520,35
520,35
521,35
521,35
521,35
521,35
521,35
521,35
521,35
521,35
521,35
521,35
521,35
521,35
522,35
522,35
522,35
522,35
522,35
522,35
522,35
523,35
523,35
523,35
523,35
523,35
523,35
523,35
523,35
523,35
523,35
523,35
523,35
524,35
524,35
524,35
524,35
524,35
524,35
525,35
525,35
525,35
525,35
525,35
525,35
525,35
525,35
525,35
525,35
525,35
525,35
525,35
526,35
526,35
526,35
526,35
526,35
526,35
526,35
526,35
526,35
526,35
526,35
526,35
526,35
527,35
527,35
527,35
527,35
527,35
527,35
528,35
528,35
528,35
528,35
528,35
528,35
528,35
528,35
528,35
528,35
528,35
528,35
529,35
529,35
529,35
529,35
529,35
529,35
529,35
530,35
530,35
530,35
530,35
530,35
530,35
530,35
530,35
530,35
530,35
530,35
530,35
531,35
531,35
531,35
531,35
531,35
531,35
531,35
532,35
532,35
532,35
532,35
532,35
532,35
532,35
532,35
532,35
532,35
532,35
532,35
533,35
533,35
533,35
533,35
533,35
533,35
533,35
533,35
533,35
533,35
533,35
533,35
533,35
534,35
534,35
534,35
534,35
534,35
534,35
535,35
535,35
535,35
535,35
535,35
535,35
535,35
535,35
535,35
535,35
535,35
535,35
535,35
536,35
536,35
536,35
536,35
536,35
536,35
537,35
537,35
537,35
537,35
537,35
537,35
537,35
537,35
537,35
537,35
537,35
537,35
537,35
538,35
538,35
538,35
538,35
538,35
538,35
538,35
538,35
538,35
538,35
538,35
538,35
539,35
539,35
539,35
539,35
539,35
539,35
539,35
540,35
540,35
540,35
540,35
540,35
540,35
540,35
540,35
540,35
540,35
540,35
540,35
541,35
541,35
541,35
541,35
541,35
541,35
542,35
542,35
542,35
542,35
542,35
542,35
542,35
542,35
542,35
542,35
542,35
542,35
542,35
543,35
543,35
543,35
543,35
543,35
543,35
544,35
544,35
544,35
544,35
544,35
544,35
544,35
544,35
544,35
544,35
544,35
544,35
544,35
545,35
545,35
545,35
545,35
545,35
545,35
545,35
545,35
545,35
545,35
545,35
545,35
546,35
546,35
546,35
546,35
546,35
546,35
546,35
547,35
547,35
547,35
547,35
547,35
547,35
547,35
547,35
547,35
547,35
547,35
547,35
548,35
548,35
548,35
548,35
548,35
548,35
548,35
549,35
549,35
549,35
549,35
549,35
549,35
549,35
549,35
549,35
549,35
549,35
549,35
550,35
550,35
550,35
550,35
550,35
550,35
550,35
550,35
550,35
550,35
550,35
550,35
550,35
551,35
551,35
551,35
551,35
551,35
551,35
552,35
552,35
552,35
552,35
552,35
552,35
552,35
552,35
552,35
552,35
552,35
552,35
552,35
553,35
553,35
553,35
553,35
553,35
553,35
554,35
554,35
554,35
554,35
554,35
554,35
554,35
554,35
554,35
554,35
554,35
554,35
554,35
555,35
555,35
555,35
555,35
555,35
555,35
556,35
556,35
556,35
556,35
556,35
556,35
556,35
556,35
556,35
556,35
556,35
556,35
557,35
557,35
557,35
557,35
557,35
557,35
557,35
557,35
557,35
557,35
557,35
557,35
557,35
558,35
558,35
558,35
558,35
558,35
558,35
559,35
559,35
559,35
559,35
559,35
559,35
559,35
559,35
559,35
559,35
559,35
559,35
559,35
560,35
560,35
560,35
560,35
560,35
560,35
561,35
561,35
561,35
561,35
561,35
561,35
561,35
561,35
561,35
561,35
561,35
561,35
561,35
562,35
562,35
562,35
562,35
562,35
562,35
562,35
562,35
562,35
562,35
562,35
562,35
563,35
563,35
563,35
563,35
563,35
563,35
563,35
564,35
564,35
564,35
564,35
564,35
564,35
564,35
564,35
564,35
564,35
564,35
564,35
565,35
565,35
565,35
565,35
565,35
565,35
565,35
566,35
566,35
566,35
566,35
566,35
566,35
566,35
566,35
566,35
566,35
566,35
566,35
567,35
567,35
567,35
567,35
567,35
567,35
567,35
567,35
567,35
567,35
567,35
567,35
567,35
568,35
568,35
568,35
568,35
568,35
568,35
569,35
569,35
569,35
569,35
569,35
569,35
569,35
569,35
569,35
569,35
569,35
569,35
569,35
570,35
570,35
570,35
570,35
570,35
570,35
571,35
571,35
571,35
571,35
571,35
571,35
571,35
571,35
571,35
571,35
571,35
571,35
571,35
572,35
572,35
572,35
572,35
572,35
572,35
573,35
573,35
573,35
573,35
573,35
573,35
573,35
573,35
573,35
573,35
573,35
573,35
574,35
574,35
574,35
574,35
574,35
574,35
574,35
574,35
574,35
574,35
574,35
574,35
574,35
575,35
575,35
575,35
575,35
575,35
575,35
576,35
576,35
576,35
576,35
576,35
576,35
576,35
576,35
576,35
576,35
576,35
576,35
576,35
577,35
577,35
577,35
577,35
577,35
577,35
578,35
578,35
578,35
578,35
578,35
578,35
578,35
578,35
578,35
578,35
578,35
578,35
578,35
579,35
579,35
579,35
579,35
579,35
579,35
579,35
579,35
579,35
579,35
579,35
579,35
580,35
580,35
580,35
580,35
580,35
580,35
580,35
581,35
581,35
581,35
581,35
581,35
581,35
581,35
581,35
581,35
581,35
581,35
581,35
582,35
582,35
582,35
582,35
582,35
582,35
582,35
583,35
583,35
583,35
583,35
583,35
583,35
583,35
583,35
583,35
583,35
583,35
583,35
584,35
584,35
584,35
584,35
584,35
584,35
585,35
585,35
585,35
585,35
585,35
585,35
585,35
585,35
585,35
585,35
585,35
585,35
585,35
586,35
586,35
586,35
586,35
586,35
586,35
586,35
586,35
586,35
586,35
586,35
586,35
586,35
587,35
587,35
587,35
587,35
587,35
587,35
588,35
588,35
588,35
588,35
588,35
588,35
588,35
588,35
588,35
588,35
588,35
588,35
588,35
589,35
589,35
589,35
589,35
589,35
589,35
590,35
590,35
590,35
590,35
590,35
590,35
590,35
590,35
590,35
590,35
590,35
590,35
591,35
591,35
591,35
591,35
591,35
591,35
591,35
591,35
591,35
591,35
591,35
591,35
591,35
592,35
592,35
592,35
592,35
592,35
592,35
593,35
593,35
593,35
593,35
593,35
593,35
593,35
593,35
593,35
593,35
593,35
593,35
593,35
594,35
594,35
594,35
594,35
594,35
594,35
595,35
595,35
595,35
595,35
595,35
595,35
595,35
595,35
595,35
595,35
595,35
595,35
595,35
596,35
596,35
596,35
596,35
596,35
596,35
597,35
597,35
597,35
597,35
597,35
597,35
597,35
597,35
597,35
597,35
597,35
597,35
597,35
598,35
598,35
598,35
598,35
598,35
598,35
598,35
598,35
598,35
598,35
598,35
598,35
599,35
599,35
599,35
599,35
599,35
599,35
599,35
600,35
600,35
600,35
600,35
600,35
600,35
600,35
600,35
600,35
600,35
600,35
600,35
601,35
601,35
601,35
601,35
601,35
601,35
602,35
602,35
602,35
602,35
602,35
602,35
602,35
602,35
602,35
602,35
602,35
602,35
602,35
603,35
603,35
603,35
603,35
603,35
603,35
603,35
603,35
603,35
603,35
603,35
603,35
603,35
604,35
604,35
604,35
604,35
604,35
604,35
605,35
605,35
605,35
605,35
605,35
605,35
605,35
605,35
605,35
605,35
605,35
605,35
605,35
606,35
606,35
606,35
606,35
606,35
606,35
607,35
607,35
607,35
607,35
607,35
607,35
607,35
607,35
607,35
607,35
607,35
607,35
608,35
608,35
608,35
608,35
608,35
608,35
608,35
609,35
609,35
609,35
609,35
609,35
609,35
609,35
609,35
609,35
609,35
609,35
609,35
610,35
610,35
610,35
610,35
610,35
610,35
610,35
610,35
610,35
610,35
610,35
610,35
610,35
611,35
611,35
611,35
611,35
611,35
611,35
612,35
612,35
612,35
612,35
612,35
612,35
612,35
612,35
612,35
612,35
612,35
612,35
612,35
613,35
613,35
613,35
613,35
613,35
613,35
614,35
614,35
614,35
614,35
614,35
614,35
614,35
614,35
614,35
614,35
614,35
614,35
614,35
615,35
615,35
615,35
615,35
615,35
615,35
615,35
615,35
615,35
615,35
615,35
615,35
616,35
616,35
616,35
616,35
616,35
616,35
616,35
617,35
617,35
617,35
617,35
617,35
617,35
617,35
617,35
617,35
617,35
617,35
617,35
618,35
618,35
618,35
618,35
618,35
618,35
619,35
619,35
619,35
619,35
619,35
619,35
619,35
619,35
619,35
619,35
619,35
619,35
619,35
620,35
620,35
620,35
620,35
620,35
620,35
620,35
620,35
620,35
620,35
620,35
620,35
620,35
621,35
621,35
621,35
621,35
621,35
621,35
622,35
622,35
622,35
622,35
622,35
622,35
622,35
622,35
622,35
622,35
622,35
622,35
622,35
623,35
623,35
623,35
623,35
623,35
623,35
624,35
624,35
624,35
624,35
624,35
624,35
624,35
624,35
624,35
624,35
624,35
624,35
625,35
625,35
625,35
625,35
625,35
625,35
625,35
626,35
626,35
626,35
626,35
626,35
626,35
626,35
626,35
626,35
626,35
626,35
626,35
627,35
627,35
627,35
627,35
627,35
627,35
627,35
627,35
627,35
627,35
627,35
627,35
627,35
628,35
628,35
628,35
628,35
628,35
628,35
629,35
629,35
629,35
629,35
629,35
629,35
629,35
629,35
629,35
629,35
629,35
629,35
629,35
630,35
630,35
630,35
630,35
630,35
630,35
631,35
631,35
631,35
631,35
631,35
631,35
631,35
631,35
631,35
631,35
631,35
631,35
631,35
632,35
632,35
632,35
632,35
632,35
632,35
632,35
632,35
632,35
632,35
632,35
632,35
633,35
633,35
633,35
633,35
633,35
633,35
633,35
634,35
634,35
634,35
634,35
634,35
634,35
634,35
634,35
634,35
634,35
634,35
634,35
635,35
635,35
635,35
635,35
635,35
635,35
636,35
636,35
636,35
636,35
636,35
636,35
636,35
636,35
636,35
636,35
636,35
636,35
636,35
637,35
637,35
637,35
637,35
637,35
637,35
638,35
638,35
638,35
638,35
638,35
638,35
638,35
638,35
638,35
638,35
638,35
638,35
638,35
639,35
639,35
639,35
639,35
639,35
639,35
639,35
639,35
639,35
639,35
639,35
639,35
639,35
640,35
640,35
640,35
640,35
640,35
640,35
641,35
641,35
641,35
641,35
641,35
641,35
641,35
641,35
641,35
641,35
641,35
641,35
642,35
642,35
642,35
642,35
642,35
642,35
642,35
643,35
643,35
643,35
643,35
643,35
643,35
643,35
643,35
643,35
643,35
643,35
643,35
644,35
644,35
644,35
644,35
644,35
644,35
644,35
644,35
644,35
644,35
644,35
644,35
644,35
645,35
645,35
645,35
645,35
645,35
645,35
646,35
646,35
646,35
646,35
646,35
646,35
646,35
646,35
646,35
646,35
646,35
646,35
646,35
647,35
647,35
647,35
647,35
647,35
647,35
648,35
648,35
648,35
648,35
648,35
648,35
648,35
648,35
648,35
648,35
648,35
648,35
648,35
649,35
649,35
649,35
649,35
649,35
649,35
650,35
650,35
650,35
650,35
650,35
650,35
650,35
650,35
650,35
650,35
650,35
650,35
650,35
651,35
651,35
651,35
651,35
651,35
651,35
651,35
651,35
651,35
651,35
651,35
651,35
652,35
652,35
652,35
652,35
652,35
652,35
653,35
653,35
653,35
653,35
653,35
653,35
653,35
653,35
653,35
653,35
653,35
653,35
653,35
654,35
654,35
654,35
654,35
654,35
654,35
655,35
655,35
655,35
655,35
655,35
655,35
655,35
655,35
655,35
655,35
655,35
655,35
655,35
656,35
656,35
656,35
656,35
656,35
656,35
656,35
656,35
656,35
656,35
656,35
656,35
656,35
657,35
657,35
657,35
657,35
657,35
657,35
658,35
658,35
658,35
658,35
658,35
658,35
658,35
658,35
658,35
658,35
658,35
658,35
659,35
659,35
659,35
659,35
659,35
659,35
659,35
660,35
660,35
660,35
660,35
660,35
660,35
660,35
660,35
660,35
660,35
660,35
660,35
661,35
661,35
661,35
661,35
661,35
661,35
661,35
662,35
662,35
662,35
662,35
662,35
662,35
662,35
662,35
662,35
662,35
662,35
662,35
663,35
663,35
663,35
663,35
663,35
663,35
663,35
663,35
663,35
663,35
663,35
663,35
663,35
664,35
664,35
664,35
664,35
664,35
664,35
665,35
665,35
665,35
665,35
665,35
665,35
665,35
665,35
665,35
665,35
665,35
665,35
665,35
666,35
666,35
666,35
666,35
666,35
666,35
667,35
667,35
667,35
667,35
667,35
667,35
667,35
667,35
667,35
667,35
667,35
667,35
667,35
668,35
668,35
668,35
668,35
668,35
668,35
668,35
668,35
668,35
668,35
668,35
668,35
669,35
669,35
669,35
669,35
669,35
669,35
670,35
670,35
670,35
670,35
670,35
670,35
670,35
670,35
670,35
670,35
670,35
670,35
670,35
671,35
671,35
671,35
671,35
671,35
671,35
672,35
672,35
672,35
672,35
672,35
672,35
672,35
672,35
672,35
672,35
672,35
672,35
672,35
673,35
673,35
673,35
673,35
673,35
673,35
674,35
674,35
674,35
674,35
674,35
674,35
674,35
674,35
674,35
674,35
674,35
674,35
674,35
675,35
675,35
675,35
675,35
675,35
675,35
675,35
675,35
675,35
675,35
675,35
675,35
676,35
676,35
676,35
676,35
676,35
676,35
676,35
677,35
677,35
677,35
677,35
677,35
677,35
677,35
677,35
677,35
677,35
677,35
677,35
678,35
678,35
678,35
678,35
678,35
678,35
678,35
679,35
679,35
679,35
679,35
679,35
679,35
679,35
679,35
679,35
679,35
679,35
679,35
680,35
680,35
680,35
680,35
680,35
680,35
680,35
680,35
680,35
680,35
680,35
680,35
680,35
681,35
681,35
681,35
681,35
681,35
681,35
682,35
682,35
682,35
682,35
682,35
682,35
682,35
682,35
682,35
682,35
682,35
682,35
682,35
683,35
683,35
683,35
683,35
683,35
683,35
684,35
684,35
684,35
684,35
684,35
684,35
684,35
684,35
684,35
684,35
684,35
684,35
684,35
685,35
685,35
685,35
685,35
685,35
685,35
686,35
686,35
686,35
686,35
686,35
686,35
686,35
686,35
686,35
686,35
686,35
686,35
686,35
687,35
687,35
687,35
687,35
687,35
687,35
687,35
687,35
687,35
687,35
687,35
687,35
688,35
688,35
688,35
688,35
688,35
688,35
689,35
689,35
689,35
689,35
689,35
689,35
689,35
689,35
689,35
689,35
689,35
689,35
689,35
690,35
690,35
690,35
690,35
690,35
690,35
691,35
691,35
691,35
691,35
691,35
691,35
691,35
691,35
691,35
691,35
691,35
691,35
691,35
692,35
692,35
692,35
692,35
692,35
692,35
692,35
692,35
692,35
692,35
692,35
692,35
692,35
693,35
693,35
693,35
693,35
693,35
693,35
694,35
694,35
694,35
694,35
694,35
694,35
694,35
694,35
694,35
694,35
694,35
694,35
695,35
695,35
695,35
695,35
695,35
695,35
695,35
696,35
696,35
696,35
696,35
696,35
696,35
696,35
696,35
696,35
696,35
696,35
696,35
697,35
697,35
697,35
697,35
697,35
697,35
697,35
697,35
697,35
697,35
697,35
697,35
697,35
698,35
698,35
698,35
698,35
698,35
698,35
699,35
699,35
699,35
699,35
699,35
699,35
699,35
699,35
699,35
699,35
699,35
699,35
699,35
700,35
700,35
700,35
700,35
700,35
700,35
701,35
701,35
701,35
701,35
701,35
701,35
701,35
701,35
701,35
701,35
701,35
701,35
701,35
702,35
702,35
702,35
702,35
702,35
702,35
703,35
703,35
703,35
703,35
703,35
703,35
703,35
703,35
703,35
703,35
703,35
703,35
704,35
704,35
704,35
704,35
704,35
704,35
704,35
704,35
704,35
704,35
704,35
704,35
704,35
705,35
705,35
705,35
705,35
705,35
705,35
706,35
706,35
706,35
706,35
706,35
706,35
706,35
706,35
706,35
706,35
706,35
706,35
706,35
707,35
707,35
707,35
707,35
707,35
707,35
708,35
708,35
708,35
708,35
708,35
708,35
708,35
708,35
708,35
708,35
708,35
708,35
708,35
709,35
709,35
709,35
709,35
709,35
709,35
709,35
709,35
709,35
709,35
709,35
709,35
710,35
710,35
710,35
710,35
710,35
710,35
710,35
711,35
711,35
711,35
711,35
711,35
711,35
711,35
711,35
711,35
711,35
711,35
711,35
712,35
712,35
712,35
712,35
712,35
712,35
712,35
713,35
713,35
713,35
713,35
713,35
713,35
713,35
713,35
713,35
713,35
713,35
713,35
714,35
714,35
714,35
714,35
714,35
714,35
715,35
715,35
715,35
715,35
715,35
715,35
715,35
715,35
715,35
715,35
715,35
715,35
715,35
716,35
716,35
716,35
716,35
716,35
716,35
716,35
716,35
716,35
716,35
716,35
716,35
716,35
717,35
717,35
717,35
717,35
717,35
717,35
718,35
718,35
718,35
718,35
718,35
718,35
718,35
718,35
718,35
718,35
718,35
718,35
719,35
719,35
719,35
719,35
719,35
719,35
719,35
720,35
720,35
720,35
720,35
720,35
720,35
720,35
720,35
720,35
720,35
720,35
720,35
721,35
721,35
721,35
721,35
721,35
721,35
721,35
721,35
721,35
721,35
721,35
721,35
721,35
722,35
722,35
722,35
722,35
722,35
722,35
723,35
723,35
723,35
723,35
723,35
723,35
723,35
723,35
723,35
723,35
723,35
723,35
723,35
724,35
724,35
724,35
724,35
724,35
724,35
725,35
725,35
725,35
725,35
725,35
725,35
725,35
725,35
725,35
725,35
725,35
725,35
725,35
726,35
726,35
726,35
726,35
726,35
726,35
727,35
727,35
727,35
727,35
727,35
727,35
727,35
727,35
727,35
727,35
727,35
727,35
727,35
728,35
728,35
728,35
728,35
728,35
728,35
728,35
728,35
728,35
728,35
728,35
728,35
729,35
729,35
729,35
729,35
729,35
729,35
729,35
730,35
730,35
730,35
730,35
730,35
730,35
730,35
730,35
730,35
730,35
730,35
730,35
731,35
731,35
731,35
731,35
731,35
731,35
732,35
732,35
732,35
732,35
732,35
732,35
732,35
732,35
732,35
732,35
732,35
732,35
732,35
733,35
733,35
733,35
733,35
733,35
733,35
733,35
733,35
733,35
733,35
733,35
733,35
733,35
734,35
734,35
734,35
734,35
734,35
734,35
735,35
735,35
735,35
735,35
735,35
735,35
735,35
735,35
735,35
735,35
735,35
735,35
735,35
736,35
736,35
736,35
736,35
736,35
736,35
737,35
737,35
737,35
737,35
737,35
737,35
737,35
737,35
737,35
737,35
737,35
737,35
738,35
738,35
738,35
738,35
738,35
738,35
738,35
739,35
739,35
739,35
739,35
739,35
739,35
739,35
739,35
739,35
739,35
739,35
739,35
740,35
740,35
740,35
740,35
740,35
740,35
740,35
740,35
740,35
740,35
740,35
740,35
740,35
741,35
741,35
741,35
741,35
741,35
741,35
742,35
742,35
742,35
742,35
742,35
742,35
742,35
742,35
742,35
742,35
742,35
742,35
742,35
743,35
743,35
743,35
743,35
743,35
743,35
744,35
744,35
744,35
744,35
744,35
744,35
744,35
744,35
744,35
744,35
744,35
744,35
744,35
745,35
745,35
745,35
745,35
745,35
745,35
745,35
745,35
745,35
745,35
745,35
745,35
746,35
746,35
746,35
746,35
746,35
746,35
746,35
747,35
747,35
747,35
747,35
747,35
747,35
747,35
747,35
747,35
747,35
747,35
747,35
748,35
748,35
748,35
748,35
748,35
748,35
749,35
749,35
749,35
749,35
749,35
749,35
749,35
749,35
749,35
749,35
749,35
749,35
749,35
750,35
750,35
750,35
750,35
750,35
750,35
750,35
750,35
750,35
750,35
750,35
750,35
750,35
751,35
751,35
751,35
751,35
751,35
751,35
752,35
752,35
752,35
752,35
752,35
752,35
752,35
752,35
752,35
752,35
752,35
752,35
752,35
753,35
753,35
753,35
753,35
753,35
753,35
754,35
754,35
754,35
754,35
754,35
754,35
754,35
754,35
754,35
754,35
754,35
754,35
755,35
755,35
755,35
755,35
755,35
755,35
755,35
756,35
756,35
756,35
756,35
756,35
756,35
756,35
756,35
756,35
756,35
756,35
756,35
757,35
757,35
757,35
757,35
757,35
757,35
757,35
757,35
757,35
757,35
757,35
757,35
757,35
758,35
758,35
758,35
758,35
758,35
758,35
759,35
759,35
759,35
759,35
759,35
759,35
759,35
759,35
759,35
759,35
759,35
759,35
759,35
760,35
760,35
760,35
760,35
760,35
760,35
761,35
761,35
761,35
761,35
761,35
761,35
761,35
761,35
761,35
761,35
761,35
761,35
761,35
762,35
762,35
762,35
762,35
762,35
762,35
762,35
762,35
762,35
762,35
762,35
762,35
763,35
763,35
763,35
763,35
763,35
763,35
763,35
764,35
764,35
764,35
764,35
764,35
764,35
764,35
764,35
764,35
764,35
764,35
764,35
765,35
765,35
765,35
765,35
765,35
765,35
766,35
766,35
766,35
766,35
766,35
766,35
766,35
766,35
766,35
766,35
766,35
766,35
766,35
767,35
767,35
767,35
767,35
767,35
767,35
768,35
768,35
768,35
768,35
768,35
768,35
768,35
768,35
768,35
768,35
768,35
768,35
768,35
769,35
769,35
769,35
769,35
769,35
769,35
769,35
769,35
769,35
769,35
769,35
769,35
770,35
770,35
770,35
770,35
770,35
770,35
770,35
771,35
771,35
771,35
771,35
771,35
771,35
771,35
771,35
771,35
771,35
771,35
771,35
772,35
772,35
772,35
772,35
772,35
772,35
772,35
773,35
773,35
773,35
773,35
773,35
773,35
773,35
773,35
773,35
773,35
773,35
773,35
774,35
774,35
774,35
774,35
774,35
774,35
774,35
774,35
774,35
774,35
774,35
774,35
774,35
775,35
775,35
775,35
775,35
775,35
775,35
776,35
776,35
776,35
776,35
776,35
776,35
776,35
776,35
776,35
776,35
776,35
776,35
776,35
777,35
777,35
777,35
777,35
777,35
777,35
778,35
778,35
778,35
778,35
778,35
778,35
778,35
778,35
778,35
778,35
778,35
778,35
778,35
779,35
779,35
779,35
779,35
779,35
779,35
780,35
780,35
780,35
780,35
780,35
780,35
780,35
780,35
780,35
780,35
780,35
780,35
781,35
781,35
781,35
781,35
781,35
781,35
781,35
781,35
781,35
781,35
781,35
781,35
781,35
782,35
782,35
782,35
782,35
782,35
782,35
783,35
783,35
783,35
783,35
783,35
783,35
783,35
783,35
783,35
783,35
783,35
783,35
783,35
784,35
784,35
784,35
784,35
784,35
784,35
785,35
785,35
785,35
785,35
785,35
785,35
785,35
785,35
785,35
785,35
785,35
785,35
785,35
786,35
786,35
786,35
786,35
786,35
786,35
786,35
786,35
786,35
786,35
786,35
786,35
787,35
787,35
787,35
787,35
787,35
787,35
787,35
788,35
788,35
788,35
788,35
788,35
788,35
788,35
788,35
788,35
788,35
788,35
788,35
789,35
789,35
789,35
789,35
789,35
789,35
789,35
790,35
790,35
790,35
790,35
790,35
790,35
790,35
790,35
790,35
790,35
790,35
790,35
791,35
791,35
791,35
791,35
791,35
791,35
791,35
792,35
792,35
792,35
792,35
792,35
792,35
792,35
792,35
792,35
792,35
792,35
792,35
793,35
793,35
793,35
793,35
793,35
793,35
793,35
793,35
793,35
793,35
793,35
793,35
793,35
794,35
794,35
794,35
794,35
794,35
794,35
795,35
795,35
795,35
795,35
795,35
795,35
795,35
795,35
795,35
795,35
795,35
795,35
795,35
796,35
796,35
796,35
796,35
796,35
796,35
797,35
797,35
797,35
797,35
797,35
797,35
797,35
797,35
797,35
797,35
797,35
797,35
798,35
798,35
798,35
798,35
798,35
798,35
798,35
798,35
798,35
798,35
798,35
798,35
798,35
799,35
799,35
799,35
799,35
799,35
799,35
800,35
800,35
800,35
800,35
800,35
800,35
800,35
800,35
800,35
800,35
800,35
800,35
800,35
801,35
801,35
801,35
801,35
801,35
801,35
802,35
802,35
802,35
802,35
802,35
802,35
802,35
802,35
802,35
802,35
802,35
802,35
802,35
803,35
803,35
803,35
803,35
803,35
803,35
804,35
804,35
804,35
804,35
804,35
804,35
804,35
804,35
804,35
804,35
804,35
804,35
804,35
805,35
805,35
805,35
805,35
805,35
805,35
805,35
805,35
805,35
805,35
805,35
805,35
806,35
806,35
806,35
806,35
806,35
806,35
806,35
807,35
807,35
807,35
807,35
807,35
807,35
807,35
807,35
807,35
807,35
807,35
807,35
808,35
808,35
808,35
808,35
808,35
808,35
808,35
809,35
809,35
809,35
809,35
809,35
809,35
809,35
809,35
809,35
809,35
809,35
809,35
810,35
810,35
810,35
810,35
810,35
810,35
810,35
810,35
810,35
810,35
810,35
810,35
810,35
811,35
811,35
811,35
811,35
811,35
811,35
812,35
812,35
812,35
812,35
812,35
812,35
812,35
812,35
812,35
812,35
812,35
812,35
812,35
813,35
813,35
813,35
813,35
813,35
813,35
814,35
814,35
814,35
814,35
814,35
814,35
814,35
814,35
814,35
814,35
814,35
814,35
814,35
815,35
815,35
815,35
815,35
815,35
815,35
815,35
815,35
815,35
815,35
815,35
815,35
816,35
816,35
816,35
816,35
816,35
816,35
817,35
817,35
817,35
817,35
817,35
817,35
817,35
817,35
817,35
817,35
817,35
817,35
817,35
818,35
818,35
818,35
818,35
818,35
818,35
819,35
819,35
819,35
819,35
819,35
819,35
819,35
819,35
819,35
819,35
819,35
819,35
819,35
820,35
820,35
820,35
820,35
820,35
820,35
821,35
821,35
821,35
821,35
821,35
821,35
821,35
821,35
821,35
821,35
821,35
821,35
821,35
822,35
822,35
822,35
822,35
822,35
822,35
822,35
822,35
822,35
822,35
822,35
822,35
823,35
823,35
823,35
823,35
823,35
823,35
823,35
824,35
824,35
824,35
824,35
824,35
824,35
824,35
824,35
824,35
824,35
824,35
824,35
825,35
825,35
825,35
825,35
825,35
825,35
825,35
826,35
826,35
826,35
826,35
826,35
826,35
826,35
826,35
826,35
826,35
826,35
826,35
827,35
827,35
827,35
827,35
827,35
827,35
827,35
827,35
827,35
827,35
827,35
827,35
827,35
828,35
828,35
828,35
828,35
828,35
828,35
829,35
829,35
829,35
829,35
829,35
829,35
829,35
829,35
829,35
829,35
829,35
829,35
829,35
830,35
830,35
830,35
830,35
830,35
830,35
831,35
831,35
831,35
831,35
831,35
831,35
831,35
831,35
831,35
831,35
831,35
831,35
831,35
832,35
832,35
832,35
832,35
832,35
832,35
833,35
833,35
833,35
833,35
833,35
833,35
833,35
833,35
833,35
833,35
833,35
833,35
834,35
834,35
834,35
834,35
834,35
834,35
834,35
834,35
834,35
834,35
834,35
834,35
834,35
835,35
835,35
835,35
835,35
835,35
835,35
836,35
836,35
836,35
836,35
836,35
836,35
836,35
836,35
836,35
836,35
836,35
836,35
836,35
837,35
837,35
837,35
837,35
837,35
837,35
838,35
838,35
838,35
838,35
838,35
838,35
838,35
838,35
838,35
838,35
838,35
838,35
838,35
839,35
839,35
839,35
839,35
839,35
839,35
839,35
839,35
839,35
839,35
839,35
839,35
840,35
840,35
840,35
840,35
840,35
840,35
840,35
841,35
841,35
841,35
841,35
841,35
841,35
841,35
841,35
841,35
841,35
841,35
841,35
842,35
842,35
842,35
842,35
842,35
842,35
842,35
843,35
843,35
843,35
843,35
843,35
843,35
843,35
843,35
843,35
843,35
843,35
843,35
844,35
844,35
844,35
844,35
844,35
844,35
845,35
845,35
845,35
845,35
845,35
845,35
845,35
845,35
845,35
845,35
845,35
845,35
845,35
846,35
846,35
846,35
846,35
846,35
846,35
846,35
846,35
846,35
846,35
846,35
846,35
846,35
847,35
847,35
847,35
847,35
847,35
847,35
848,35
848,35
848,35
848,35
848,35
848,35
848,35
848,35
848,35
848,35
848,35
848,35
848,35
849,35
849,35
849,35
849,35
849,35
849,35
850,35
850,35
850,35
850,35
850,35
850,35
850,35
850,35
850,35
850,35
850,35
850,35
851,35
851,35
851,35
851,35
851,35
851,35
851,35
851,35
851,35
851,35
851,35
851,35
851,35
852,35
852,35
852,35
852,35
852,35
852,35
853,35
853,35
853,35
853,35
853,35
853,35
853,35
853,35
853,35
853,35
853,35
853,35
853,35
854,35
854,35
854,35
854,35
854,35
854,35
855,35
855,35
855,35
855,35
855,35
855,35
855,35
855,35
855,35
855,35
855,35
855,35
855,35
856,35
856,35
856,35
856,35
856,35
856,35
857,35
857,35
857,35
857,35
857,35
857,35
857,35
857,35
857,35
857,35
857,35
857,35
857,35
858,35
858,35
858,35
858,35
858,35
858,35
858,35
858,35
858,35
858,35
858,35
858,35
859,35
859,35
859,35
859,35
859,35
859,35
859,35
860,35
860,35
860,35
860,35
860,35
860,35
860,35
860,35
860,35
860,35
860,35
860,35
861,35
861,35
861,35
861,35
861,35
861,35
862,35
862,35
862,35
862,35
862,35
862,35
862,35
862,35
862,35
862,35
862,35
862,35
862,35
863,35
863,35
863,35
863,35
863,35
863,35
863,35
863,35
863,35
863,35
863,35
863,35
863,35
864,35
864,35
864,35
864,35
864,35
864,35
865,35
865,35
865,35
865,35
865,35
865,35
865,35
865,35
865,35
865,35
865,35
865,35
866,35
866,35
866,35
866,35
866,35
866,35
866,35
867,35
867,35
867,35
867,35
867,35
867,35
867,35
867,35
867,35
867,35
867,35
867,35
868,35
868,35
868,35
868,35
868,35
868,35
868,35
868,35
868,35
868,35
868,35
868,35
868,35
869,35
869,35
869,35
869,35
869,35
869,35
870,35
870,35
870,35
870,35
870,35
870,35
870,35
870,35
870,35
870,35
870,35
870,35
870,35
871,35
871,35
871,35
871,35
871,35
871,35
872,35
872,35
872,35
872,35
872,35
872,35
872,35
872,35
872,35
872,35
872,35
872,35
872,35
873,35
873,35
873,35
873,35
873,35
873,35
874,35
874,35
874,35
874,35
874,35
874,35
874,35
874,35
874,35
874,35
874,35
874,35
874,35
875,35
875,35
875,35
875,35
875,35
875,35
875,35
875,35
875,35
875,35
875,35
875,35
876,35
876,35
876,35
876,35
876,35
876,35
876,35
877,35
877,35
877,35
877,35
877,35
877,35
877,35
877,35
877,35
877,35
877,35
877,35
878,35
878,35
878,35
878,35
878,35
878,35
879,35
879,35
879,35
879,35
879,35
879,35
879,35
879,35
879,35
879,35
879,35
879,35
879,35
880,35
880,35
880,35
880,35
880,35
880,35
880,35
880,35
880,35
880,35
880,35
880,35
880,35
881,35
881,35
881,35
881,35
881,35
881,35
882,35
882,35
882,35
882,35
882,35
882,35
882,35
882,35
882,35
882,35
882,35
882,35
883,35
883,35
883,35
883,35
883,35
883,35
883,35
884,35
884,35
884,35
884,35
884,35
884,35
884,35
884,35
884,35
884,35
884,35
884,35
885,35
885,35
885,35
885,35
885,35
885,35
885,35
886,35
886,35
886,35
886,35
886,35
886,35
886,35
886,35
886,35
886,35
886,35
886,35
887,35
887,35
887,35
887,35
887,35
887,35
887,35
887,35
887,35
887,35
887,35
887,35
887,35
888,35
888,35
888,35
888,35
888,35
888,35
889,35
889,35
889,35
889,35
889,35
889,35
889,35
889,35
889,35
889,35
889,35
889,35
889,35
890,35
890,35
890,35
890,35
890,35
890,35
891,35
891,35
891,35
891,35
891,35
891,35
891,35
891,35
891,35
891,35
891,35
891,35
891,35
892,35
892,35
892,35
892,35
892,35
892,35
892,35
892,35
892,35
892,35
892,35
892,35
893,35
893,35
893,35
893,35
893,35
893,35
894,35
894,35
894,35
894,35
894,35
894,35
894,35
894,35
894,35
894,35
894,35
894,35
894,35
895,35
895,35
895,35
895,35
895,35
895,35
896,35
896,35
896,35
896,35
896,35
896,35
896,35
896,35
896,35
896,35
896,35
896,35
896,35
897,35
897,35
897,35
897,35
897,35
897,35
898,35
898,35
898,35
898,35
898,35
898,35
898,35
898,35
898,35
898,35
898,35
898,35
898,35
899,35
899,35
899,35
899,35
899,35
899,35
899,35
899,35
899,35
899,35
899,35
899,35
900,35
900,35
900,35
900,35
900,35
900,35
900,35
900,35
900,35
900,35
900,35
900,35
900,35
900,35
900,35
900,35
900,35
900,35
900,35
900,35
900,35
900,35
900,35
900,35
900,35
900,35
900,35
900,35
900,35
900,35
900,35
900,35
900,35
900,35
900,35
