0,0
0,-1
0,-1
0,-1
0,0
0,-1
0,-1
0,-1
0,0
0,0
0,0
1,-1
1,0
1,0
1,-1
1,-1
1,0
1,0
1,0
1,-1
1,-1
2,0
2,-1
2,-1
2,-1
2,0
2,-1
2,-1
2,-1
2,0
2,0
2,0
3,-1
3,0
3,0
3,0
3,-1
3,-1
3,0
3,0
3,0
4,0
4,0
4,0
4,0
4,0
4,0
4,-1
4,0
4,0
4,0
5,0
5,-1
5,-1
5,0
5,0
5,0
5,-1
5,0
5,0
5,0
6,0
6,0
6,0
6,0
6,0
6,0
6,0
6,-1
6,0
7,-1
7,-1
7,0
7,0
7,0
7,-1
7,0
7,0
7,0
7,0
7,0
7,0
8,0
8,0
8,-1
8,-1
8,-1
8,0
8,0
8,0
8,0
9,0
9,0
9,0
9,0
9,0
9,0
9,0
9,-1
9,-1
9,0
10,0
10,0
10,0
10,0
10,0
10,0
10,0
10,0
10,0
10,0
11,0
11,0
11,0
11,0
11,0
11,0
11,0
11,0
11,0
11,0
12,0
12,0
12,0
12,0
12,0
12,0
12,0
12,-1
12,0
12,0
13,0
13,0
13,0
13,-1
13,0
13,0
13,0
13,0
13,0
13,0
14,0
14,0
14,0
14,0
14,0
14,0
14,0
14,0
14,0
15,0
15,0
15,0
15,0
15,0
15,0
15,0
15,0
15,0
15,0
16,0
16,0
16,0
16,-1
16,-1
16,-1
16,0
16,0
16,0
16,0
16,0
17,-1
17,-1
17,0
17,0
17,0
17,0
17,0
17,-1
17,0
17,0
18,0
18,-1
18,0
18,0
18,0
18,0
18,0
18,0
18,0
19,0
19,0
19,0
19,-1
19,-1
19,0
19,0
19,0
19,0
19,0
20,0
20,0
20,0
20,-1
20,0
20,0
20,0
20,0
20,0
20,-1
20,0
21,0
21,0
21,0
21,0
21,0
21,0
21,0
21,0
21,0
21,0
22,0
22,0
22,0
22,0
22,0
22,0
22,1
22,0
22,0
22,0
23,0
23,0
23,0
23,0
23,0
23,0
23,0
23,0
23,0
23,0
24,0
24,0
24,0
24,0
24,0
24,0
24,0
24,0
24,0
24,0
25,0
25,0
25,0
25,0
25,0
25,1
25,1
25,1
25,1
26,1
26,1
26,1
26,1
26,1
26,1
26,1
26,1
26,1
26,1
26,2
27,1
27,1
27,1
27,1
27,1
27,1
27,1
27,1
27,1
27,2
28,3
28,3
28,3
28,3
28,3
28,3
28,3
28,4
28,4
28,4
29,4
29,4
29,4
29,4
29,4
29,4
29,4
29,4
29,4
29,4
30,4
30,4
30,4
30,4
30,3
30,3
30,3
30,4
30,3
31,3
31,3
31,3
31,3
31,3
31,3
31,2
31,2
31,2
31,2
32,1
32,1
32,1
32,0
32,0
32,0
32,0
32,-1
32,-1
32,-1
33,0
33,0
33,0
33,0
33,1
33,1
33,1
33,1
33,1
33,1
34,1
34,1
34,1
34,1
34,1
34,1
34,1
34,1
34,1
34,1
34,1
35,0
35,0
35,0
35,0
35,0
35,0
35,0
35,0
35,0
35,0
36,0
36,0
36,0
36,0
36,0
36,0
36,0
36,0
36,0
36,0
37,0
37,1
37,1
37,1
37,0
37,0
37,0
37,0
37,0
37,0
38,0
38,0
38,0
38,0
38,0
38,0
38,0
38,0
38,0
38,0
39,0
39,0
39,0
39,0
39,0
39,0
39,0
39,0
39,0
40,1
40,1
40,0
40,1
40,1
40,0
40,0
40,0
40,0
40,0
41,0
41,0
41,0
41,0
41,0
41,0
41,0
41,0
41,0
41,0
42,0
42,0
42,0
42,0
42,0
42,0
42,0
42,0
42,0
42,0
43,0
43,0
43,0
43,0
43,0
43,0
43,0
43,0
43,0
43,0
44,0
44,0
44,0
44,0
44,0
44,0
44,0
44,0
44,0
44,0
44,0
45,0
45,0
45,0
45,0
45,1
45,1
45,0
45,1
45,1
45,0
46,0
46,0
46,0
46,0
46,0
46,0
46,0
46,0
46,0
46,0
47,0
47,0
47,0
47,0
47,0
47,0
47,0
47,0
47,0
48,1
48,1
48,0
48,0
48,0
48,0
48,0
48,0
48,0
48,0
49,0
49,0
49,0
49,0
49,0
49,0
49,0
49,0
49,0
49,0
50,0
50,1
50,1
50,0
50,0
50,0
50,0
50,0
50,1
50,1
51,1
51,0
51,0
51,0
51,0
51,0
51,0
51,0
51,0
51,0
52,1
52,0
52,0
52,0
52,0
52,0
52,0
52,0
52,0
52,0
52,0
53,0
53,0
53,0
53,0
53,0
53,0
53,0
53,0
53,0
53,0
54,0
54,1
54,1
54,1
54,0
54,0
54,0
54,0
54,0
54,0
55,0
55,0
55,1
55,1
55,0
55,0
55,0
55,0
55,0
56,1
56,1
56,0
56,0
56,0
56,0
56,0
56,0
56,0
56,0
57,0
57,0
57,0
57,0
57,0
57,0
57,0
57,0
57,0
57,0
58,0
58,0
58,0
58,0
58,0
58,0
58,0
58,0
58,0
58,0
59,0
59,0
59,0
59,0
59,0
59,0
59,0
59,0
59,0
59,0
60,1
60,0
60,0
60,0
60,0
60,0
60,0
60,0
60,0
60,0
60,0
61,0
61,0
61,0
61,0
61,0
61,0
61,0
61,0
61,0
62,0
62,0
62,0
62,1
62,1
62,0
62,1
62,1
62,1
62,0
63,0
63,0
63,0
63,0
63,0
63,0
63,0
63,0
63,0
63,0
64,0
64,0
64,1
64,1
64,0
64,0
64,0
64,0
64,0
64,1
65,1
65,0
65,0
65,0
65,0
65,0
65,0
65,0
65,1
65,1
66,0
66,0
66,0
66,0
66,0
66,1
66,1
66,0
66,1
66,1
67,0
67,1
67,0
67,0
67,0
67,0
67,0
67,0
67,1
67,0
67,0
68,0
68,0
68,0
68,0
68,0
68,1
68,1
68,1
68,0
68,0
69,1
69,0
69,0
69,0
69,0
69,1
69,1
69,0
69,0
70,1
70,1
70,0
70,0
70,0
70,1
70,0
70,0
70,0
70,0
71,0
71,0
71,0
71,1
71,0
71,0
71,0
71,0
71,0
71,0
72,1
72,0
72,0
72,0
72,0
72,0
72,0
72,1
72,0
72,0
73,0
73,1
73,1
73,0
73,1
73,0
73,0
73,0
73,0
74,0
74,0
74,0
74,0
74,0
74,0
74,0
74,0
74,0
74,0
74,0
74,0
75,0
75,0
75,0
75,0
75,0
75,1
75,1
75,0
75,0
76,0
76,0
76,0
76,0
76,0
76,0
76,1
76,0
76,0
76,0
77,0
77,0
77,0
77,0
77,0
77,0
77,0
77,0
77,0
77,0
78,0
78,0
78,0
78,0
78,0
78,0
78,0
78,1
78,0
78,0
79,1
79,0
79,0
79,0
79,0
79,0
79,1
79,0
79,0
79,0
80,0
80,1
80,1
80,0
80,0
80,0
80,0
80,0
80,0
80,0
81,0
81,0
81,0
81,0
81,0
81,1
81,1
81,0
81,0
82,1
82,1
82,0
82,0
82,0
82,0
82,0
82,0
82,0
82,0
82,1
82,1
83,0
83,0
83,0
83,1
83,1
83,0
83,0
83,0
83,1
84,0
84,0
84,0
84,0
84,0
84,0
84,0
84,0
84,0
84,0
85,0
85,0
85,0
85,0
85,0
85,0
85,0
85,0
85,0
85,0
86,0
86,0
86,0
86,0
86,0
86,0
86,0
86,0
86,0
86,0
87,0
87,0
87,0
87,1
87,0
87,0
87,0
87,0
87,0
87,0
88,0
88,0
88,0
88,0
88,0
88,0
88,0
88,0
88,0
89,0
89,0
89,0
89,1
89,1
89,0
89,0
89,1
89,1
89,1
90,0
90,0
90,1
90,0
90,0
90,0
90,0
90,1
90,1
90,0
90,0
91,1
91,1
91,0
91,0
91,0
91,0
91,0
91,0
91,0
91,1
92,0
92,0
92,0
92,1
92,0
92,0
92,0
92,1
92,1
92,0
93,0
93,0
93,0
93,1
93,0
93,0
93,0
93,0
93,0
93,0
94,0
94,1
94,1
94,1
94,0
94,1
94,1
94,0
94,0
95,1
95,1
95,0
95,0
95,0
95,0
95,0
95,0
95,0
95,0
95,0
96,1
96,1
96,0
96,0
96,0
96,1
96,0
96,0
96,0
96,0
97,0
97,0
97,0
97,0
97,0
97,1
97,0
97,0
97,0
97,0
98,1
98,1
98,0
98,0
98,1
98,1
98,0
98,0
98,0
98,0
99,0
99,1
99,1
99,0
99,0
99,0
99,0
99,0
99,1
99,1
100,1
100,0
100,0
100,1
100,1
100,0
100,0
100,0
100,0
100,0
101,0
101,0
101,0
101,0
101,0
101,0
101,0
101,1
101,0
102,0
102,0
102,0
102,0
102,0
102,0
102,0
102,0
102,0
102,0
103,0
103,0
103,0
103,1
103,1
103,1
103,0
103,0
103,0
103,1
103,0
104,1
104,1
104,0
104,1
104,1
104,0
104,0
104,0
104,0
104,0
105,0
105,0
105,0
105,0
105,0
105,0
105,0
105,0
105,0
105,0
106,0
106,0
106,0
106,0
106,1
106,1
106,0
106,0
106,0
106,0
107,1
107,0
107,0
107,0
107,0
107,0
107,0
107,0
107,1
107,1
108,0
108,0
108,1
108,1
108,0
108,0
108,0
108,0
108,1
109,0
109,0
109,1
109,1
109,0
109,0
109,1
109,1
109,1
109,1
110,0
110,0
110,0
110,0
110,0
110,0
110,0
110,0
110,1
110,1
110,0
111,0
111,0
111,0
111,0
111,0
111,0
111,0
111,0
111,0
111,0
112,0
112,0
112,0
112,0
112,0
112,0
112,0
112,1
112,0
112,0
113,0
113,0
113,0
113,0
113,1
113,0
113,0
113,0
113,1
114,0
114,0
114,0
114,1
114,1
114,0
114,0
114,0
114,0
114,0
115,1
115,1
115,1
115,1
115,0
115,0
115,1
115,0
115,0
115,0
116,1
116,1
116,0
116,1
116,0
116,0
116,0
116,0
116,0
116,0
117,0
117,0
117,0
117,0
117,0
117,0
117,0
117,0
117,1
117,1
117,0
118,0
118,0
118,0
118,0
118,0
118,0
118,0
118,1
118,0
118,0
119,1
119,0
119,0
119,1
119,1
119,0
119,0
119,0
119,1
119,1
120,0
120,1
120,1
120,1
120,0
120,0
120,0
120,0
120,1
120,1
121,0
121,0
121,1
121,1
121,0
121,0
121,0
121,1
121,0
122,0
122,0
122,0
122,1
122,1
122,0
122,1
122,0
122,0
122,0
123,1
123,1
123,1
123,0
123,1
123,1
123,1
123,0
123,0
123,0
124,0
124,0
124,0
124,0
124,1
124,1
124,0
124,1
124,1
124,1
125,1
125,0
125,0
125,1
125,1
125,1
125,0
125,1
125,0
125,0
126,0
126,1
126,1
126,0
126,0
126,0
126,0
126,1
126,0
126,0
126,0
127,1
127,0
127,0
127,0
127,0
127,0
127,1
127,0
127,0
127,0
128,0
128,0
128,0
128,0
128,0
128,0
128,0
128,0
128,0
128,0
129,1
129,0
129,0
129,0
129,0
129,0
129,0
129,1
129,0
130,0
130,0
130,0
130,1
130,1
130,0
130,0
130,0
130,0
130,0
131,0
131,0
131,0
131,0
131,0
131,0
131,0
131,0
131,0
131,1
132,0
132,0
132,0
132,0
132,0
132,0
132,1
132,0
132,0
132,0
133,0
133,0
133,0
133,0
133,1
133,1
133,0
133,0
133,0
133,0
134,0
134,0
134,0
134,0
134,0
134,0
134,0
134,0
134,0
134,0
135,0
135,0
135,0
135,0
135,0
135,1
135,1
135,0
135,0
135,0
135,0
136,0
136,1
136,1
136,1
136,0
136,0
136,1
136,0
136,0
136,0
137,0
137,0
137,0
137,0
137,0
137,0
137,0
137,0
137,0
137,0
138,1
138,0
138,0
138,0
138,0
138,0
138,0
138,0
138,0
139,0
139,0
139,1
139,0
139,0
139,0
139,0
139,0
139,0
139,0
140,0
140,0
140,0
140,0
140,0
140,0
140,0
140,0
140,0
140,0
141,0
141,0
141,0
141,0
141,0
141,0
141,0
141,1
141,0
141,0
142,0
142,0
142,0
142,0
142,0
142,0
142,0
142,0
142,0
142,0
143,0
143,0
143,0
143,0
143,1
143,1
143,1
143,0
143,0
143,0
143,0
144,0
144,0
144,0
144,0
144,0
144,0
144,0
144,0
144,0
144,0
145,0
145,0
145,0
145,0
145,0
145,1
145,1
145,0
145,1
145,1
146,0
146,0
146,0
146,0
146,0
146,0
146,0
146,0
146,0
147,0
147,0
147,0
147,1
147,1
147,0
147,1
147,0
147,0
147,1
148,0
148,0
148,0
148,0
148,0
148,0
148,0
148,1
148,1
148,0
149,1
149,0
149,0
149,0
149,0
149,0
149,0
149,1
149,1
149,1
150,0
150,0
150,0
150,0
150,0
150,1
150,1
150,0
150,0
150,0
151,0
151,0
151,0
151,0
151,0
151,1
151,1
151,0
151,0
151,0
151,0
152,0
152,0
152,0
152,0
152,0
152,0
152,0
152,0
152,0
152,0
153,0
153,0
153,0
153,0
153,0
153,0
153,0
153,0
153,1
154,0
154,0
154,0
154,0
154,0
154,1
154,0
154,0
154,0
154,0
155,0
155,0
155,1
155,0
155,0
155,0
155,0
155,0
155,0
155,0
156,1
156,0
156,0
156,0
156,0
156,0
156,0
156,0
156,0
156,0
157,1
157,0
157,0
157,0
157,0
157,0
157,0
157,0
157,0
157,0
158,0
158,0
158,0
158,0
158,0
158,0
158,0
158,0
158,0
158,0
159,-1
159,1
159,0
159,0
159,0
159,0
159,0
159,0
159,0
159,0
159,0
160,0
160,0
160,0
160,0
160,0
160,0
160,0
160,0
160,1
161,1
161,1
161,0
161,0
161,0
161,0
161,0
161,0
161,0
161,0
162,0
162,0
162,0
162,0
162,0
162,1
162,0
162,0
162,0
162,1
163,0
163,0
163,0
163,0
163,0
163,0
163,0
163,0
163,1
163,1
164,0
164,1
164,1
164,0
164,0
164,0
164,0
164,0
164,0
164,0
165,1
165,0
165,0
165,0
165,0
165,0
165,0
165,0
165,0
165,0
166,0
166,0
166,0
166,0
166,0
166,0
166,0
166,0
166,0
167,0
167,0
167,0
167,0
167,0
167,0
167,0
167,0
167,0
167,0
167,0
167,0
168,0
168,0
168,0
168,0
168,0
168,0
168,0
168,1
168,0
169,0
169,0
169,0
169,0
169,0
169,0
169,0
169,0
169,0
169,0
170,0
170,0
170,0
170,0
170,0
170,0
170,0
170,1
170,1
170,0
171,0
171,0
171,0
171,0
171,0
171,0
171,0
171,0
171,0
171,0
172,0
172,0
172,0
172,0
172,0
172,0
172,0
172,0
172,0
172,0
173,0
173,-1
173,0
173,0
173,0
173,0
173,0
173,0
173,0
174,0
174,0
174,0
174,1
174,1
174,1
174,0
174,0
174,0
174,0
175,1
175,1
175,0
175,-1
175,-1
175,0
175,0
175,0
175,0
175,0
175,1
175,1
176,0
176,0
176,0
176,0
176,0
176,0
176,0
176,0
176,0
177,0
177,0
177,0
177,0
177,0
177,0
177,0
177,0
177,0
177,0
178,1
178,1
178,0
178,0
178,0
178,0
178,1
178,0
178,0
178,0
179,0
179,0
179,0
179,0
179,0
179,0
179,0
179,0
179,0
179,0
180,0
180,0
180,0
180,0
180,0
180,0
180,0
180,0
180,1
181,0
181,0
181,0
181,0
181,0
181,0
181,0
181,0
181,0
181,0
182,0
182,0
182,0
182,1
182,1
182,0
182,0
182,0
182,0
182,0
182,0
183,0
183,0
183,0
183,0
183,0
183,0
183,0
183,0
183,0
183,0
184,0
184,0
184,0
184,0
184,0
184,0
184,0
184,0
184,0
184,0
185,0
185,0
185,0
185,0
185,0
185,0
185,0
185,0
185,0
185,0
186,0
186,0
186,0
186,0
186,0
186,0
186,0
186,0
186,0
187,0
187,0
187,0
187,0
187,0
187,0
187,0
187,0
187,0
187,0
188,0
188,0
188,0
188,0
188,0
188,0
188,0
188,0
188,0
188,0
188,0
189,0
189,0
189,0
189,0
189,0
189,0
189,0
189,0
189,0
189,0
190,0
190,0
190,0
190,-1
190,0
190,0
190,0
190,0
190,0
190,0
191,0
191,0
191,0
191,0
191,0
191,0
191,0
191,0
191,0
191,0
192,0
192,0
192,0
192,0
192,0
192,0
192,0
192,0
192,0
193,0
193,0
193,0
193,0
193,0
193,0
193,0
193,0
193,0
193,0
194,0
194,1
194,1
194,0
194,0
194,0
194,0
194,0
194,0
194,0
194,0
195,0
195,0
195,1
195,0
195,0
195,0
195,0
195,0
195,0
195,0
196,0
196,0
196,0
196,0
196,0
196,0
196,0
196,0
196,0
196,0
197,0
197,0
197,0
197,0
197,0
197,0
197,0
197,0
197,0
197,0
198,0
198,0
198,0
198,0
198,0
198,0
198,0
198,0
198,0
199,0
199,0
199,0
199,0
199,0
199,1
199,1
199,0
199,0
199,0
200,0
200,0
200,0
200,1
200,0
200,0
200,0
200,0
200,0
200,0
201,0
201,0
201,0
201,0
201,0
201,0
201,0
201,0
201,0
201,0
201,0
202,0
202,0
202,0
202,0
202,0
202,0
202,0
202,0
202,0
202,0
203,0
203,0
203,0
203,0
203,0
203,0
203,0
203,0
203,0
203,0
204,0
204,0
204,0
204,0
204,0
204,0
204,0
204,0
204,0
205,0
205,0
205,0
205,0
205,0
205,0
205,0
205,0
205,0
205,0
206,0
206,0
206,0
206,0
206,0
206,0
206,0
206,0
206,0
206,0
207,0
207,0
207,0
207,0
207,0
207,0
207,0
207,0
207,1
207,1
208,0
208,0
208,0
208,0
208,0
208,0
208,0
208,0
208,0
208,0
208,0
209,0
209,0
209,0
209,0
209,0
209,0
209,0
209,0
209,0
209,0
210,0
210,0
210,0
210,0
210,0
210,0
210,0
210,0
210,0
211,0
211,0
211,0
211,0
211,0
211,0
211,0
211,0
211,0
211,0
212,0
212,0
212,0
212,0
212,0
212,0
212,0
212,0
212,0
212,0
213,0
213,0
213,0
213,0
213,0
213,0
213,0
213,0
213,0
213,0
214,1
214,0
214,0
214,0
214,0
214,0
214,0
214,0
214,0
214,0
215,0
215,0
215,0
215,0
215,0
215,0
215,0
215,0
215,0
215,0
215,0
216,0
216,0
216,0
216,0
216,0
216,0
216,0
216,0
216,0
216,0
217,0
217,0
217,0
217,0
217,0
217,0
217,0
217,0
217,0
218,0
218,0
218,0
218,0
218,0
218,0
218,0
218,0
218,0
218,0
219,0
219,0
219,0
219,0
219,0
219,0
219,0
219,0
219,0
219,0
220,0
220,0
220,0
220,0
220,0
220,0
220,0
220,0
220,0
220,0
221,0
221,0
221,0
221,0
221,0
221,0
221,0
221,0
221,0
221,0
222,0
222,0
222,0
222,0
222,-1
222,0
222,0
222,0
222,0
222,1
222,1
223,0
223,0
223,0
223,0
223,0
223,0
223,0
223,0
223,1
223,1
224,2
224,2
224,2
224,2
224,2
224,2
224,2
224,2
224,2
225,3
225,3
225,3
225,3
225,3
225,3
225,2
225,3
225,3
225,3
226,3
226,3
226,3
226,3
226,3
226,3
226,2
226,2
226,2
226,2
227,3
227,3
227,3
227,2
227,2
227,2
227,2
227,2
227,2
227,2
228,1
228,1
228,1
228,0
228,0
228,0
228,0
228,0
228,0
228,0
229,0
229,0
229,0
229,0
229,0
229,0
229,0
229,0
229,0
229,0
229,0
230,0
230,0
230,0
230,0
230,0
230,1
230,1
230,0
230,0
231,0
231,0
231,0
231,0
231,0
231,0
231,0
231,0
231,0
231,0
232,0
232,0
232,0
232,0
232,0
232,0
232,0
232,0
232,0
232,0
233,0
233,0
233,0
233,0
233,0
233,0
233,0
233,0
233,0
233,0
234,0
234,0
234,0
234,0
234,0
234,0
234,0
234,0
234,0
234,0
235,0
235,0
235,0
235,0
235,0
235,0
235,0
235,0
235,0
235,0
236,0
236,0
236,1
236,1
236,0
236,0
236,0
236,0
236,0
237,0
237,0
237,0
237,0
237,0
237,0
237,0
237,0
237,0
237,0
237,0
237,0
238,0
238,0
238,0
238,0
238,0
238,0
238,0
238,0
238,0
239,0
239,0
239,0
239,0
239,0
239,0
239,0
239,0
239,0
239,0
240,0
240,0
240,1
240,0
240,0
240,0
240,0
240,0
240,0
240,0
241,0
241,0
241,0
241,0
241,0
241,0
241,0
241,0
241,0
241,0
242,0
242,0
242,0
242,0
242,0
242,0
242,0
242,0
242,1
242,1
243,0
243,0
243,0
243,0
243,0
243,0
243,0
243,0
243,0
243,0
244,1
244,0
244,0
244,0
244,0
244,0
244,0
244,0
244,0
245,0
245,0
245,0
245,0
245,0
245,0
245,0
245,0
245,0
245,0
246,0
246,0
246,0
246,0
246,0
246,0
246,0
246,1
246,1
246,0
246,0
247,0
247,0
247,0
247,0
247,0
247,0
247,0
247,0
247,0
247,0
248,0
248,0
248,0
248,0
248,0
248,0
248,0
248,0
248,0
248,0
249,0
249,0
249,0
249,0
249,0
249,0
249,0
249,0
249,0
249,0
250,0
250,0
250,0
250,0
250,0
250,0
250,0
250,0
250,0
250,0
251,0
251,0
251,0
251,0
251,0
251,0
251,0
251,0
251,0
251,0
252,0
252,0
252,0
252,0
252,0
252,0
252,0
252,0
252,0
253,0
253,0
253,0
253,0
253,0
253,0
253,0
253,0
253,0
253,0
254,0
254,0
254,0
254,0
254,0
254,0
254,0
254,0
254,0
254,0
255,0
255,0
255,0
255,0
255,0
255,0
255,0
255,0
255,0
255,-1
256,0
256,0
256,0
256,0
256,0
256,0
256,0
256,0
256,0
256,0
256,0
257,0
257,0
257,0
257,0
257,0
257,0
257,0
257,0
257,0
257,0
258,0
258,0
258,0
258,0
258,0
258,0
258,0
258,0
258,0
258,0
259,0
259,0
259,0
259,0
259,0
259,0
259,0
259,0
259,0
259,0
260,0
260,0
260,0
260,0
260,0
260,0
260,0
260,0
260,0
261,0
261,0
261,0
261,0
261,0
261,0
261,0
261,0
261,0
261,0
262,0
262,0
262,0
262,1
262,0
262,0
262,0
262,0
262,0
262,0
263,0
263,-1
263,-1
263,0
263,0
263,0
263,0
263,0
263,0
263,0
263,0
264,0
264,0
264,0
264,0
264,0
264,0
264,0
264,0
264,0
264,0
265,0
265,0
265,0
265,0
265,0
265,0
265,0
265,0
265,0
265,0
266,0
266,0
266,0
266,0
266,0
266,0
266,0
266,0
266,0
266,0
267,0
267,0
267,0
267,0
267,0
267,0
267,1
267,1
267,1
268,0
268,0
268,1
268,2
268,2
268,2
268,3
268,3
268,3
268,4
269,4
269,5
269,5
269,5
269,5
269,5
269,5
269,6
269,6
269,6
269,6
270,6
270,6
270,6
270,7
270,7
270,7
270,7
270,7
270,7
270,7
271,8
271,8
271,8
271,8
271,8
271,8
271,8
271,8
271,8
271,8
272,8
272,8
272,8
272,8
272,8
272,8
272,8
272,8
272,8
273,8
273,8
273,8
273,8
273,8
273,8
273,8
273,8
273,8
273,7
274,8
274,8
274,8
274,7
274,7
274,7
274,7
274,7
274,7
274,6
275,7
275,6
275,6
275,6
275,5
275,5
275,6
275,6
275,5
275,5
275,5
276,5
276,5
276,4
276,4
276,4
276,4
276,3
276,3
276,3
276,3
277,2
277,2
277,2
277,2
277,1
277,1
277,2
277,1
277,1
277,1
278,0
278,0
278,0
278,-1
278,0
278,-1
278,-1
278,-1
278,0
278,0
279,0
279,1
279,1
279,1
279,0
279,1
279,1
279,1
279,1
280,1
280,1
280,1
280,1
280,1
280,1
280,1
280,1
280,1
280,1
281,1
281,1
281,1
281,1
281,1
281,1
281,1
281,1
281,1
281,1
282,0
282,0
282,0
282,0
282,0
282,-1
282,-1
282,0
282,0
282,0
282,0
283,0
283,0
283,0
283,0
283,0
283,0
283,0
283,0
283,0
283,0
284,0
284,0
284,0
284,0
284,0
284,0
284,0
284,0
284,0
284,0
285,0
285,0
285,0
285,0
285,0
285,0
285,0
285,0
285,0
286,0
286,0
286,0
286,0
286,0
286,0
286,0
286,-1
286,-1
286,0
287,0
287,0
287,0
287,0
287,0
287,0
287,0
287,0
287,0
287,0
288,0
288,0
288,0
288,0
288,0
288,0
288,0
288,0
288,0
288,0
288,0
289,0
289,0
289,0
289,0
289,0
289,0
289,0
289,0
289,0
289,0
290,0
290,0
290,0
290,0
290,0
290,0
290,0
290,0
290,0
290,0
291,0
291,0
291,0
291,0
291,0
291,0
291,0
291,0
291,0
292,0
292,0
292,0
292,0
292,0
292,0
292,0
292,0
292,0
292,0
293,0
293,0
293,0
293,0
293,0
293,0
293,0
293,0
293,0
293,0
294,0
294,-1
294,-1
294,0
294,0
294,0
294,0
294,0
294,0
294,0
295,0
295,0
295,0
295,0
295,0
295,0
295,0
295,0
295,0
295,0
295,0
296,0
296,0
296,0
296,0
296,0
296,0
296,0
296,0
296,0
296,0
297,0
297,0
297,0
297,0
297,-1
297,0
297,0
297,0
297,0
297,0
298,0
298,0
298,0
298,0
298,0
298,0
298,0
298,0
298,0
299,0
299,0
299,0
299,0
299,0
299,0
299,1
299,1
299,1
299,1
300,1
300,1
300,1
300,1
300,1
300,1
300,1
300,1
300,1
300,1
301,1
301,1
301,1
301,1
301,1
301,1
301,1
301,1
301,0
301,0
302,1
302,1
302,1
302,2
302,2
302,4
302,4
302,5
302,5
303,6
303,6
303,7
303,7
303,7
303,7
303,8
303,8
303,8
303,9
303,9
303,9
304,10
304,10
304,10
304,10
304,10
304,11
304,11
304,11
304,11
305,12
305,12
305,12
305,12
305,12
305,12
305,13
305,13
305,13
305,13
306,13
306,13
306,13
306,13
306,13
306,14
306,14
306,14
306,14
306,14
307,14
307,14
307,14
307,14
307,14
307,14
307,15
307,14
307,14
307,14
308,14
308,15
308,15
308,15
308,15
308,15
308,15
308,15
308,14
308,14
309,15
309,15
309,15
309,14
309,15
309,15
309,15
309,14
309,15
309,15
310,15
310,14
310,14
310,14
310,14
310,14
310,14
310,14
310,14
310,14
311,14
311,14
311,14
311,14
311,13
311,13
311,13
311,13
311,13
312,13
312,13
312,13
312,13
312,13
312,13
312,13
312,12
312,12
312,12
312,12
312,12
313,12
313,11
313,11
313,11
313,11
313,11
313,11
313,11
313,10
314,10
314,10
314,10
314,10
314,10
314,10
314,9
314,9
314,9
314,8
315,9
315,9
315,8
315,8
315,8
315,8
315,7
315,7
315,7
315,7
316,6
316,7
316,7
316,6
316,5
316,5
316,5
316,5
316,5
316,5
317,4
317,4
317,3
317,3
317,3
317,3
317,3
317,3
317,2
318,1
318,1
318,1
318,1
318,1
318,1
318,0
318,0
318,0
318,-1
319,-1
319,-1
319,-1
319,-1
319,-1
319,0
319,0
319,1
319,1
319,1
319,1
319,1
320,1
320,1
320,1
320,1
320,1
320,1
320,1
320,1
320,2
321,1
321,1
321,1
321,1
321,1
321,2
321,1
321,1
321,1
321,1
322,1
322,1
322,1
322,1
322,1
322,1
322,0
322,0
322,0
322,0
323,0
323,0
323,0
323,0
323,0
323,0
323,0
323,0
323,0
323,0
324,0
324,-1
324,-1
324,0
324,0
324,0
324,0
324,0
324,0
324,0
325,0
325,0
325,0
325,0
325,0
325,0
325,0
325,0
325,0
326,0
326,0
326,0
326,0
326,0
326,0
326,0
326,0
326,0
326,0
327,0
327,0
327,0
327,0
327,0
327,0
327,-1
327,-1
327,-1
327,0
327,-1
328,0
328,0
328,0
328,0
328,0
328,0
328,0
328,0
328,0
328,0
329,0
329,0
329,0
329,0
329,0
329,0
329,0
329,0
329,0
329,0
330,0
330,0
330,0
330,0
330,0
330,0
330,0
330,0
330,0
330,0
331,0
331,0
331,0
331,0
331,-1
331,-1
331,0
331,0
331,0
331,0
332,-1
332,-1
332,-1
332,0
332,0
332,0
332,0
332,0
332,0
332,0
333,0
333,0
333,0
333,0
333,0
333,0
333,0
333,0
333,0
334,0
334,0
334,0
334,0
334,0
334,0
334,0
334,0
334,0
334,0
335,0
335,0
335,0
335,0
335,-1
335,-1
335,0
335,-1
335,-1
335,0
335,0
336,0
336,0
336,0
336,-1
336,-1
336,0
336,-1
336,-1
336,-1
336,0
337,-1
337,-1
337,0
337,0
337,0
337,0
337,-1
337,0
337,0
337,0
338,0
338,0
338,0
338,-1
338,0
338,0
338,0
338,0
338,0
338,0
339,0
339,0
339,0
339,-1
339,0
339,-1
339,-1
339,-1
339,-1
339,-1
340,0
340,0
340,0
340,0
340,-1
340,0
340,0
340,-1
340,0
341,0
341,0
341,0
341,0
341,0
341,0
341,-1
341,0
341,0
341,0
342,0
342,0
342,0
342,0
342,0
342,0
342,0
342,0
342,0
342,0
342,0
343,0
343,0
343,0
343,0
343,0
343,0
343,0
343,0
343,0
343,0
344,0
344,0
344,0
344,0
344,0
344,0
344,-1
344,0
344,0
344,0
345,0
345,-1
345,-1
345,0
345,0
345,0
345,0
345,0
345,0
345,0
346,0
346,0
346,0
346,0
346,0
346,0
346,0
346,-1
346,0
346,0
347,0
347,0
347,0
347,0
347,0
347,0
347,0
347,0
347,0
348,0
348,0
348,0
348,0
348,0
348,0
348,0
348,0
348,0
348,0
349,0
349,0
349,0
349,-1
349,-1
349,-1
349,0
349,0
349,0
349,0
349,0
350,0
350,0
350,0
350,0
350,0
350,0
350,0
350,0
350,0
350,0
351,0
351,0
351,0
351,0
351,0
351,0
351,-1
351,0
351,0
351,0
352,0
352,0
352,0
352,0
352,0
352,0
352,0
352,-1
352,0
352,0
353,0
353,-1
353,-1
353,0
353,0
353,0
353,0
353,0
353,0
353,0
354,0
354,0
354,0
354,0
354,0
354,0
354,0
354,0
354,0
354,0
355,0
355,0
355,0
355,0
355,0
355,-1
355,0
355,0
355,0
356,-1
356,-1
356,-1
356,0
356,0
356,0
356,0
356,0
356,0
356,0
357,-1
357,-1
357,-1
357,0
357,0
357,0
357,-1
357,0
357,0
357,0
357,0
358,0
358,0
358,0
358,0
358,-1
358,-1
358,0
358,0
358,0
358,-1
359,0
359,-1
359,-1
359,0
359,-1
359,-1
359,-1
359,-1
359,0
359,0
360,0
360,0
360,0
360,0
360,0
360,0
360,0
360,0
360,0
360,0
361,-1
361,-1
361,-1
361,0
361,0
361,-1
361,-1
361,-1
361,0
361,0
362,-1
362,0
362,0
362,0
362,0
362,0
362,0
362,0
362,0
363,0
363,0
363,0
363,0
363,0
363,0
363,-1
363,-1
363,-1
363,0
364,0
364,0
364,-1
364,-1
364,0
364,0
364,0
364,0
364,0
364,-1
365,-1
365,-1
365,-1
365,-1
365,-1
365,-1
365,-1
365,0
365,-1
365,-1
365,0
366,0
366,0
366,0
366,0
366,0
366,0
366,0
366,0
366,0
366,0
367,0
367,0
367,0
367,0
367,0
367,0
367,0
367,-1
367,-1
367,0
368,0
368,0
368,0
368,0
368,-1
368,-1
368,0
368,0
368,0
368,0
369,0
369,-1
369,-1
369,0
369,0
369,-1
369,-1
369,0
369,-1
369,-1
370,-1
370,-1
370,-1
370,0
370,0
370,0
370,0
370,0
370,0
370,0
371,0
371,0
371,-1
371,-1
371,-1
371,-1
371,-1
371,0
371,0
372,0
372,0
372,0
372,0
372,0
372,-1
372,-1
372,-1
372,-1
372,0
373,0
373,0
373,0
373,0
373,0
373,0
373,0
373,0
373,0
373,0
374,0
374,0
374,0
374,0
374,0
374,0
374,0
374,0
374,-1
374,-1
374,0
375,-1
375,-1
375,0
375,0
375,0
375,0
375,0
375,0
375,0
375,0
376,-1
376,0
376,0
376,0
376,0
376,0
376,0
376,0
376,0
376,0
377,0
377,0
377,0
377,-1
377,0
377,0
377,0
377,-1
377,0
377,0
378,0
378,0
378,0
378,0
378,0
378,0
378,0
378,-1
378,0
378,0
379,0
379,0
379,-1
379,-1
379,0
379,0
379,0
379,-1
379,0
380,0
380,0
380,0
380,-1
380,-1
380,0
380,0
380,0
380,0
380,0
381,0
381,0
381,0
381,0
381,-1
381,-1
381,0
381,0
381,0
381,0
382,-1
382,-1
382,-1
382,0
382,0
382,0
382,-1
382,0
382,0
382,0
383,0
383,-1
383,-1
383,0
383,-1
383,-1
383,-1
383,0
383,0
383,0
383,-1
384,0
384,0
384,-1
384,0
384,0
384,0
384,-1
384,0
384,-1
384,-1
385,0
385,-1
385,-1
385,0
385,0
385,0
385,0
385,0
385,-1
385,-1
386,0
386,0
386,0
386,0
386,0
386,0
386,0
386,0
386,0
387,0
387,0
387,0
387,-1
387,-1
387,0
387,-1
387,0
387,0
387,0
388,-1
388,-1
388,0
388,0
388,0
388,0
388,0
388,-1
388,-1
388,0
389,0
389,-1
389,-1
389,0
389,0
389,0
389,0
389,0
389,0
389,0
390,0
390,0
390,0
390,-1
390,0
390,0
390,0
390,-1
390,-1
390,-1
391,0
391,0
391,-1
391,-1
391,-1
391,0
391,0
391,0
391,0
391,0
391,0
392,-1
392,0
392,0
392,0
392,0
392,0
392,0
392,0
392,-1
392,-1
393,0
393,0
393,0
393,0
393,0
393,0
393,0
393,-1
393,-1
393,-1
394,0
394,0
394,-1
394,-1
394,-1
394,0
394,0
394,-1
394,0
395,-1
395,-1
395,-1
395,-1
395,-1
395,0
395,-1
395,0
395,0
395,0
396,0
396,0
396,-1
396,0
396,-1
396,-1
396,0
396,0
396,0
396,-1
397,0
397,0
397,0
397,-1
397,-1
397,-1
397,-1
397,0
397,0
397,0
398,0
398,-1
398,-1
398,0
398,0
398,-1
398,-1
398,0
398,-1
398,0
398,0
399,-1
399,0
399,0
399,0
399,0
399,-1
399,-1
399,0
399,0
400,0
400,0
400,-1
400,0
400,0
400,0
400,0
400,-1
400,-1
400,-1
401,0
401,0
401,-1
401,-1
401,0
401,0
401,-1
401,0
401,0
401,0
402,-1
402,-1
402,-1
402,-1
402,-1
402,-1
402,0
402,0
402,0
402,0
403,0
403,0
403,0
403,0
403,0
403,0
403,0
403,-1
403,-1
403,-1
404,0
404,0
404,0
404,0
404,-1
404,-1
404,-1
404,-1
404,0
404,0
404,0
405,0
405,-1
405,-1
405,0
405,0
405,-1
405,-1
405,-1
405,0
405,0
406,0
406,0
406,-1
406,-1
406,0
406,-1
406,-1
406,-1
406,-1
407,-1
407,-1
407,0
407,-1
407,-1
407,-1
407,0
407,-1
407,-1
407,-1
408,-1
408,-1
408,-1
408,-1
408,0
408,0
408,0
408,0
408,0
408,0
409,0
409,0
409,0
409,0
409,0
409,0
409,0
409,0
409,-1
409,-1
410,0
410,0
410,0
410,0
410,-1
410,0
410,0
410,0
410,0
410,0
411,0
411,0
411,-1
411,-1
411,0
411,-1
411,-1
411,0
411,0
412,0
412,0
412,0
412,2
412,2
412,2
412,2
412,3
412,3
412,3
412,3
412,3
413,4
413,4
413,5
413,5
413,4
413,5
413,5
413,5
413,5
414,6
414,6
414,6
414,6
414,6
414,6
414,6
414,6
414,6
414,6
415,6
415,7
415,7
415,7
415,7
415,7
415,7
415,7
415,7
415,7
416,8
416,8
416,8
416,8
416,8
416,7
416,7
416,8
416,8
416,8
417,8
417,8
417,8
417,8
417,8
417,8
417,8
417,8
417,8
418,8
418,8
418,8
418,7
418,7
418,7
418,7
418,7
418,7
418,8
419,8
419,8
419,7
419,7
419,7
419,7
419,7
419,7
419,7
419,7
419,6
420,6
420,6
420,6
420,6
420,6
420,5
420,5
420,5
420,5
420,5
421,4
421,4
421,4
421,4
421,4
421,4
421,4
421,3
421,3
421,3
422,3
422,2
422,2
422,3
422,2
422,2
422,2
422,1
422,1
422,1
423,1
423,0
423,0
423,1
423,0
423,0
423,0
423,-1
423,-1
423,-1
424,-1
424,-1
424,-1
424,-1
424,0
424,0
424,0
424,0
424,0
425,0
425,0
425,0
425,0
425,0
425,0
425,0
425,0
425,1
425,0
426,0
426,0
426,1
426,0
426,0
426,0
426,0
426,0
426,0
426,0
427,0
427,0
427,0
427,0
427,0
427,0
427,0
427,0
427,0
427,-1
427,-1
428,0
428,0
428,-1
428,-1
428,-1
428,-1
428,0
428,-1
428,-1
428,0
429,0
429,0
429,0
429,0
429,1
429,1
429,2
429,1
429,2
429,2
430,3
430,3
430,3
430,4
430,5
430,5
430,5
430,5
430,5
430,5
431,6
431,6
431,6
431,6
431,7
431,7
431,7
431,8
431,7
432,8
432,8
432,8
432,8
432,8
432,9
432,9
432,9
432,9
432,9
433,9
433,9
433,10
433,10
433,10
433,10
433,10
433,10
433,10
433,10
434,10
434,10
434,10
434,10
434,11
434,11
434,10
434,11
434,11
434,11
435,11
435,11
435,11
435,11
435,11
435,10
435,10
435,11
435,11
435,11
435,10
436,11
436,11
436,11
436,11
436,11
436,11
436,11
436,10
436,10
436,10
437,11
437,11
437,11
437,10
437,10
437,10
437,10
437,10
437,10
437,10
438,11
438,10
438,10
438,10
438,9
438,10
438,10
438,9
438,10
438,10
439,9
439,9
439,9
439,9
439,9
439,8
439,8
439,8
439,8
440,8
440,8
440,8
440,7
440,8
440,8
440,7
440,7
440,7
440,7
441,7
441,6
441,6
441,7
441,6
441,6
441,6
441,5
441,6
441,6
442,5
442,4
442,4
442,5
442,4
442,4
442,4
442,3
442,4
442,4
443,3
443,3
443,3
443,3
443,2
443,2
443,2
443,1
443,1
443,1
443,1
444,0
444,0
444,0
444,0
444,-1
444,-1
444,-1
444,-1
444,-1
444,-1
445,-1
445,0
445,-1
445,-1
445,0
445,0
445,0
445,0
445,0
446,0
446,0
446,0
446,0
446,0
446,1
446,1
446,1
446,1
446,1
447,1
447,1
447,0
447,1
447,0
447,0
447,1
447,0
447,0
447,0
448,1
448,1
448,1
448,0
448,0
448,0
448,0
448,0
448,0
448,0
449,0
449,-1
449,-1
449,0
449,-1
449,-1
449,-1
449,-1
449,0
449,0
450,-1
450,0
450,0
450,0
450,-1
450,-1
450,-1
450,0
450,-1
450,-1
451,0
451,0
451,0
451,0
451,0
451,0
451,-1
451,-1
451,0
451,0
451,0
452,-1
452,-1
452,-1
452,-1
452,-1
452,-1
452,-1
452,0
452,-1
453,0
453,0
453,0
453,-1
453,-1
453,-1
453,-1
453,-1
453,-1
453,-1
454,0
454,0
454,-1
454,-1
454,-1
454,-1
454,-1
454,-1
454,-1
454,-1
455,-1
455,0
455,0
455,-1
455,-1
455,-1
455,-1
455,-1
455,-1
455,-1
456,-1
456,-1
456,-1
456,-1
456,-1
456,-1
456,-1
456,-1
456,-1
456,-1
457,-1
457,-1
457,-1
457,-1
457,0
457,-1
457,-1
457,-1
457,-1
457,-1
458,-1
458,-1
458,0
458,0
458,-1
458,-1
458,-1
458,0
458,-1
459,0
459,0
459,-1
459,0
459,0
459,-1
459,-1
459,0
459,0
459,0
459,-1
459,-1
460,-1
460,0
460,0
460,-1
460,-1
460,-1
460,-1
460,-1
460,-1
460,-1
461,-1
461,-1
461,-1
461,-1
461,-1
461,-1
461,-1
461,-1
461,-1
462,-1
462,-1
462,-1
462,-1
462,-1
462,-1
462,-1
462,0
462,0
462,-1
463,-1
463,-1
463,-1
463,-1
463,0
463,0
463,-1
463,-1
463,-1
463,-1
464,-1
464,-1
464,-1
464,-1
464,0
464,-1
464,-1
464,-1
464,-1
464,-1
465,-1
465,-1
465,-1
465,-1
465,-1
465,-1
465,-1
465,0
465,-1
466,-1
466,-1
466,-1
466,-1
466,-1
466,0
466,0
466,-1
466,-1
466,-1
466,-1
466,-1
467,-1
467,-1
467,0
467,0
467,-1
467,-1
467,-1
467,-1
467,-1
468,-1
468,-1
468,-1
468,-1
468,-1
468,-1
468,-1
468,-1
468,-1
468,-1
469,-1
469,-1
469,0
469,-1
469,-1
469,-1
469,0
469,-1
469,-1
469,-1
470,-1
470,-1
470,-1
470,0
470,-1
470,-1
470,-1
470,-1
470,0
470,0
471,-1
471,0
471,0
471,-1
471,-1
471,-1
471,-1
471,0
471,0
471,0
472,-1
472,-1
472,-1
472,-1
472,-1
472,-1
472,-1
472,-1
472,-1
472,-1
473,-1
473,-1
473,-1
473,-1
473,-1
473,-1
473,-1
473,-1
473,-1
474,-1
474,-1
474,-1
474,-1
474,-1
474,-1
474,-1
474,-1
474,-1
474,-1
475,-1
475,-1
475,-1
475,-1
475,-1
475,-1
475,-1
475,-1
475,-1
475,-1
475,-1
475,-1
476,-1
476,-1
476,-1
476,-1
476,0
476,-1
476,-1
476,-1
476,-1
477,-1
477,-1
477,0
477,-1
477,-1
477,-1
477,0
477,-1
477,-1
477,-1
478,-1
478,-1
478,-1
478,-1
478,-1
478,-1
478,0
478,-1
478,-1
478,-1
479,0
479,-1
479,-1
479,-1
479,-1
479,-1
479,-1
479,-1
479,-1
479,-1
480,-1
480,-1
480,-1
480,-1
480,-1
480,-1
480,-1
480,-1
480,-1
480,-1
481,0
481,-1
481,-1
481,-1
481,-1
481,-1
481,-1
481,-1
481,-1
481,-1
482,-1
482,-1
482,-1
482,-1
482,-1
482,-1
482,-1
482,-1
482,-1
483,-1
483,-1
483,-1
483,-1
483,-1
483,-1
483,-1
483,-1
483,-1
483,-1
483,-1
483,-1
484,-1
484,-1
484,-1
484,-1
484,-1
484,-1
484,-1
484,-1
484,-1
485,-1
485,-1
485,-1
485,-1
485,-1
485,-1
485,-1
485,-1
485,-1
485,-1
486,0
486,0
486,-1
486,-1
486,-1
486,-1
486,-1
486,-1
486,-1
486,-1
487,-1
487,-1
487,-1
487,-1
487,-1
487,-1
487,-1
487,-1
487,-1
487,-1
488,-1
488,-1
488,-1
488,-1
488,-1
488,-1
488,-1
488,-1
488,-1
488,-1
489,-1
489,0
489,-1
489,-1
489,-1
489,-1
489,-1
489,-1
489,-1
490,-1
490,-1
490,-1
490,-1
490,-1
490,-1
490,-1
490,-1
490,-1
490,-1
491,-1
491,-1
491,0
491,-1
491,-1
491,-1
491,-1
491,-1
491,-1
491,-1
491,-1
492,-1
492,-1
492,-1
492,-1
492,-1
492,-1
492,-1
492,-1
492,-1
492,-1
493,-1
493,-1
493,0
493,-2
493,-1
493,-1
493,-1
493,-1
493,-1
493,-2
494,-1
494,-1
494,-1
494,-1
494,-1
494,-1
494,-1
494,-1
494,-1
494,-1
495,-1
495,-1
495,-1
495,-1
495,-1
495,-1
495,-1
495,-1
495,-1
495,-1
496,-1
496,-1
496,-1
496,-1
496,-1
496,-1
496,-1
496,-1
496,-1
496,-1
497,-1
497,-1
497,-1
497,-1
497,-1
497,-1
497,-1
497,-1
497,-1
498,-1
498,-1
498,-1
498,-1
498,-1
498,-1
498,-1
498,-1
498,-1
498,-1
499,-1
499,-1
499,-1
499,-1
499,-1
499,-1
499,-1
499,-1
499,-2
499,-2
499,-1
500,-1
500,-1
500,-1
500,-1
500,-1
500,-1
500,-1
500,-1
500,-1
500,-1
501,-1
501,-1
501,-1
501,-1
501,-1
501,-1
501,-1
501,-1
501,-1
501,-1
502,-1
502,-1
502,-1
502,-1
502,-1
502,-1
502,-1
502,-1
502,-1
502,-1
503,-1
503,-1
503,-1
503,-1
503,-1
503,-1
503,-1
503,-1
503,-1
503,-1
504,-1
504,-1
504,-1
504,-1
504,-1
504,-1
504,-1
504,-1
504,-1
505,-1
505,-1
505,-1
505,-1
505,-1
505,-1
505,-1
505,-1
505,-1
505,-1
506,-1
506,-1
506,-1
506,-1
506,-1
506,-1
506,-1
506,-1
506,-1
506,-1
507,-1
507,-1
507,-1
507,-1
507,-1
507,-1
507,-1
507,-1
507,-1
507,-1
507,-1
508,-1
508,-1
508,-1
508,-1
508,-1
508,-1
508,-1
508,-1
508,-1
508,-1
509,-1
509,-1
509,-1
509,-1
509,-1
509,-1
509,-1
509,-1
509,-1
509,-1
510,-1
510,-1
510,-1
510,-1
510,-1
510,-1
510,-1
510,-1
510,-1
511,-1
511,-1
511,-1
511,-1
511,-1
511,-1
511,-1
511,-1
511,-1
511,-1
512,-1
512,-1
512,-1
512,-1
512,-1
512,-1
512,-1
512,-1
512,-1
512,-1
513,-1
513,-1
513,-1
513,-1
513,-1
513,-1
513,-1
513,-1
513,-1
513,-1
514,-1
514,-1
514,-1
514,-1
514,-1
514,-1
514,-1
514,-1
514,-1
514,-1
515,-1
515,-1
515,-1
515,-1
515,-1
515,-1
515,-1
515,-1
515,-1
515,-1
515,-1
516,-1
516,-1
516,-1
516,-1
516,-1
516,-1
516,-1
516,-1
516,-1
516,-1
517,-1
517,-1
517,-1
517,-1
517,-1
517,-1
517,-1
517,-1
517,-1
517,-1
518,-1
518,-1
518,-1
518,-1
518,-1
518,-1
518,-1
518,-2
518,-1
519,-1
519,-1
519,-1
519,-1
519,-1
519,-1
519,-1
519,-1
519,-1
519,-1
520,-1
520,-1
520,-1
520,-1
520,-1
520,-1
520,-1
520,-1
520,-1
520,-1
521,-1
521,-1
521,-1
521,-1
521,-1
521,-1
521,-1
521,-1
521,-1
521,-1
522,-1
522,-1
522,-1
522,-1
522,-1
522,-1
522,-1
522,-2
522,-1
522,-1
523,-1
523,-1
523,-1
523,-1
523,-1
523,-1
523,-1
523,-1
523,-1
523,-1
523,-1
524,-1
524,-1
524,-1
524,-1
524,-1
524,-1
524,-1
524,-1
524,-1
524,-1
525,-1
525,-1
525,-1
525,-1
525,-1
525,-1
525,-1
525,-1
525,-1
525,-1
526,-1
526,-1
526,-1
526,-1
526,-1
526,-1
526,-1
526,-1
526,-1
527,-1
527,-1
527,-1
527,-1
527,-1
527,-1
527,-1
527,-1
527,-1
527,-1
528,-1
528,-1
528,-1
528,-1
528,-1
528,-1
528,-1
528,-1
528,-1
528,-1
529,-1
529,-1
529,-1
529,-1
529,-1
529,-1
529,-1
529,-1
529,-1
529,-1
530,-1
530,-1
530,-1
530,-1
530,-1
530,-1
530,-1
530,-1
530,-1
530,-1
531,-1
531,-1
531,-1
531,-1
531,-1
531,-1
531,-1
531,-1
531,-1
531,-1
532,-1
532,-1
532,-1
532,-1
532,-1
532,-1
532,-1
532,-1
532,-2
532,-1
532,-1
533,-1
533,-1
533,-1
533,-1
533,-1
533,-1
533,-1
533,-1
533,-1
534,-1
534,-1
534,-1
534,-2
534,-2
534,-1
534,-1
534,-1
534,-1
534,-1
535,-1
535,-1
535,-1
535,-1
535,-1
535,-1
535,-2
535,-1
535,-1
535,-1
536,-1
536,-2
536,-2
536,-1
536,-1
536,-1
536,-1
536,-1
536,-1
536,-1
537,-1
537,-1
537,-1
537,-1
537,-1
537,-1
537,-1
537,-1
537,-1
537,-1
538,-1
538,-1
538,-1
538,-1
538,-1
538,-1
538,-1
538,-1
538,-1
538,-1
539,-1
539,-1
539,-2
539,-2
539,-2
539,-1
539,-1
539,-1
539,-1
540,-2
540,-2
540,-1
540,-1
540,-1
540,-1
540,-1
540,-1
540,-1
540,-1
541,-1
541,-1
541,-1
541,-1
541,-1
541,-1
541,-2
541,-1
541,-1
541,-1
541,-1
542,-2
542,-2
542,-1
542,-1
542,-1
542,-1
542,-1
542,-1
542,-1
542,-2
543,-1
543,-1
543,-1
543,-1
543,-1
543,-1
543,-1
543,-2
543,-2
543,-1
544,-1
544,-1
544,-1
544,-1
544,-1
544,-1
544,-2
544,-1
544,-1
544,-2
545,-1
545,-1
545,-1
545,-1
545,-1
545,-1
545,-1
545,-2
545,-1
545,-1
546,-2
546,-1
546,-1
546,-1
546,-1
546,-1
546,-1
546,-1
546,-1
547,-1
547,-1
547,-1
547,-2
547,-2
547,-1
547,-1
547,-1
547,-1
547,-1
548,-1
548,-1
548,-1
548,-1
548,-1
548,-1
548,-2
548,-1
548,-1
548,-1
549,-1
549,-1
549,-1
549,-1
549,-1
549,-1
549,-1
549,-1
549,-1
549,-1
549,-1
550,-1
550,-1
550,-1
550,-1
550,-1
550,-1
550,-1
550,-2
550,-2
550,-1
551,-1
551,-1
551,-1
551,-1
551,-1
551,-1
551,-2
551,-1
551,-1
551,-1
552,-1
552,-1
552,-1
552,-1
552,-1
552,-1
552,-1
552,-1
552,-1
553,-1
553,-1
553,-1
553,-1
553,-1
553,-2
553,-2
553,-1
553,-1
553,-2
553,-1
554,-1
554,-1
554,-1
554,-1
554,-1
554,-1
554,-1
554,-1
554,-1
554,-2
555,-1
555,-1
555,-1
555,-1
555,-1
555,-1
555,-2
555,-2
555,-2
555,-1
556,-1
556,-1
556,-1
556,-1
556,-1
556,-1
556,-1
556,-2
556,-1
556,-1
557,-1
557,-2
557,-2
557,-1
557,-1
557,-1
557,-1
557,-1
557,-2
557,-2
558,-1
558,-1
558,-1
558,-1
558,-1
558,-1
558,-1
558,-1
558,-1
559,-1
559,-1
559,-1
559,-1
559,-1
559,-1
559,-1
559,-1
559,-1
559,-1
560,-1
560,-1
560,-2
560,-2
560,-2
560,-2
560,-1
560,-1
560,-1
560,-1
561,-1
561,-1
561,-1
561,-1
561,-2
561,-2
561,-2
561,-1
561,-1
561,-1
561,-1
562,-1
562,-1
562,-1
562,-2
562,-1
562,-1
562,-2
562,-2
562,-2
562,-2
563,-1
563,-1
563,-1
563,-1
563,-1
563,-1
563,-1
563,-1
563,-1
563,-1
564,-1
564,-1
564,-1
564,-2
564,-2
564,-1
564,-1
564,-1
564,-2
564,-2
565,-1
565,-1
565,-2
565,-2
565,-2
565,-1
565,-1
565,-1
565,-1
566,-1
566,-1
566,-1
566,-2
566,-1
566,-1
566,-1
566,-2
566,-2
566,-1
567,-1
567,-1
567,-1
567,-1
567,-2
567,-2
567,-1
567,-1
567,-1
567,-1
567,-1
568,-1
568,-1
568,-1
568,-1
568,-1
568,-1
568,-1
568,-1
568,-1
568,-1
569,-1
569,-1
569,-1
569,-1
569,-1
569,-1
569,-1
569,-1
569,-2
569,-2
570,-1
570,-1
570,-1
570,-2
570,-2
570,-2
570,-2
570,-1
570,-1
570,-1
571,-1
571,-2
571,-2
571,-2
571,-2
571,-2
571,-2
571,-2
571,-2
572,-1
572,-1
572,-1
572,-1
572,-1
572,-1
572,-1
572,-1
572,-1
572,-1
573,-2
573,-2
573,-1
573,-1
573,-1
573,-1
573,-1
573,-1
573,-1
573,-2
574,-1
574,-2
574,-2
574,-1
574,-2
574,-2
574,-2
574,-1
574,-2
574,-2
574,-2
575,-2
575,-2
575,-1
575,-2
575,-2
575,-2
575,-2
575,-1
575,-1
575,-1
576,-1
576,-2
576,-2
576,-2
576,-1
576,-1
576,-1
576,-2
576,-1
576,-1
577,-1
577,-1
577,-1
577,-1
577,-1
577,-1
577,-1
577,-1
577,-1
577,-1
578,-2
578,-2
578,-1
578,-1
578,-1
578,-2
578,-2
578,-2
578,-1
579,-2
579,-2
579,-2
579,-1
579,-1
579,-1
579,-1
579,-1
579,-1
579,-1
580,-1
580,-1
580,-2
580,-2
580,-1
580,-1
580,-2
580,-1
580,-1
580,-1
581,-1
581,-1
581,-2
581,-1
581,-1
581,-1
581,-1
581,-1
581,-1
581,-1
582,-2
582,-2
582,-2
582,-2
582,-2
582,-2
582,-2
582,-2
582,-2
582,-2
583,-2
583,-1
583,-1
583,-1
583,-2
583,-1
583,-1
583,-2
583,-2
583,-2
583,-1
584,-1
584,-1
584,-1
584,-2
584,-2
584,-2
584,-2
584,-1
584,-1
584,-1
585,-2
585,-2
585,-2
585,-1
585,-2
585,-2
585,-2
585,-2
585,-2
585,-2
586,-1
586,-1
586,-1
586,-1
586,-1
586,-1
586,-1
586,-1
586,-2
587,-1
587,-1
587,-2
587,-2
587,-2
587,-2
587,-1
587,-2
587,-2
587,-1
588,-1
588,-1
588,-2
588,-1
588,-2
588,-2
588,-2
588,-1
588,-1
588,-1
589,-1
589,-2
589,-2
589,-2
589,-1
589,-1
589,-1
589,-2
589,-2
589,-1
590,-2
590,-1
590,-1
590,-2
590,-1
590,-1
590,-1
590,-2
590,-2
590,-2
590,-2
591,-2
591,-2
591,-2
591,-2
591,-2
591,-2
591,-2
591,-1
591,-2
591,-2
592,-1
592,-1
592,-1
592,-2
592,-2
592,-2
592,-2
592,-1
592,-1
592,-1
593,-2
593,-2
593,-2
593,-2
593,-1
593,-1
593,-1
593,-1
593,-1
594,-2
594,-2
594,-1
594,-2
594,-2
594,-1
594,-2
594,-1
594,-1
594,-2
595,-2
595,-2
595,-2
595,-1
595,-1
595,-1
595,-2
595,-1
595,-1
595,-2
596,-2
596,-2
596,-1
596,-1
596,-2
596,-2
596,-1
596,-2
596,-2
596,-1
597,-1
597,-1
597,-1
597,-2
597,-2
597,-2
597,-1
597,-2
597,-1
597,-1
598,-2
598,-1
598,-1
598,-1
598,-1
598,-2
598,-2
598,-2
598,-2
598,-2
598,-2
599,-2
599,-2
599,-2
599,-1
599,-1
599,-1
599,-1
599,-1
599,-2
599,-2
600,-2
600,-1
600,-1
600,-1
600,-2
600,-2
600,-2
600,-2
600,-2
600,-2
601,-2
601,-2
601,-1
601,-1
601,-1
601,-1
601,-1
601,-2
601,-1
602,-2
602,-2
602,-2
602,-2
602,-2
602,-2
602,-1
602,-2
602,-2
602,-2
603,-2
603,-2
603,-1
603,-2
603,-2
603,-2
603,-2
603,-1
603,-1
603,-2
604,-1
604,-2
604,-2
604,-2
604,-2
604,-2
604,-2
604,-1
604,-1
604,-2
605,-2
605,-2
605,-2
605,-2
605,-1
605,-1
605,-1
605,-2
605,-2
605,-2
606,-2
606,-1
606,-1
606,-2
606,-2
606,-1
606,-1
606,-1
606,-1
606,-1
607,-1
607,-2
607,-1
607,-1
607,-1
607,-2
607,-2
607,-2
607,-1
607,-1
607,-1
608,-2
608,-1
608,-1
608,-2
608,-2
608,-2
608,-2
608,-1
608,-2
608,-2
609,-2
609,-2
609,-2
609,-2
609,-2
609,-1
609,-1
609,-1
609,-2
609,-2
610,-1
610,-1
610,-2
610,-2
610,-2
610,-2
610,-2
610,-2
610,-2
611,-1
611,-1
611,-1
611,-1
611,-1
611,-2
611,-1
611,-2
611,-2
611,-1
612,-2
612,-2
612,-2
612,-2
612,-2
612,-2
612,-2
612,-1
612,-1
612,-1
613,-2
613,-1
613,-1
613,-1
613,-2
613,-2
613,-2
613,-1
613,-1
613,-1
614,-1
614,-1
614,-1
614,-2
614,-2
614,-2
614,-2
614,-2
614,-2
614,-2
615,-1
615,-2
615,-2
615,-2
615,-2
615,-2
615,-2
615,-2
615,-2
615,-2
615,-2
616,-2
616,-2
616,-2
616,-2
616,-2
616,-2
616,-2
616,-2
616,-2
616,-2
617,-2
617,-2
617,-2
617,-2
617,-2
617,-2
617,-2
617,-2
617,-2
617,-2
618,-2
618,-2
618,-2
618,-2
618,-1
618,-1
618,-1
618,-1
618,-1
619,-2
619,-2
619,-1
619,-2
619,-2
619,-2
619,-2
619,-2
619,-2
619,-2
620,-2
620,-2
620,-1
620,-2
620,-2
620,-2
620,-1
620,-1
620,-2
620,-2
621,-2
621,-1
621,-1
621,-1
621,-1
621,-1
621,-2
621,-2
621,-2
621,-2
622,-2
622,-1
622,-2
622,-2
622,-1
622,-2
622,-2
622,-2
622,-2
622,-2
622,-2
623,-2
623,-2
623,-2
623,-2
623,-1
623,-1
623,-1
623,-2
623,-2
623,-2
624,-2
624,-2
624,-2
624,-2
624,-2
624,-1
624,-1
624,-2
624,-2
624,-2
625,-2
625,-2
625,-2
625,-2
625,-2
625,-2
625,-2
625,-1
625,-1
626,-2
626,-2
626,-1
626,-2
626,-2
626,-2
626,-2
626,-2
626,-2
626,-2
627,-1
627,-1
627,-2
627,-2
627,-1
627,-1
627,-2
627,-2
627,-2
627,-2
628,-2
628,-2
628,-2
628,-2
628,-2
628,-1
628,-1
628,-2
628,-2
628,-1
628,-1
629,-2
629,-1
629,-1
629,-1
629,-2
629,-1
629,-1
629,-2
629,-1
630,-2
630,-2
630,-2
630,-2
630,-2
630,-2
630,-2
630,-2
630,-2
630,-2
631,-1
631,-2
631,-2
631,-1
631,-2
631,-2
631,-2
631,-2
631,-2
631,-2
632,-2
632,-2
632,-2
632,-2
632,-2
632,-2
632,-2
632,-2
632,-1
632,-1
633,-2
633,-2
633,-1
633,-1
633,-2
633,-1
633,-1
633,-2
633,-1
633,-1
633,-1
634,-2
634,-2
634,-2
634,-2
634,-1
634,-2
634,-2
634,-2
634,-2
635,-2
635,-2
635,-2
635,-2
635,-2
635,-2
635,-2
635,-2
635,-2
635,-2
636,-2
636,-2
636,-1
636,-2
636,-2
636,-2
636,-2
636,-2
636,-2
636,-2
637,-2
637,-2
637,-2
637,-2
637,-2
637,-2
637,-2
637,-2
637,-2
637,-2
638,-2
638,-1
638,-1
638,-2
638,-2
638,-2
638,-2
638,-2
638,-2
638,-2
639,-2
639,-1
639,-1
639,-2
639,-2
639,-2
639,-2
639,-1
639,-2
639,-2
640,-2
640,-2
640,-2
640,-2
640,-2
640,-2
640,-2
640,-2
640,-2
641,-2
641,-2
641,-2
641,-2
641,-2
641,-2
641,-2
641,-2
641,-2
641,-2
641,-1
641,-1
642,-2
642,-2
642,-2
642,-2
642,-2
642,-2
642,-2
642,-2
642,-1
643,-1
643,-2
643,-2
643,-2
643,-2
643,-2
643,-2
643,-1
643,-2
643,-2
644,-2
644,-2
644,-2
644,-2
644,-2
644,-2
644,-2
644,-2
644,-2
644,-2
645,-2
645,-2
645,-2
645,-1
645,-2
645,-2
645,-2
645,-2
645,-1
645,-1
646,-2
646,-2
646,-2
646,-2
646,-2
646,-2
646,-2
646,-2
646,-1
646,-2
646,-2
647,-2
647,-2
647,-2
647,-2
647,-2
647,-2
647,-2
647,-2
647,-2
647,-2
648,-2
648,-2
648,-2
648,-2
648,-1
648,-2
648,-2
648,-2
648,-1
649,-2
649,-2
649,-2
649,-2
649,-2
649,-2
649,-2
649,-2
649,-2
649,-2
650,-2
650,-2
650,-2
650,-2
650,-2
650,-2
650,-2
650,-1
650,-1
650,-2
651,-2
651,-2
651,-2
651,-2
651,-2
651,-2
651,-2
651,-2
651,-2
651,-2
652,-2
652,-1
652,-1
652,-2
652,-2
652,-2
652,-2
652,-2
652,-2
652,-2
653,-2
653,-2
653,-2
653,-2
653,-2
653,-2
653,-2
653,-2
653,-2
654,-1
654,-1
654,-2
654,-2
654,-2
654,-2
654,-2
654,-2
654,-2
654,-2
654,-2
654,-2
655,-2
655,-3
655,-2
655,-2
655,-2
655,-2
655,-2
655,-2
655,-2
656,-2
656,-2
656,-2
656,-2
656,-2
656,-2
656,-2
656,-2
656,-2
656,-2
657,-2
657,-2
657,-2
657,-2
657,-2
657,-2
657,-2
657,-1
657,0
657,0
658,0
658,1
658,1
658,1
658,2
658,3
658,3
658,3
658,3
658,3
659,3
659,3
659,3
659,3
659,3
659,3
659,3
659,4
659,4
660,4
660,4
660,4
660,5
660,5
660,4
660,5
660,4
660,4
660,4
660,5
660,5
661,5
661,4
661,5
661,5
661,4
661,4
661,4
661,4
661,5
662,5
662,5
662,4
662,4
662,5
662,5
662,4
662,4
662,4
662,4
663,4
663,4
663,3
663,3
663,3
663,3
663,3
663,3
663,3
663,3
664,3
664,3
664,3
664,2
664,2
664,2
664,2
664,2
664,1
664,1
665,1
665,1
665,1
665,1
665,1
665,0
665,0
665,0
665,0
665,0
666,0
666,0
666,0
666,0
666,-1
666,-1
666,-1
666,-1
666,-2
666,-3
666,-3
667,-3
667,-3
667,-3
667,-3
667,-2
667,-2
667,-2
667,-2
667,-1
668,-1
668,-1
668,-1
668,-1
668,-1
668,-1
668,-1
668,-1
668,-1
668,-1
669,-1
669,-1
669,-1
669,-1
669,-1
669,-1
669,-1
669,-1
669,-2
669,-2
670,-1
670,-1
670,-1
670,-1
670,-1
670,-1
670,-1
670,-2
670,-2
671,-2
671,-2
671,-2
671,-2
671,-2
671,-1
671,-2
671,-1
671,-1
671,-1
671,-1
671,-1
672,-1
672,0
672,-1
672,-1
672,-1
672,-1
672,-1
672,0
672,0
673,-1
673,-1
673,0
673,-1
673,-1
673,-1
673,-1
673,0
673,0
673,0
674,0
674,0
674,0
674,0
674,0
674,0
674,0
674,0
674,0
674,0
675,0
675,0
675,0
675,0
675,0
675,0
675,0
675,1
675,1
675,1
676,1
676,1
676,1
676,1
676,1
676,1
676,1
676,1
676,1
676,1
677,2
677,1
677,1
677,1
677,2
677,2
677,2
677,2
677,2
678,2
678,2
678,2
678,2
678,2
678,2
678,3
678,3
678,3
678,2
679,3
679,3
679,3
679,3
679,3
679,3
679,3
679,4
679,4
679,4
679,4
680,4
680,4
680,4
680,5
680,5
680,4
680,5
680,5
680,5
680,5
681,5
681,5
681,5
681,6
681,5
681,5
681,6
681,6
681,6
681,6
682,6
682,7
682,7
682,7
682,7
682,8
682,8
682,7
682,8
683,8
683,8
683,8
683,8
683,8
683,9
683,9
683,9
683,9
683,10
684,10
684,10
684,11
684,10
684,11
684,11
684,11
684,12
684,12
684,12
685,12
685,12
685,12
685,13
685,13
685,13
685,13
685,14
685,14
685,14
685,15
686,15
686,15
686,15
686,15
686,16
686,16
686,16
686,16
686,16
686,17
687,17
687,17
687,17
687,18
687,18
687,18
687,19
687,19
687,20
687,20
688,21
688,21
688,21
688,21
688,22
688,22
688,22
688,23
688,23
689,24
689,24
689,25
689,25
689,25
689,26
689,26
689,26
689,26
689,27
690,28
690,28
690,28
690,29
690,29
690,29
690,30
690,31
690,31
690,31
691,32
691,32
691,32
691,33
691,34
691,34
691,34
691,35
691,36
691,36
691,36
692,37
692,37
692,38
692,39
692,40
692,40
692,40
692,40
692,40
692,42
693,42
693,43
693,43
693,44
693,45
693,45
693,46
693,46
693,47
693,47
694,48
694,49
694,49
694,49
694,51
694,52
694,52
694,52
694,53
694,53
695,54
695,55
695,56
695,56
695,57
695,58
695,58
695,59
695,60
696,61
696,61
696,62
696,63
696,63
696,64
696,66
696,67
696,67
696,68
697,69
697,69
697,69
697,71
697,72
697,72
697,73
697,75
697,75
697,76
698,77
698,78
698,78
698,78
698,78
698,78
698,78
698,77
698,78
698,78
699,77
699,77
699,77
699,78
699,78
699,78
699,78
699,78
699,78
699,78
699,78
700,78
700,78
700,78
700,78
700,78
700,78
700,78
700,78
700,78
700,78
701,79
701,78
701,78
701,78
701,78
701,79
701,79
701,78
701,78
701,78
702,78
702,78
702,78
702,78
702,78
702,78
702,78
702,78
702,79
703,79
703,79
703,78
703,78
703,78
703,78
703,78
703,78
703,78
703,78
704,78
704,78
704,78
704,78
704,78
704,78
704,78
704,78
704,78
704,79
705,78
705,78
705,78
705,78
705,78
705,78
705,78
705,78
705,78
705,78
706,78
706,79
706,79
706,78
706,78
706,79
706,79
706,78
706,79
706,78
706,78
707,78
707,79
707,78
707,78
707,78
707,78
707,78
707,78
707,78
708,78
708,78
708,78
708,78
708,78
708,78
708,79
708,78
708,78
708,78
709,78
709,78
709,79
709,78
709,78
709,78
709,78
709,78
709,78
709,78
710,78
710,78
710,78
710,78
710,79
710,79
710,78
710,78
710,78
710,78
711,78
711,78
711,78
711,78
711,78
711,78
711,78
711,78
711,79
711,79
712,79
712,79
712,79
712,78
712,78
712,78
712,78
712,78
712,78
712,78
712,78
713,78
713,78
713,78
713,78
713,78
713,79
713,79
713,78
713,78
713,78
714,79
714,79
714,78
714,78
714,78
714,79
714,79
714,79
714,78
715,78
715,78
715,78
715,79
715,79
715,78
715,78
715,78
715,78
715,79
716,78
716,78
716,78
716,78
716,79
716,79
716,78
716,78
716,78
716,78
717,78
717,78
717,78
717,78
717,78
717,78
717,79
717,78
717,79
717,79
718,79
718,78
718,78
718,78
718,78
718,78
718,78
718,78
718,79
718,79
719,78
719,78
719,78
719,78
719,78
719,78
719,78
719,78
719,78
719,78
720,78
720,78
720,78
720,78
720,78
720,78
720,78
720,78
720,79
720,78
720,78
721,78
721,78
721,78
721,78
721,78
721,79
721,79
721,78
721,78
721,78
722,78
722,78
722,78
722,78
722,78
722,78
722,78
722,78
722,78
723,78
723,78
723,78
723,78
723,78
723,78
723,78
723,78
723,78
723,78
724,78
724,78
724,78
724,78
724,78
724,78
724,78
724,78
724,78
724,78
725,78
725,78
725,78
725,78
725,78
725,78
725,78
725,79
725,79
725,78
726,78
726,78
726,78
726,78
726,79
726,79
726,78
726,78
726,78
726,78
727,78
727,78
727,78
727,78
727,78
727,78
727,78
727,78
727,78
727,78
728,78
728,78
728,78
728,78
728,78
728,78
728,78
728,78
728,78
729,78
729,78
729,78
729,78
729,78
729,78
729,78
729,79
729,79
729,78
729,78
729,78
730,78
730,78
730,78
730,78
730,78
730,78
730,78
730,78
730,78
731,78
731,78
731,78
731,78
731,78
731,78
731,78
731,78
731,78
731,78
732,78
732,78
732,78
732,78
732,78
732,79
732,78
732,78
732,78
732,78
733,78
733,78
733,78
733,78
733,78
733,78
733,78
733,79
733,79
733,78
734,78
734,79
734,79
734,78
734,78
734,79
734,79
734,78
734,78
734,78
735,78
735,78
735,78
735,78
735,78
735,79
735,79
735,78
735,78
735,78
736,78
736,78
736,78
736,78
736,78
736,78
736,78
736,78
736,78
736,78
736,78
737,78
737,78
737,78
737,78
737,78
737,78
737,78
737,78
737,78
737,78
738,78
738,78
738,78
738,78
738,78
738,78
738,78
738,78
738,78
739,78
739,78
739,78
739,78
739,78
739,78
739,78
739,78
739,78
739,78
740,78
740,78
740,78
740,78
740,78
740,78
740,78
740,78
740,78
740,78
741,79
741,78
741,78
741,78
741,78
741,78
741,78
741,78
741,78
741,78
742,78
742,78
742,78
742,78
742,78
742,78
742,78
742,79
742,78
742,78
743,78
743,78
743,78
743,78
743,78
743,78
743,78
743,78
743,78
743,78
744,78
744,78
744,78
744,78
744,78
744,78
744,78
744,78
744,78
745,78
745,78
745,78
745,78
745,78
745,78
745,78
745,78
745,78
745,78
745,78
745,78
746,78
746,78
746,78
746,78
746,78
746,78
746,78
746,78
746,78
747,78
747,78
747,78
747,78
747,78
747,78
747,79
747,78
747,78
747,78
748,79
748,78
748,78
748,78
748,78
748,78
748,78
748,78
748,78
748,78
749,78
749,78
749,78
749,78
749,78
749,78
749,78
749,78
749,78
749,78
750,78
750,78
750,78
750,78
750,78
750,78
750,78
750,78
750,78
751,78
751,78
751,78
751,78
751,78
751,78
751,78
751,78
751,78
751,78
752,78
752,78
752,78
752,78
752,78
752,78
752,78
752,78
752,78
752,78
753,78
753,78
753,78
753,78
753,78
753,78
753,78
753,78
753,78
753,78
753,78
754,78
754,78
754,78
754,78
754,78
754,78
754,78
754,78
754,78
754,78
755,78
755,78
755,78
755,78
755,78
755,78
755,78
755,78
755,78
755,78
756,78
756,78
756,78
756,77
756,78
756,78
756,78
756,78
756,78
756,78
757,78
757,78
757,78
757,78
757,78
757,78
757,78
757,78
757,78
757,78
758,78
758,78
758,78
758,79
758,78
758,78
758,78
758,78
758,78
758,78
759,79
759,78
759,78
759,78
759,78
759,78
759,78
759,78
759,78
760,78
760,78
760,78
760,78
760,78
760,78
760,78
760,78
760,78
760,78
761,78
761,78
761,78
761,78
761,78
761,78
761,78
761,78
761,78
761,78
762,78
762,78
762,78
762,78
762,78
762,78
762,78
762,78
762,78
762,78
762,78
763,78
763,78
763,78
763,78
763,78
763,78
763,78
763,78
763,78
763,78
764,78
764,78
764,78
764,77
764,78
764,78
764,78
764,78
764,78
764,78
765,78
765,78
765,78
765,78
765,78
765,78
765,78
765,78
765,78
765,78
766,78
766,78
766,78
766,78
766,78
766,78
766,78
766,78
766,78
767,78
767,78
767,78
767,78
767,78
767,78
767,78
767,78
767,78
767,78
768,78
768,78
768,78
768,77
768,77
768,77
768,78
768,78
768,78
768,77
769,78
769,77
769,77
769,77
769,77
769,77
769,77
769,78
769,78
769,78
769,77
770,77
770,77
770,76
770,77
770,77
770,77
770,76
770,77
770,77
770,77
771,77
771,76
771,76
771,76
771,76
771,76
771,76
771,76
771,76
771,76
772,76
772,76
772,76
772,75
772,75
772,75
772,75
772,75
772,75
772,75
773,75
773,75
773,74
773,74
773,74
773,74
773,74
773,74
773,74
773,74
774,73
774,73
774,73
774,73
774,73
774,72
774,72
774,72
774,72
775,72
775,72
775,71
775,71
775,71
775,71
775,71
775,70
775,70
775,70
776,70
776,70
776,69
776,69
776,69
776,69
776,69
776,68
776,68
776,68
777,68
777,68
777,68
777,68
777,67
777,67
777,66
777,66
777,66
777,66
778,65
778,65
778,65
778,64
778,64
778,64
778,64
778,63
778,63
778,63
778,62
779,62
779,61
779,61
779,61
779,61
779,61
779,60
779,59
779,59
779,59
780,59
780,58
780,58
780,58
780,57
780,57
780,57
780,56
780,56
780,56
781,55
781,55
781,54
781,54
781,54
781,52
781,52
781,52
781,52
782,52
782,52
782,51
782,50
782,50
782,49
782,49
782,48
782,48
782,47
783,47
783,47
783,47
783,46
783,45
783,45
783,44
783,44
783,44
783,43
784,43
784,43
784,43
784,42
784,41
784,41
784,40
784,40
784,39
784,39
785,38
785,37
785,37
785,37
785,36
785,35
785,35
785,35
785,34
785,34
785,33
786,32
786,32
786,31
786,31
786,30
786,30
786,29
786,28
786,28
786,27
787,26
787,26
787,26
787,25
787,24
787,24
787,23
787,22
787,21
787,21
788,21
788,20
788,20
788,19
788,17
788,17
788,17
788,16
788,15
788,15
789,14
789,12
789,12
789,12
789,11
789,10
789,10
789,9
789,8
790,7
790,7
790,6
790,5
790,5
790,4
790,3
790,1
790,1
790,1
791,0
791,0
791,-1
791,-2
791,-3
791,-3
791,-3
791,-4
791,-4
791,-4
792,-3
792,-2
792,-2
792,-2
792,-1
792,-1
792,-1
792,-1
792,-1
792,-1
792,0
793,0
793,0
793,0
793,0
793,0
793,0
793,-1
793,-1
793,-1
793,0
794,-1
794,-1
794,-1
794,-1
794,-2
794,-2
794,-2
794,-2
794,-3
794,-3
795,-2
795,-2
795,-2
795,-2
795,-2
795,-2
795,-2
795,-2
795,-2
796,-2
796,-1
796,-1
796,-2
796,-2
796,-2
796,-2
796,-2
796,-2
796,-2
796,-2
797,-2
797,-2
797,-3
797,-2
797,-2
797,-2
797,-2
797,-2
797,-2
797,-2
798,-2
798,-1
798,-1
798,-2
798,-2
798,-2
798,-2
798,-2
798,-2
798,-2
799,-3
799,-3
799,-3
799,-2
799,-2
799,-2
799,-2
799,-2
799,-2
799,-2
800,-2
800,-2
800,-2
800,-2
800,-2
800,-2
800,-2
800,-2
800,-2
800,-2
801,-3
801,-2
801,-2
801,-2
801,-3
801,-2
801,-2
801,-2
801,-2
802,-2
802,-2
802,-2
802,-2
802,-2
802,-3
802,-2
802,-2
802,-2
802,-2
803,-2
803,-2
803,-2
803,-3
803,-3
803,-2
803,-1
803,-2
803,-2
803,-2
804,-2
804,-2
804,-2
804,-2
804,-2
804,-2
804,-2
804,-2
804,-2
804,-2
804,-2
805,-2
805,-2
805,-2
805,-2
805,-2
805,-2
805,-2
805,-3
805,-2
805,-2
806,-2
806,-2
806,-2
806,-2
806,-2
806,-2
806,-2
806,-2
806,-2
806,-2
807,-2
807,-3
807,-3
807,-3
807,-3
807,-3
807,-3
807,-3
807,-3
808,-2
808,-2
808,-2
808,-2
808,-2
808,-2
808,-2
808,-2
808,-2
808,-2
809,-3
809,-2
809,-2
809,-2
809,-2
809,-2
809,-2
809,-3
809,-3
809,-3
810,-2
810,-2
810,-2
810,-2
810,-2
810,-2
810,-2
810,-2
810,-2
810,-2
811,-2
811,-2
811,-2
811,-3
811,-2
811,-2
811,-2
811,-2
811,-2
811,-3
811,-3
812,-2
812,-2
812,-2
812,-2
812,-2
812,-2
812,-2
812,-2
812,-2
813,-2
813,-2
813,-2
813,-2
813,-2
813,-2
813,-2
813,-2
813,-2
813,-2
814,-2
814,-2
814,-2
814,-2
814,-3
814,-2
814,-2
814,-3
814,-2
814,-2
814,-2
815,-3
815,-2
815,-2
815,-2
815,-3
815,-2
815,-2
815,-2
815,-2
816,-2
816,-2
816,-3
816,-2
816,-2
816,-3
816,-2
816,-2
816,-2
816,-2
817,-2
817,-2
817,-2
817,-3
817,-2
817,-2
817,-2
817,-2
817,-2
817,-2
818,-2
818,-2
818,-3
818,-3
818,-2
818,-2
818,-2
818,-2
818,-3
818,-2
818,-2
819,-2
819,-2
819,-3
819,-3
819,-2
819,-2
819,-3
819,-3
819,-2
820,-3
820,-3
820,-3
820,-2
820,-2
820,-2
820,-2
820,-2
820,-2
820,-2
821,-3
821,-2
821,-2
821,-3
821,-2
821,-2
821,-2
821,-3
821,-2
821,-2
822,-2
822,-2
822,-2
822,-2
822,-3
822,-2
822,-2
822,-2
822,-3
822,-3
822,-3
823,-2
823,-2
823,-2
823,-3
823,-2
823,-2
823,-2
823,-2
823,-2
823,-2
824,-2
824,-2
824,-3
824,-3
824,-3
824,-3
824,-3
824,-2
824,-3
825,-2
825,-2
825,-3
825,-2
825,-2
825,-2
825,-2
825,-2
825,-2
825,-2
826,-2
826,-2
826,-2
826,-2
826,-2
826,-2
826,-3
826,-2
826,-2
826,-3
827,-3
827,-2
827,-2
827,-2
827,-2
827,-2
827,-2
827,-3
827,-2
827,-2
828,-3
828,-2
828,-2
828,-2
828,-2
828,-2
828,-2
828,-2
828,-3
828,-2
829,-3
829,-3
829,-2
829,-2
829,-2
829,-2
829,-2
829,-2
829,-2
829,-3
830,-3
830,-2
830,-2
830,-2
830,-2
830,-3
830,-3
830,-2
830,-2
830,-2
831,-2
831,-2
831,-2
831,-2
831,-3
831,-3
831,-3
831,-3
831,-3
831,-3
831,-3
832,-2
832,-2
832,-2
832,-2
832,-2
832,-3
832,-3
832,-3
832,-3
833,-2
833,-2
833,-2
833,-2
833,-3
833,-3
833,-3
833,-3
833,-2
833,-2
834,-2
834,-3
834,-2
834,-2
834,-3
834,-2
834,-2
834,-2
834,-2
834,-3
834,-3
835,-2
835,-2
835,-2
835,-2
835,-2
835,-3
835,-3
835,-2
835,-2
836,-3
836,-3
836,-3
836,-2
836,-2
836,-3
836,-2
836,-2
836,-2
836,-3
837,-2
837,-2
837,-2
837,-2
837,-2
837,-2
837,-2
837,-3
837,-2
837,-2
838,-3
838,-2
838,-2
838,-2
838,-2
838,-3
838,-2
838,-2
838,-3
838,-3
839,-2
839,-2
839,-2
839,-3
839,-3
839,-3
839,-2
839,-2
839,-2
839,-3
840,-2
840,-2
840,-2
840,-3
840,-3
840,-3
840,-3
840,-2
840,-2
840,-2
841,-3
841,-2
841,-2
841,-2
841,-2
841,-2
841,-3
841,-3
841,-2
841,-2
842,-2
842,-2
842,-2
842,-2
842,-2
842,-3
842,-3
842,-3
842,-3
842,-3
843,-2
843,-2
843,-3
843,-3
843,-3
843,-2
843,-2
843,-2
843,-2
844,-2
844,-2
844,-2
844,-2
844,-2
844,-2
844,-3
844,-2
844,-2
844,-2
844,-3
844,-3
845,-2
845,-3
845,-3
845,-3
845,-2
845,-3
845,-3
845,-3
845,-3
846,-2
846,-2
846,-2
846,-3
846,-2
846,-2
846,-2
846,-2
846,-2
846,-2
847,-3
847,-3
847,-3
847,-2
847,-3
847,-3
847,-2
847,-3
847,-3
847,-3
848,-2
848,-2
848,-2
848,-2
848,-3
848,-2
848,-2
848,-2
848,-3
848,-3
849,-3
849,-2
849,-2
849,-2
849,-3
849,-2
849,-2
849,-3
849,-2
850,-3
850,-3
850,-2
850,-2
850,-2
850,-2
850,-2
850,-2
850,-2
850,-3
850,-3
850,-3
851,-3
851,-2
851,-3
851,-3
851,-3
851,-2
851,-2
851,-3
851,-2
852,-2
852,-2
852,-2
852,-2
852,-2
852,-3
852,-2
852,-2
852,-2
852,-3
853,-3
853,-3
853,-2
853,-2
853,-2
853,-2
853,-2
853,-2
853,-2
853,-3
854,-3
854,-2
854,-2
854,-2
854,-2
854,-2
854,-3
854,-3
854,-3
854,-3
855,-3
855,-3
855,-3
855,-2
855,-3
855,-3
855,-3
855,-3
855,-3
855,-3
856,-3
856,-3
856,-3
856,-3
856,-2
856,-3
856,-3
856,-2
856,-3
857,-2
857,-2
857,-3
857,-3
857,-3
857,-2
857,-2
857,-2
857,-3
857,-2
857,-3
857,-3
858,-3
858,-3
858,-3
858,-3
858,-2
858,-3
858,-3
858,-3
858,-2
859,-2
859,-2
859,-2
859,-3
859,-3
859,-2
859,-3
859,-3
859,-3
859,-3
860,-2
860,-2
860,-3
860,-2
860,-2
860,-2
860,-3
860,-2
860,-2
860,-2
861,-3
861,-2
861,-2
861,-2
861,-3
861,-3
861,-3
861,-2
861,-3
861,-3
862,-3
862,-3
862,-3
862,-2
862,-2
862,-2
862,-2
862,-3
862,-3
862,-3
863,-3
863,-2
863,-3
863,-3
863,-3
863,-2
863,-2
863,-3
863,-2
864,-3
864,-3
864,-2
864,-3
864,-3
864,-3
864,-2
864,-3
864,-3
864,-2
864,-3
864,-3
865,-3
865,-2
865,-3
865,-3
865,-2
865,-3
865,-3
865,-2
865,-2
866,-3
866,-3
866,-3
866,-3
866,-3
866,-3
866,-2
866,-2
866,-2
866,-3
867,-3
867,-3
867,-3
867,-2
867,-3
867,-3
867,-2
867,-3
867,-3
867,-3
868,-3
868,-2
868,-2
868,-3
868,-2
868,-2
868,-2
868,-2
868,-2
868,-2
869,-3
869,-2
869,-2
869,-3
869,-3
869,-3
869,-2
869,-3
869,-3
869,-3
870,-3
870,-3
870,-3
870,-3
870,-3
870,-3
870,-3
870,-3
870,-3
871,-3
871,-3
871,-3
871,-3
871,-3
871,-3
871,-2
871,-3
871,-3
871,-3
872,-3
872,-3
872,-3
872,-3
872,-3
872,-3
872,-3
872,-3
872,-3
872,-3
872,-3
873,-3
873,-3
873,-3
873,-3
873,-3
873,-3
873,-3
873,-3
873,-3
873,-3
874,-3
874,-3
874,-3
874,-3
874,-3
874,-3
874,-3
874,-2
874,-2
874,-2
875,-3
875,-3
875,-3
875,-3
875,-3
875,-3
875,-3
875,-3
875,-3
875,-3
876,-3
876,-3
876,-3
876,-3
876,-3
876,-3
876,-3
876,-3
876,-3
876,-3
877,-3
877,-3
877,-3
877,-3
877,-3
877,-3
877,-3
877,-3
877,-3
878,-3
878,-3
878,-3
878,-3
878,-3
878,-3
878,-3
878,-3
878,-3
878,-3
879,-3
879,-3
879,-2
879,-3
879,-3
879,-3
879,-3
879,-3
879,-3
879,-3
879,-3
880,-3
880,-3
880,-3
880,-3
880,-3
880,-3
880,-3
880,-3
880,-3
880,-3
881,-3
881,-3
881,-3
881,-3
881,-3
881,-3
881,-3
881,-3
881,-3
881,-3
882,-3
882,-3
882,-3
882,-2
882,-3
882,-3
882,-3
882,-3
882,-3
882,-3
883,-2
883,-3
883,-2
883,-2
883,-2
883,-3
883,-3
883,-3
883,-3
884,-3
884,-3
884,-3
884,-3
884,-3
884,-3
884,-3
884,-3
884,-3
884,-3
885,-3
885,-3
885,-3
885,-3
885,-3
885,-3
885,-3
885,-3
885,-3
885,-3
885,-3
886,-3
886,-3
886,-3
886,-3
886,-3
886,-3
886,-2
886,-3
886,-3
886,-3
887,-3
887,-3
887,-3
887,-2
887,-3
887,-3
887,-3
887,-3
887,-3
887,-3
888,-3
888,-3
888,-3
888,-3
888,-3
888,-3
888,-3
888,-3
888,-3
888,-3
889,-3
889,-3
889,-3
889,-3
889,-3
889,-3
889,-3
889,-3
889,-3
889,-3
890,-3
890,-2
890,-3
890,-3
890,-3
890,-3
890,-3
890,-3
890,-3
891,-3
891,-3
891,-3
891,-3
891,-3
891,-3
891,-3
891,-3
891,-3
891,-3
891,-3
892,-3
892,-3
892,-3
892,-3
892,-3
892,-3
892,-3
892,-3
892,-3
892,-3
893,-3
893,-3
893,-3
893,-3
893,-3
893,-3
893,-3
893,-3
893,-3
893,-3
894,-3
894,-3
894,-3
894,-3
894,-3
894,-3
894,-3
894,-3
894,-3
894,-3
895,-3
895,-3
895,-3
895,-3
895,-3
895,-3
895,-3
895,-3
895,-3
896,-3
896,-3
896,-3
896,-3
896,-3
896,-3
896,-3
896,-3
896,-2
896,-2
896,-3
897,-3
897,-3
897,-3
897,-3
897,-3
897,-3
897,-3
897,-3
897,-3
897,-3
898,-3
898,-3
898,-3
898,-3
898,-3
898,-3
898,-3
898,-3
898,-3
898,-3
899,-3
899,-3
899,-3
899,-3
899,-3
899,-3
899,-3
899,-3
899,-3
899,-3
900,-3
900,-3
900,-3
900,-3
900,-3
900,-3
900,-3
900,-3
900,-3
901,-3
901,-3
901,-3
901,-3
901,-3
901,-3
901,-3
901,-3
901,-3
901,-3
901,-3
902,-3
902,-3
902,-3
902,-3
902,-3
902,-3
902,-3
902,-3
902,-3
902,-3
903,-3
903,-3
903,-3
903,-3
903,-3
903,-3
903,-3
903,-3
903,-3
904,-3
904,-3
904,-3
904,-3
904,-2
904,-2
904,-3
904,-3
904,-3
904,-3
904,-3
905,-3
905,-4
905,-4
905,-3
905,-3
905,-3
905,-3
905,-3
905,-3
906,-2
906,-2
906,-3
906,-3
906,-3
906,-3
906,-3
906,-3
906,-3
906,-3
906,-3
907,-3
907,-3
907,-3
907,-3
907,-3
907,-3
907,-3
907,-3
907,-3
907,-3
907,-3
908,-3
908,-3
908,-3
908,-3
908,-3
908,-3
908,-3
908,-3
908,-3
909,-3
909,-3
909,-3
909,-3
909,-3
909,-3
909,-3
909,-3
909,-3
909,-3
909,-3
910,-3
910,-3
910,-3
910,-3
910,-3
910,-3
910,-3
910,-3
910,-3
911,-3
911,-3
911,-3
911,-3
911,-3
911,-3
911,-3
911,-3
911,-3
911,-3
911,-3
912,-3
912,-3
912,-3
912,-3
912,-3
912,-3
912,-3
912,-3
912,-3
913,-3
913,-4
913,-4
913,-3
913,-3
913,-3
913,-3
913,-3
913,-3
913,-3
913,-3
914,-3
914,-3
914,-3
914,-3
914,-3
914,-3
914,-3
914,-3
914,-3
915,-3
915,-3
915,-3
915,-3
915,-3
915,-3
915,-3
915,-3
915,-3
915,-3
916,-3
916,-4
916,-4
916,-3
916,-3
916,-3
916,-3
916,-3
916,-3
916,-3
916,-3
917,-3
917,-3
917,-3
917,-3
917,-3
917,-3
917,-3
917,-3
917,-3
918,-3
918,-3
918,-3
918,-3
918,-3
918,-3
918,-3
918,-3
918,-3
918,-3
918,-3
919,-3
919,-3
919,-3
919,-3
919,-3
919,-3
919,-3
919,-3
919,-3
920,-3
920,-3
920,-3
920,-3
920,-3
920,-3
920,-3
920,-3
920,-3
920,-3
921,-3
921,-3
921,-3
921,-3
921,-3
921,-3
921,-3
921,-3
921,-3
921,-3
921,-3
922,-3
922,-3
922,-3
922,-3
922,-3
922,-3
922,-3
922,-3
922,-3
923,-3
923,-3
923,-3
923,-3
923,-3
923,-3
923,-3
923,-3
923,-3
923,-3
924,-3
924,-3
924,-3
924,-3
924,-3
924,-3
924,-3
924,-3
924,-3
925,-3
925,-3
925,-3
925,-4
925,-3
925,-3
925,-3
925,-3
925,-3
925,-3
925,-3
926,-3
926,-3
926,-3
926,-3
926,-3
926,-3
926,-3
926,-3
926,-4
927,-3
927,-3
927,-4
927,-3
927,-3
927,-3
927,-3
927,-3
927,-3
927,-3
927,-3
928,-3
928,-3
928,-3
928,-3
928,-3
928,-3
928,-3
928,-3
928,-3
928,-3
929,-3
929,-3
929,-3
929,-3
929,-3
929,-3
929,-3
929,-3
929,-3
929,-3
929,-3
930,-3
930,-3
930,-3
930,-3
930,-3
930,-3
930,-3
930,-3
930,-3
931,-3
931,-3
931,-3
931,-3
931,-3
931,-3
931,-3
931,-3
931,-3
931,-3
932,-3
932,-3
932,-3
932,-3
932,-3
932,-4
932,-3
932,-3
932,-3
932,-3
933,-3
933,-3
933,-3
933,-3
933,-3
933,-3
933,-3
933,-3
933,-3
933,-3
934,-3
934,-3
934,-3
934,-3
934,-3
934,-3
934,-3
934,-3
934,-3
934,-3
934,-3
935,-4
935,-3
935,-3
935,-3
935,-3
935,-3
935,-3
935,-3
935,-3
936,-3
936,-3
936,-3
936,-3
936,-3
936,-3
936,-3
936,-3
936,-3
936,-3
937,-3
937,-3
937,-3
937,-3
937,-3
937,-3
937,-3
937,-3
937,-3
937,-3
938,-3
938,-3
938,-3
938,-3
938,-3
938,-3
938,-3
938,-3
938,-3
938,-3
938,-3
939,-3
939,-3
939,-4
939,-4
939,-3
939,-3
939,-3
939,-4
939,-3
940,-3
940,-3
940,-3
940,-3
940,-3
940,-3
940,-3
940,-4
940,-3
940,-3
941,-3
941,-3
941,-3
941,-3
941,-4
941,-3
941,-3
941,-3
941,-3
941,-3
941,-3
942,-4
942,-3
942,-3
942,-3
942,-3
942,-3
942,-3
942,-3
942,-3
943,-3
943,-3
943,-3
943,-3
943,-3
943,-3
943,-3
943,-3
943,-3
943,-3
944,-3
944,-3
944,-3
944,-3
944,-3
944,-3
944,-3
944,-3
944,-3
944,-3
945,-3
945,-3
945,-4
945,-4
945,-3
945,-3
945,-3
945,-3
945,-3
945,-3
946,-3
946,-3
946,-3
946,-3
946,-3
946,-3
946,-4
946,-3
946,-3
946,-3
947,-3
947,-3
947,-3
947,-3
947,-4
947,-3
947,-3
947,-3
947,-3
947,-3
948,-3
948,-3
948,-3
948,-3
948,-3
948,-3
948,-3
948,-3
948,-3
948,-3
949,-3
949,-3
949,-3
949,-3
949,-3
949,-3
949,-3
949,-3
949,-3
949,-3
949,-3
950,-3
950,-3
950,-3
950,-3
950,-3
950,-3
950,-3
950,-4
950,-3
951,-3
951,-3
951,-3
951,-3
951,-3
951,-3
951,-3
951,-4
951,-3
951,-3
952,-3
952,-3
952,-3
952,-4
952,-3
952,-3
952,-3
952,-3
952,-3
952,-3
952,-3
953,-3
953,-3
953,-3
953,-3
953,-3
953,-3
953,-3
953,-3
953,-4
953,-4
954,-3
954,-3
954,-3
954,-3
954,-3
954,-3
954,-3
954,-3
954,-3
955,-3
955,-3
955,-3
955,-3
955,-3
955,-4
955,-3
955,-3
955,-3
955,-3
956,-4
956,-4
956,-3
956,-3
956,-3
956,-3
956,-4
956,-3
956,-3
956,-3
957,-3
957,-3
957,-3
957,-3
957,-4
957,-4
957,-3
957,-3
957,-3
957,-4
958,-4
958,-3
958,-3
958,-4
958,-3
958,-3
958,-3
958,-3
958,-3
958,-3
959,-3
959,-3
959,-3
959,-3
959,-3
959,-3
959,-3
959,-4
959,-3
959,-4
959,-4
960,-3
960,-3
960,-4
960,-4
960,-3
960,-3
960,-3
960,-3
960,-4
961,-3
961,-3
961,-3
961,-4
961,-4
961,-4
961,-3
961,-3
961,-3
961,-3
962,-3
962,-3
962,-3
962,-4
962,-3
962,-3
962,-3
962,-3
962,-3
962,-3
962,-3
963,-3
963,-3
963,-3
963,-3
963,-3
963,-3
963,-3
963,-3
963,-3
964,-3
964,-3
964,-3
964,-3
964,-3
964,-3
964,-3
964,-3
964,-4
964,-4
965,-3
965,-3
965,-3
965,-3
965,-3
965,-3
965,-3
965,-3
965,-3
965,-3
966,-3
966,-3
966,-3
966,-3
966,-3
966,-3
966,-3
966,-3
966,-3
966,-4
967,-4
967,-3
967,-3
967,-3
967,-3
967,-3
967,-3
967,-4
967,-3
967,-3
967,-3
968,-3
968,-3
968,-3
968,-3
968,-3
968,-3
968,-3
968,-3
968,-3
969,-3
969,-4
969,-4
969,-3
969,-4
969,-3
969,-3
969,-3
969,-3
969,-3
969,-3
970,-3
970,-3
970,-3
970,-3
970,-3
970,-3
970,-3
970,-3
970,-3
971,-3
971,-3
971,-3
971,-3
971,-3
971,-3
971,-3
971,-3
971,-3
971,-3
972,-3
972,-3
972,-3
972,-4
972,-3
972,-3
972,-3
972,-3
972,-3
972,-3
972,-3
973,-3
973,-3
973,-3
973,-3
973,-4
973,-3
973,-3
973,-3
973,-3
974,-3
974,-3
974,-3
974,-3
974,-3
974,-3
974,-3
974,-3
974,-4
974,-4
974,-3
975,-4
975,-4
975,-3
975,-3
975,-3
975,-3
975,-4
975,-4
975,-3
976,-4
976,-3
976,-3
976,-3
976,-3
976,-3
976,-3
976,-3
976,-3
976,-3
977,-3
977,-3
977,-3
977,-3
977,-4
977,-4
977,-4
977,-4
977,-3
977,-3
977,-3
978,-3
978,-3
978,-4
978,-4
978,-3
978,-3
978,-3
978,-3
978,-4
979,-3
979,-3
979,-3
979,-3
979,-4
979,-4
979,-4
979,-3
979,-3
979,-3
979,-3
980,-4
980,-3
980,-4
980,-4
980,-4
980,-3
980,-3
980,-3
980,-3
981,-4
981,-3
981,-3
981,-3
981,-3
981,-4
981,-4
981,-4
981,-3
981,-4
981,-4
982,-3
982,-4
982,-4
982,-3
982,-3
982,-4
982,-4
982,-4
982,-3
983,-3
983,-3
983,-4
983,-3
983,-3
983,-3
983,-3
983,-3
983,-4
983,-4
984,-4
984,-3
984,-3
984,-3
984,-3
984,-3
984,-3
984,-3
984,-3
984,-3
985,-4
985,-3
985,-3
985,-3
985,-4
985,-3
985,-3
985,-4
985,-3
985,-3
986,-3
986,-3
986,-3
986,-3
986,-3
986,-3
986,-3
986,-3
986,-3
986,-3
986,-3
987,-3
987,-3
987,-3
987,-3
987,-3
987,-3
987,-3
987,-3
987,-4
988,-4
988,-4
988,-4
988,-4
988,-3
988,-3
988,-3
988,-3
988,-3
988,-3
989,-3
989,-4
989,-4
989,-4
989,-3
989,-3
989,-4
989,-3
989,-3
989,-3
990,-3
990,-4
990,-4
990,-3
990,-3
990,-4
990,-4
990,-3
990,-4
990,-4
991,-4
991,-3
991,-3
991,-3
991,-4
991,-3
991,-3
991,-4
991,-3
992,-3
992,-3
992,-3
992,-4
992,-4
992,-3
992,-3
992,-3
992,-3
992,-3
992,-3
992,-3
993,-3
993,-4
993,-3
993,-3
993,-3
993,-3
993,-3
993,-3
993,-3
994,-3
994,-3
994,-3
994,-4
994,-4
994,-3
994,-3
994,-3
994,-3
994,-4
995,-3
995,-3
995,-3
995,-4
995,-4
995,-3
995,-4
995,-4
995,-4
995,-3
996,-4
996,-4
996,-3
996,-4
996,-4
996,-4
996,-4
996,-3
996,-3
996,-3
997,-3
997,-4
997,-4
997,-4
997,-3
997,-3
997,-3
997,-3
997,-3
997,-3
998,-3
998,-4
998,-4
998,-3
998,-4
998,-4
998,-4
998,-3
998,-3
999,-3
999,-3
999,-4
999,-3
999,-3
999,-3
999,-3
999,-3
999,-3
999,-3
999,-4
1000,-3
1000,-3
1000,-3
1000,-3
1000,-3
1000,-4
1000,-3
1000,-3
1000,-3
1000,-4
1001,-3
1001,-3
1001,-3
1001,-3
1001,-3
1001,-3
1001,-3
1001,-3
1001,-3
1001,-3
1002,-4
1002,-3
1002,-3
1002,-4
1002,-3
1002,-3
1002,-4
1002,-3
1002,-4
1002,-4
1003,-4
1003,-4
1003,-4
1003,-4
1003,-4
1003,-3
1003,-3
1003,-4
1003,-4
1003,-4
1003,-4
1004,-4
1004,-4
1004,-4
1004,-4
1004,-3
1004,-4
1004,-4
1004,-4
1004,-4
1005,-3
1005,-3
1005,-4
1005,-3
1005,-3
1005,-3
1005,-4
1005,-3
1005,-3
1005,-3
1006,-3
1006,-4
1006,-4
1006,-4
1006,-4
1006,-4
1006,-3
1006,-4
1006,-3
1006,-3
1007,-3
1007,-3
1007,-4
1007,-4
1007,-3
1007,-4
1007,-4
1007,-4
1007,-3
1008,-3
1008,-3
1008,-4
1008,-3
1008,-3
1008,-3
1008,-4
1008,-3
1008,-3
1008,-4
1008,-4
1008,-4
1009,-4
1009,-3
1009,-4
1009,-4
1009,-3
1009,-3
1009,-3
1009,-3
1009,-3
1010,-4
1010,-4
1010,-4
1010,-4
1010,-4
1010,-4
1010,-4
1010,-3
1010,-3
1010,-4
1011,-4
1011,-4
1011,-4
1011,-4
1011,-3
1011,-3
1011,-4
1011,-4
1011,-4
1011,-3
1012,-3
1012,-3
1012,-3
1012,-4
1012,-4
1012,-4
1012,-4
1012,-3
1012,-3
1012,-4
1013,-3
1013,-4
1013,-4
1013,-4
1013,-4
1013,-4
1013,-3
1013,-4
1013,-4
1013,-4
1014,-4
1014,-4
1014,-4
1014,-3
1014,-4
1014,-4
1014,-4
1014,-3
1014,-4
1014,-4
1015,-3
1015,-4
1015,-4
1015,-4
1015,-4
1015,-4
1015,-4
1015,-4
1015,-4
1016,-4
1016,-4
1016,-4
1016,-4
1016,-4
1016,-4
1016,-4
1016,-4
1016,-4
1016,-4
1016,-4
1016,-4
1017,-4
1017,-3
1017,-4
1017,-4
1017,-3
1017,-3
1017,-3
1017,-4
1017,-4
1018,-4
1018,-4
1018,-3
1018,-4
1018,-4
1018,-4
1018,-4
1018,-4
1018,-4
1018,-4
1019,-3
1019,-3
1019,-3
1019,-4
1019,-4
1019,-4
1019,-4
1019,-4
1019,-4
1019,-4
1020,-4
1020,-3
1020,-3
1020,-3
1020,-4
1020,-4
1020,-4
1020,-4
1020,-3
1020,-3
1021,-4
1021,-4
1021,-4
1021,-4
1021,-4
1021,-4
1021,-4
1021,-4
1021,-4
1022,-4
1022,-4
1022,-4
1022,-4
1022,-3
1022,-3
1022,-4
1022,-4
1022,-4
1022,-4
1022,-3
1023,-4
1023,-4
1023,-3
1023,-4
1023,-4
1023,-4
1023,-3
1023,-4
1023,-4
1023,-4
1024,-3
1024,-3
1024,-4
1024,-3
1024,-4
1024,-4
1024,-4
1024,-4
1024,-3
1024,-3
1025,-4
1025,-4
1025,-4
1025,-4
1025,-4
1025,-4
1025,-4
1025,-3
1025,-4
1026,-4
1026,-4
1026,-4
1026,-4
1026,-4
1026,-4
1026,-3
1026,-3
1026,-3
1026,-4
1026,-3
1027,-4
1027,-4
1027,-4
1027,-4
1027,-4
1027,-4
1027,-4
1027,-4
1027,-4
1027,-4
1028,-4
1028,-4
1028,-4
1028,-4
1028,-3
1028,-4
1028,-4
1028,-3
1028,-4
1029,-4
1029,-4
1029,-4
1029,-3
1029,-4
1029,-4
1029,-4
1029,-4
1029,-4
1029,-4
1029,-3
1030,-4
1030,-4
1030,-4
1030,-4
1030,-4
1030,-4
1030,-4
1030,-4
1030,-4
1030,-3
1031,-4
1031,-4
1031,-4
1031,-4
1031,-4
1031,-4
1031,-3
1031,-4
1031,-4
1031,-3
1032,-4
1032,-4
1032,-4
1032,-4
1032,-4
1032,-3
1032,-3
1032,-3
1032,-4
1032,-4
1033,-4
1033,-4
1033,-3
1033,-3
1033,-4
1033,-3
1033,-3
1033,-4
1033,-4
1034,-4
1034,-4
1034,-3
1034,-4
1034,-4
1034,-3
1034,-4
1034,-4
1034,-4
1034,-4
1035,-3
1035,-3
1035,-4
1035,-3
1035,-4
1035,-4
1035,-4
1035,-3
1035,-3
1035,-3
1036,-4
1036,-4
1036,-4
1036,-4
1036,-4
1036,-4
1036,-4
1036,-4
1036,-4
1036,-4
1036,-4
1037,-4
1037,-4
1037,-4
1037,-4
1037,-4
1037,-3
1037,-4
1037,-4
1037,-4
1037,-4
1038,-4
1038,-4
1038,-4
1038,-4
1038,-4
1038,-4
1038,-4
1038,-4
1038,-4
1038,-4
1039,-4
1039,-3
1039,-3
1039,-4
1039,-4
1039,-4
1039,-4
1039,-4
1039,-4
1039,-4
1040,-4
1040,-4
1040,-4
1040,-4
1040,-4
1040,-4
1040,-4
1040,-4
1040,-4
1040,-4
1041,-4
1041,-4
1041,-4
1041,-4
1041,-4
1041,-4
1041,-4
1041,-4
1041,-4
1042,-4
1042,-4
1042,-4
1042,-4
1042,-4
1042,-4
1042,-4
1042,-4
1042,-4
1042,-4
1043,-4
1043,-4
1043,-4
1043,-4
1043,-4
1043,-4
1043,-4
1043,-4
1043,-4
1043,-4
1043,-4
1044,-4
1044,-4
1044,-4
1044,-4
1044,-3
1044,-3
1044,-4
1044,-4
1044,-4
1044,-4
1045,-4
1045,-4
1045,-4
1045,-3
1045,-4
1045,-4
1045,-4
1045,-4
1045,-4
1045,-4
1046,-4
1046,-4
1046,-4
1046,-4
1046,-4
1046,-4
1046,-4
1046,-3
1046,-4
1046,-4
1047,-4
1047,-4
1047,-4
1047,-4
1047,-4
1047,-4
1047,-4
1047,-4
1047,-4
1048,-4
1048,-4
1048,-4
1048,-4
1048,-4
1048,-4
1048,-4
1048,-4
1048,-4
1048,-4
1049,-4
1049,-4
1049,-4
1049,-4
1049,-4
1049,-4
1049,-3
1049,-4
1049,-4
1049,-4
1050,-4
1050,-4
1050,-4
1050,-4
1050,-3
1050,-3
1050,-3
1050,-4
1050,-4
1050,-4
1050,-4
1051,-4
1051,-4
1051,-4
1051,-4
1051,-4
1051,-4
1051,-4
1051,-4
1051,-4
1051,-4
1052,-4
1052,-4
1052,-4
1052,-4
1052,-4
1052,-4
1052,-4
1052,-4
1052,-4
1052,-4
1053,-5
1053,-4
1053,-4
1053,-4
1053,-4
1053,-4
1053,-4
1053,-4
1053,-4
1053,-4
1054,-4
1054,-4
1054,-4
1054,-4
1054,-4
1054,-4
1054,-4
1054,-4
1054,-4
1055,-4
1055,-4
1055,-4
1055,-4
1055,-4
1055,-3
1055,-4
1055,-4
1055,-4
1055,-4
1056,-4
1056,-4
1056,-4
1056,-4
1056,-4
1056,-4
1056,-4
1056,-4
1056,-4
1056,-4
1057,-4
1057,-4
1057,-4
1057,-4
1057,-4
1057,-4
1057,-4
1057,-4
1057,-4
1057,-4
1057,-4
1058,-4
1058,-4
1058,-4
1058,-4
1058,-4
1058,-4
1058,-4
1058,-4
1058,-4
1058,-4
1059,-4
1059,-4
1059,-4
1059,-4
1059,-4
1059,-4
1059,-4
1059,-4
1059,-3
1059,-3
1060,-4
1060,-4
1060,-4
1060,-4
1060,-4
1060,-4
1060,-4
1060,-4
1060,-4
1060,-4
1061,-4
1061,-4
1061,-4
1061,-4
1061,-4
1061,-4
1061,-4
1061,-4
1061,-4
1062,-4
1062,-4
1062,-4
1062,-4
1062,-4
1062,-4
1062,-4
1062,-4
1062,-4
1062,-4
1063,-4
1063,-4
1063,-4
1063,-4
1063,-4
1063,-4
1063,-4
1063,-4
1063,-4
1063,-4
1064,-4
1064,-4
1064,-4
1064,-4
1064,-4
1064,-4
1064,-4
1064,-4
1064,-4
1064,-4
1064,-4
1065,-4
1065,-4
1065,-4
1065,-4
1065,-4
1065,-4
1065,-4
1065,-3
1065,-4
1065,-4
1066,-4
1066,-4
1066,-4
1066,-4
1066,-4
1066,-4
1066,-4
1066,-4
1066,-4
1066,-4
1067,-4
1067,-4
1067,-4
1067,-4
1067,-4
1067,-4
1067,-4
1067,-4
1067,-4
1068,-4
1068,-4
1068,-4
1068,-4
1068,-4
1068,-4
1068,-4
1068,-4
1068,-4
1068,-4
1069,-4
1069,-4
1069,-4
1069,-4
1069,-4
1069,-4
1069,-3
1069,-4
1069,-4
1069,-4
1070,-4
1070,-4
1070,-4
1070,-4
1070,-4
1070,-4
1070,-4
1070,-4
1070,-4
1070,-4
1071,-4
1071,-4
1071,-4
1071,-4
1071,-4
1071,-4
1071,-4
1071,-3
1071,-4
1071,-4
1071,-4
1072,-4
1072,-4
1072,-4
1072,-4
1072,-4
1072,-4
1072,-4
1072,-4
1072,-4
1072,-4
1073,-4
1073,-4
1073,-4
1073,-4
1073,-4
1073,-3
1073,-3
1073,-4
1073,-4
1074,-4
1074,-4
1074,-4
1074,-4
1074,-4
1074,-4
1074,-4
1074,-4
1074,-4
1074,-4
1075,-4
1075,-4
1075,-4
1075,-4
1075,-4
1075,-4
1075,-4
1075,-4
1075,-4
1075,-4
1076,-4
1076,-4
1076,-4
1076,-4
1076,-4
1076,-4
1076,-4
1076,-4
1076,-4
1076,-4
1077,-4
1077,-4
1077,-4
1077,-4
1077,-4
1077,-4
1077,-4
1077,-4
1077,-4
1077,-4
1077,-4
1078,-4
1078,-4
1078,-4
1078,-4
1078,-4
1078,-4
1078,-4
1078,-4
1078,-4
1078,-4
1079,-4
1079,-4
1079,-4
1079,-4
1079,-4
1079,-4
1079,-4
1079,-4
1079,-4
1080,-3
1080,-3
1080,-4
1080,-4
1080,-4
1080,-4
1080,-4
1080,-4
1080,-4
1080,-4
1081,-4
1081,-4
1081,-4
1081,-4
1081,-4
1081,-4
1081,-4
1081,-4
1081,-3
1081,-4
1081,-4
1082,-4
1082,-4
1082,-4
1082,-4
1082,-4
1082,-4
1082,-4
1082,-4
1082,-4
1083,-4
1083,-4
1083,-4
1083,-4
1083,-4
1083,-4
1083,-3
1083,-4
1083,-4
1083,-4
1084,-4
1084,-4
1084,-4
1084,-4
1084,-4
1084,-4
1084,-4
1084,-4
1084,-4
1084,-4
1085,-4
1085,-4
1085,-4
1085,-4
1085,-4
1085,-4
1085,-4
1085,-4
1085,-4
1085,-4
