0,0
0,-1
0,-1
0,-1
0,-1
0,-1
0,-1
0,0
0,-1
0,-1
0,-1
1,-1
1,-1
1,-1
1,-1
1,-1
1,-1
1,-1
1,-1
1,-1
1,-1
2,-1
2,-1
2,-1
2,-1
2,-1
2,-1
2,-1
2,-1
2,0
3,-1
3,-1
3,-1
3,-1
3,-1
3,-1
3,-1
3,-1
3,-1
3,-1
3,-1
3,-1
4,0
4,0
4,-1
4,-1
4,-1
4,-1
4,-1
4,-1
4,-1
5,-1
5,-1
5,-1
5,-1
5,-1
5,-1
5,-1
5,-1
5,-1
5,-1
6,-1
6,-1
6,-1
6,0
6,0
6,0
6,-1
6,-1
6,-1
6,-1
7,-1
7,0
7,0
7,-1
7,0
7,0
7,-1
7,-1
7,-1
7,-1
8,0
8,-1
8,-1
8,-1
8,0
8,-1
8,-1
8,-1
8,-1
8,-1
9,-1
9,-1
9,-1
9,-1
9,-1
9,-1
9,0
9,0
9,-1
9,0
9,0
10,-1
10,-1
10,-1
10,-1
10,-1
10,-1
10,-1
10,-1
10,-1
11,-1
11,-1
11,0
11,-1
11,-1
11,-1
11,-1
11,-1
11,-1
11,0
12,0
12,-1
12,-1
12,-1
12,-1
12,-1
12,-1
12,0
12,-1
12,-1
13,0
13,-1
13,-1
13,-1
13,-1
13,-1
13,0
13,0
13,0
13,0
14,-1
14,-1
14,-1
14,-1
14,0
14,0
14,0
14,-1
14,-1
14,-1
15,-1
15,-1
15,-1
15,-1
15,0
15,-1
15,-1
15,0
15,-1
16,-1
16,-1
16,-1
16,-1
16,-1
16,-1
16,0
16,0
16,0
16,-1
17,-1
17,-1
17,-1
17,-1
17,0
17,0
17,0
17,-1
17,-1
17,-1
17,-1
18,0
18,0
18,-1
18,-1
18,-1
18,-1
18,-1
18,0
18,0
18,-1
19,0
19,0
19,-1
19,-1
19,-1
19,-1
19,-1
19,0
19,0
19,-1
20,-1
20,-1
20,0
20,-1
20,-1
20,-1
20,-1
20,-1
20,-1
20,-1
21,-1
21,0
21,0
21,-1
21,-1
21,-1
21,-1
21,0
21,-1
21,-1
22,0
22,0
22,0
22,0
22,-1
22,-1
22,-1
22,-1
22,-1
22,-1
23,-1
23,0
23,0
23,0
23,-1
23,0
23,0
23,-1
23,0
24,-1
24,-1
24,0
24,0
24,0
24,-1
24,-1
24,-1
24,-1
24,-1
25,0
25,0
25,0
25,-1
25,-1
25,0
25,-1
25,0
25,0
25,-1
26,-1
26,-1
26,0
26,-1
26,0
26,0
26,0
26,1
26,1
26,1
26,1
27,2
27,2
27,1
27,2
27,2
27,2
27,3
27,2
27,2
27,3
28,3
28,3
28,3
28,3
28,4
28,4
28,3
28,4
28,4
28,4
29,4
29,4
29,4
29,4
29,4
29,4
29,4
29,4
29,4
29,4
30,4
30,4
30,4
30,4
30,4
30,4
30,4
30,4
30,4
31,5
31,5
31,5
31,4
31,4
31,5
31,5
31,4
31,4
31,5
32,5
32,5
32,5
32,4
32,5
32,5
32,4
32,4
32,4
32,5
32,5
33,5
33,5
33,5
33,4
33,4
33,4
33,4
33,4
33,4
33,4
34,5
34,5
34,5
34,5
34,5
34,5
34,5
34,5
34,5
34,5
35,6
35,6
35,6
35,6
35,5
35,5
35,6
35,5
35,6
35,6
36,6
36,6
36,6
36,6
36,6
36,6
36,6
36,6
36,6
37,6
37,6
37,6
37,5
37,5
37,6
37,6
37,6
37,6
37,6
38,6
38,6
38,6
38,6
38,6
38,6
38,6
38,7
38,7
38,6
39,6
39,6
39,6
39,6
39,6
39,6
39,6
39,6
39,6
39,6
39,6
40,6
40,6
40,5
40,6
40,6
40,5
40,6
40,5
40,5
40,6
41,5
41,5
41,5
41,5
41,5
41,5
41,5
41,4
41,4
41,5
42,4
42,4
42,4
42,4
42,4
42,4
42,4
42,4
42,4
42,4
43,4
43,4
43,4
43,3
43,4
43,3
43,3
43,3
43,3
43,3
44,3
44,3
44,3
44,3
44,3
44,3
44,3
44,2
44,2
45,2
45,2
45,2
45,1
45,1
45,2
45,1
45,1
45,1
45,1
46,1
46,1
46,0
46,1
46,0
46,0
46,0
46,0
46,0
46,0
47,0
47,-1
47,-1
47,-1
47,-1
47,0
47,0
47,0
47,0
47,0
47,0
48,0
48,0
48,0
48,0
48,0
48,0
48,0
48,0
48,0
48,0
49,0
49,0
49,0
49,0
49,0
49,0
49,0
49,0
49,0
49,0
50,0
50,0
50,0
50,0
50,0
50,0
50,0
50,0
50,0
50,0
51,0
51,0
51,-1
51,0
51,0
51,0
51,0
51,0
51,0
52,0
52,0
52,0
52,0
52,0
52,0
52,-1
52,0
52,-1
52,-1
52,0
53,-1
53,0
53,0
53,0
53,0
53,0
53,0
53,0
53,-1
53,-1
54,0
54,-1
54,-1
54,0
54,0
54,-1
54,-1
54,0
54,-1
54,-1
55,0
55,0
55,0
55,0
55,0
55,0
55,0
55,0
55,0
56,0
56,0
56,0
56,0
56,0
56,-1
56,0
56,0
56,0
56,0
57,0
57,0
57,0
57,-1
57,0
57,0
57,0
57,0
57,0
57,-1
58,-1
58,0
58,0
58,-1
58,0
58,0
58,0
58,0
58,0
58,0
59,0
59,0
59,0
59,-1
59,-1
59,-1
59,-1
59,-1
59,0
59,0
60,0
60,0
60,0
60,0
60,0
60,0
60,0
60,0
60,0
60,0
60,0
61,0
61,-1
61,-1
61,0
61,0
61,0
61,0
61,0
61,0
61,0
62,0
62,0
62,0
62,0
62,0
62,0
62,0
62,0
62,-1
63,0
63,0
63,0
63,-1
63,-1
63,0
63,0
63,0
63,0
63,0
64,-1
64,-1
64,0
64,0
64,0
64,-1
64,0
64,0
64,0
64,0
65,-1
65,-1
65,-1
65,0
65,0
65,0
65,0
65,0
65,0
65,0
66,0
66,0
66,0
66,0
66,-1
66,0
66,0
66,0
66,0
66,0
67,-1
67,0
67,0
67,0
67,0
67,-1
67,-1
67,0
67,-1
67,-1
68,0
68,-1
68,-1
68,-1
68,-1
68,0
68,0
68,0
68,0
68,0
68,0
69,-1
69,-1
69,-1
69,-1
69,-1
69,-1
69,-1
69,0
69,0
69,0
70,0
70,-1
70,0
70,0
70,-1
70,0
70,0
70,-1
70,0
70,0
71,0
71,0
71,0
71,0
71,0
71,0
71,0
71,-1
71,-1
72,0
72,0
72,-1
72,0
72,0
72,0
72,0
72,0
72,0
72,-1
73,-1
73,-1
73,-1
73,0
73,0
73,0
73,0
73,0
73,0
73,-1
74,0
74,0
74,0
74,-1
74,-1
74,0
74,0
74,-1
74,-1
74,-1
74,-1
75,0
75,-1
75,-1
75,0
75,0
75,-1
75,-1
75,-1
75,-1
76,0
76,0
76,0
76,0
76,0
76,0
76,-1
76,-1
76,-1
76,-1
77,0
77,0
77,0
77,0
77,0
77,0
77,-1
77,-1
77,-1
77,-1
78,0
78,-1
78,-1
78,0
78,0
78,-1
78,-1
78,0
78,0
78,0
79,0
79,-1
79,-1
79,-1
79,-1
79,-1
79,-1
79,-1
79,0
80,0
80,0
80,-1
80,0
80,0
80,0
80,0
80,0
80,0
80,-1
80,0
80,0
81,0
81,0
81,-1
81,-1
81,-1
81,0
81,-1
81,-1
81,0
82,0
82,0
82,-1
82,-1
82,0
82,0
82,-1
82,0
82,0
82,0
83,0
83,0
83,0
83,-1
83,0
83,0
83,-1
83,0
83,-1
83,-1
84,0
84,-1
84,-1
84,-1
84,0
84,0
84,0
84,-1
84,0
84,0
85,0
85,-1
85,-1
85,-1
85,0
85,0
85,0
85,-1
85,0
86,-1
86,-1
86,0
86,-1
86,-1
86,-1
86,0
86,0
86,0
86,0
86,0
87,-1
87,-1
87,0
87,0
87,-1
87,-1
87,-1
87,-1
87,-1
87,-1
88,-1
88,-1
88,-1
88,-1
88,0
88,0
88,-1
88,0
88,0
88,0
89,0
89,0
89,0
89,0
89,0
89,0
89,-1
89,0
89,-1
89,-1
90,-1
90,0
90,0
90,-1
90,-1
90,-1
90,-1
90,-1
90,-1
90,-1
91,-1
91,-1
91,-1
91,-1
91,-1
91,0
91,0
91,0
91,-1
92,-1
92,-1
92,-1
92,-1
92,-1
92,-1
92,-1
92,-1
92,-1
92,-1
93,-1
93,-1
93,-1
93,-1
93,-1
93,-1
93,-1
93,-1
93,-1
93,-1
94,-1
94,0
94,0
94,0
94,-1
94,-1
94,-1
94,-1
94,-1
94,-1
94,0
95,-1
95,-1
95,0
95,-1
95,-1
95,0
95,0
95,-1
95,-1
95,0
96,-1
96,-1
96,-1
96,0
96,0
96,0
96,-1
96,0
96,0
96,-1
97,-1
97,-1
97,-1
97,-1
97,-1
97,-1
97,0
97,-1
97,-1
97,-1
98,-1
98,0
98,-1
98,-1
98,0
98,0
98,0
98,-1
98,0
99,0
99,0
99,0
99,-1
99,-1
99,0
99,-1
99,0
99,0
99,0
100,-1
100,-1
100,-1
100,0
100,0
100,-1
100,0
100,-1
100,-1
100,0
101,0
101,0
101,0
101,0
101,-1
101,-1
101,0
101,-1
101,-1
101,0
102,0
102,0
102,0
102,-1
102,0
102,0
102,-1
102,0
102,0
102,0
102,-1
103,-1
103,-1
103,-1
103,-1
103,-1
103,-1
103,0
103,-1
103,-1
103,0
104,-1
104,-1
104,-1
104,-1
104,-1
104,-1
104,-1
104,0
104,0
104,0
105,-1
105,-1
105,-1
105,-1
105,-1
105,0
105,0
105,-1
105,0
106,-1
106,-1
106,0
106,0
106,0
106,0
106,-1
106,-1
106,0
106,-1
107,-1
107,-1
107,-1
107,0
107,0
107,0
107,-1
107,0
107,0
107,0
108,-1
108,-1
108,0
108,0
108,-1
108,-1
108,0
108,0
108,0
108,0
109,-1
109,-1
109,-1
109,-1
109,0
109,0
109,0
109,0
109,-1
109,-1
110,0
110,0
110,0
110,-1
110,-1
110,-1
110,-1
110,-1
110,-1
110,-1
111,-1
111,0
111,0
111,0
111,0
111,-1
111,-1
111,0
111,-1
111,-1
111,0
112,-1
112,0
112,0
112,-1
112,-1
112,-1
112,0
112,-1
112,0
112,0
113,0
113,-1
113,-1
113,-1
113,0
113,0
113,0
113,0
113,-1
114,0
114,0
114,-1
114,-1
114,-1
114,0
114,0
114,0
114,0
114,-1
115,0
115,-1
115,-1
115,0
115,0
115,0
115,0
115,-1
115,0
115,0
116,-1
116,-1
116,-1
116,0
116,-1
116,0
116,0
116,-1
116,-1
116,-1
116,-1
117,0
117,0
117,0
117,-1
117,0
117,0
117,-1
117,-1
117,0
117,0
118,-1
118,-1
118,-1
118,-1
118,0
118,0
118,0
118,-1
118,-1
118,-1
119,-1
119,0
119,-1
119,-1
119,-1
119,-1
119,-1
119,0
119,0
119,0
120,0
120,0
120,-1
120,-1
120,0
120,-1
120,-1
120,-1
120,-1
121,0
121,0
121,-1
121,0
121,-1
121,-1
121,0
121,0
121,0
121,0
122,0
122,-1
122,-1
122,0
122,-1
122,-1
122,-1
122,-1
122,0
122,0
123,0
123,-1
123,-1
123,-1
123,-1
123,-1
123,-1
123,-1
123,0
123,0
124,-1
124,-1
124,-1
124,-1
124,-1
124,0
124,0
124,-1
124,-1
124,-1
124,-1
125,-1
125,-1
125,0
125,0
125,-1
125,-1
125,-1
125,-1
125,-1
126,-1
126,-1
126,-1
126,-1
126,-1
126,-1
126,-1
126,-1
126,-1
126,0
127,-1
127,-1
127,0
127,0
127,-1
127,-1
127,-1
127,0
127,0
127,-1
128,0
128,0
128,0
128,-1
128,0
128,0
128,-1
128,-1
128,0
128,0
129,0
129,0
129,0
129,0
129,0
129,-1
129,-1
129,0
129,-1
130,-1
130,-1
130,-1
130,-1
130,-1
130,-1
130,-1
130,-1
130,-1
130,-1
130,-1
130,-1
131,-1
131,-1
131,0
131,0
131,-1
131,-1
131,-1
131,0
131,-1
132,-1
132,-1
132,-1
132,0
132,0
132,-1
132,-1
132,-1
132,-1
132,-1
133,-1
133,-1
133,-1
133,-1
133,0
133,0
133,-1
133,-1
133,-1
133,-1
134,-1
134,0
134,0
134,-1
134,0
134,-1
134,-1
134,0
134,-1
134,-1
135,-1
135,0
135,0
135,-1
135,-1
135,-1
135,-1
135,-1
135,-1
136,-1
136,-1
136,-1
136,-1
136,-1
136,-1
136,-1
136,-1
136,-1
136,0
137,-1
137,-1
137,-1
137,-1
137,-1
137,-1
137,0
137,-1
137,-1
137,-1
138,-1
138,-1
138,-1
138,-1
138,-1
138,-1
138,-1
138,-1
138,-1
138,-1
138,-1
139,0
139,0
139,-1
139,0
139,0
139,-1
139,-1
139,-1
139,-1
139,-1
140,0
140,0
140,0
140,-1
140,-1
140,-1
140,0
140,-1
140,-1
140,-1
141,-1
141,-1
141,-1
141,-1
141,0
141,0
141,-1
141,-1
141,-1
141,-1
142,-1
142,-1
142,-1
142,-1
142,-1
142,-1
142,-1
142,-1
142,-1
142,-1
143,-1
143,-1
143,-1
143,-1
143,-1
143,-1
143,-1
143,0
143,0
144,-1
144,-1
144,-1
144,0
144,0
144,-1
144,-1
144,-1
144,-1
144,0
145,0
145,0
145,-1
145,-1
145,-1
145,-1
145,-1
145,-1
145,-1
145,0
146,0
146,-1
146,-1
146,-1
146,-1
146,-1
146,-1
146,-1
146,-1
146,-1
146,-1
147,-1
147,-1
147,-1
147,-1
147,-1
147,-1
147,0
147,-1
147,-1
147,-1
148,-1
148,-1
148,-1
148,-1
148,-1
148,-1
148,-1
148,-1
148,-1
148,-1
149,-1
149,-1
149,-1
149,0
149,-1
149,-1
149,-1
149,-1
149,-1
149,-1
150,-1
150,-1
150,-1
150,-1
150,0
150,-1
150,-1
150,-1
150,-1
150,-1
151,-1
151,-1
151,-1
151,-1
151,-1
151,-1
151,-1
151,-1
151,-1
152,-1
152,-1
152,-1
152,0
152,-1
152,-1
152,-1
152,0
152,0
152,0
153,0
153,-1
153,-1
153,-1
153,0
153,0
153,0
153,-1
153,-1
153,-1
154,-1
154,-1
154,-1
154,-1
154,-1
154,-1
154,-1
154,-1
154,-1
154,-1
154,0
155,-1
155,-1
155,-1
155,-1
155,0
155,0
155,-1
155,0
155,-1
155,-1
156,-1
156,-1
156,-1
156,-1
156,-1
156,0
156,0
156,-1
156,-1
156,-1
157,-1
157,-1
157,-1
157,-1
157,-1
157,0
157,0
157,-1
157,-1
158,-1
158,-1
158,-1
158,-1
158,-1
158,0
158,-1
158,-1
158,-1
158,-1
159,0
159,0
159,0
159,-1
159,-1
159,-1
159,-1
159,-1
159,-1
159,-1
160,0
160,-1
160,-1
160,-1
160,-1
160,-1
160,-1
160,-1
160,0
160,0
161,-1
161,-1
161,-1
161,-1
161,-1
161,-1
161,-1
161,-1
161,-1
161,-1
162,-1
162,0
162,-1
162,-1
162,-1
162,-1
162,-1
162,-1
162,-1
162,-1
162,-1
163,-1
163,0
163,0
163,-1
163,-1
163,-1
163,-1
163,-1
163,-1
163,-1
164,-1
164,-1
164,-1
164,-1
164,-1
164,-1
164,-1
164,0
164,-1
165,0
165,0
165,-1
165,0
165,0
165,-1
165,-1
165,0
165,0
165,0
166,-1
166,-1
166,0
166,-1
166,-1
166,-1
166,-1
166,0
166,0
166,-1
167,-1
167,-1
167,-1
167,-1
167,-1
167,-1
167,-1
167,0
167,0
167,0
168,-1
168,-1
168,-1
168,-1
168,0
168,0
168,-1
168,-1
168,-1
168,-1
169,-1
169,0
169,0
169,-1
169,-1
169,-1
169,-1
169,0
169,-1
169,-1
170,-1
170,-1
170,-1
170,-1
170,-1
170,-1
170,-1
170,-1
170,-1
170,-1
170,-1
171,-1
171,0
171,0
171,-1
171,-1
171,-1
171,-1
171,0
171,-1
171,-1
172,-1
172,-1
172,-1
172,-1
172,-1
172,-1
172,-1
172,-1
172,0
172,0
173,-1
173,-1
173,-1
173,-1
173,-1
173,-1
173,-1
173,-1
173,-1
174,-1
174,-1
174,0
174,-1
174,-1
174,-1
174,-1
174,-1
174,-1
174,0
175,-1
175,-1
175,-1
175,-1
175,-1
175,-1
175,-1
175,0
175,-1
175,-1
176,-1
176,-1
176,-1
176,-1
176,-1
176,-1
176,-1
176,-1
176,-1
176,-1
177,-1
177,-1
177,-1
177,-1
177,-1
177,-1
177,-1
177,-1
177,0
177,0
178,-1
178,-1
178,-1
178,-1
178,-1
178,-1
178,-1
178,0
178,-1
179,-1
179,-1
179,-1
179,-1
179,-1
179,0
179,-1
179,-1
179,-1
179,-1
179,-1
179,-1
180,-1
180,-1
180,-1
180,-1
180,-1
180,-1
180,-1
180,-1
180,-1
181,-1
181,-1
181,-1
181,-1
181,-1
181,0
181,-1
181,-1
181,-1
181,-1
182,-1
182,-1
182,-1
182,-1
182,0
182,0
182,-1
182,-1
182,-1
182,-1
183,-1
183,-1
183,-1
183,-1
183,-1
183,-1
183,-1
183,-1
183,-1
183,-1
184,-1
184,-1
184,-1
184,-1
184,-1
184,-1
184,-1
184,-1
184,0
184,0
185,-1
185,-1
185,-1
185,-1
185,-1
185,-1
185,-1
185,-1
185,0
186,-1
186,-1
186,-1
186,-1
186,0
186,0
186,-1
186,-1
186,-1
186,-1
187,0
187,0
187,-1
187,-1
187,-1
187,-1
187,-1
187,-1
187,-1
187,-1
187,-1
188,-1
188,-1
188,-1
188,-1
188,-1
188,-1
188,-1
188,-1
188,-1
188,-1
189,-1
189,-1
189,-1
189,-1
189,-1
189,-1
189,-1
189,-1
189,-1
189,-1
190,-1
190,-1
190,-1
190,-1
190,-1
190,-1
190,-1
190,-1
190,-1
191,-1
191,-1
191,-1
191,-1
191,-1
191,-1
191,-1
191,-1
191,-1
191,-1
191,-1
192,-1
192,-1
192,-1
192,-1
192,-1
192,-1
192,-1
192,-1
192,-1
192,-1
193,-1
193,-1
193,-1
193,-1
193,-1
193,-1
193,-1
193,-1
193,-1
193,-1
194,-1
194,-1
194,-1
194,-1
194,-1
194,-1
194,-1
194,-1
194,-1
194,-1
195,-1
195,-1
195,-1
195,-1
195,-1
195,-1
195,-1
195,-1
195,-1
196,-1
196,-1
196,-1
196,-1
196,-1
196,-1
196,-1
196,-1
196,-1
196,0
197,-1
197,-1
197,-1
197,-1
197,-1
197,-1
197,-1
197,-1
197,-1
197,-1
197,-1
198,-1
198,-1
198,-1
198,-1
198,-1
198,-1
198,-1
198,-1
198,-1
198,-1
199,-1
199,-1
199,-1
199,-1
199,0
199,-1
199,-1
199,-1
199,-1
199,-1
200,-1
200,-1
200,-1
200,-1
200,0
200,-1
200,-1
200,-1
200,-1
200,-1
201,-1
201,-1
201,-1
201,-1
201,-1
201,-1
201,-1
201,0
201,-1
202,-1
202,-1
202,-1
202,-1
202,-1
202,-1
202,-1
202,-1
202,-1
202,-1
203,-1
203,-1
203,-1
203,-1
203,-1
203,-1
203,-1
203,-1
203,-1
203,-1
204,-1
204,-1
204,-1
204,-1
204,-1
204,-1
204,-1
204,-1
204,-1
204,-1
204,-1
205,-1
205,-1
205,-1
205,-1
205,-1
205,-1
205,-1
205,-1
205,-1
205,-1
206,0
206,-1
206,-1
206,0
206,-1
206,-1
206,-1
206,-1
206,-1
206,-1
207,-1
207,-1
207,-1
207,-1
207,-1
207,-1
207,-1
207,-1
207,-1
207,-1
208,-1
208,-1
208,-1
208,-1
208,-1
208,-1
208,-1
208,-1
208,-1
208,-1
209,-1
209,-1
209,-1
209,-1
209,-1
209,-1
209,-1
209,-1
209,-1
210,-1
210,-1
210,-1
210,-1
210,-1
210,-1
210,-1
210,-1
210,-1
210,-1
211,-1
211,-1
211,-1
211,-1
211,-1
211,-1
211,-1
211,-1
211,-1
211,-1
212,-1
212,-1
212,-1
212,-1
212,-1
212,-1
212,-1
212,-1
212,-1
212,-1
212,-1
213,-1
213,-1
213,-1
213,-1
213,-1
213,-1
213,-1
213,-1
213,-1
213,-1
214,-1
214,-1
214,-1
214,-1
214,-1
214,-1
214,-1
214,-1
214,-1
214,-1
215,-1
215,-1
215,-1
215,-1
215,-1
215,-1
215,-1
215,-1
215,-1
215,-1
216,-1
216,-1
216,-1
216,-1
216,-1
216,-1
216,-1
216,-1
216,-1
217,-1
217,-1
217,-1
217,-1
217,-1
217,-1
217,-1
217,-1
217,-1
217,-1
218,-1
218,-1
218,-1
218,-1
218,0
218,0
218,-1
218,-1
218,-1
218,-1
219,-1
219,-1
219,-1
219,-1
219,-1
219,-1
219,-1
219,-1
219,-1
219,-1
219,-1
220,-1
220,-1
220,-1
220,-1
220,-1
220,-1
220,-1
220,-1
220,-1
220,-1
221,-1
221,-1
221,-1
221,-1
221,-1
221,-1
221,-1
221,-1
221,-1
221,-1
222,-1
222,-1
222,-1
222,-1
222,-1
222,-1
222,-1
222,-1
222,-1
222,-1
223,-1
223,-1
223,-1
223,-1
223,-1
223,0
223,0
223,-1
223,-1
224,-1
224,-1
224,-1
224,-1
224,-1
224,-1
224,-1
224,-1
224,-1
224,-1
225,-1
225,-1
225,-1
225,-1
225,-1
225,-1
225,-1
225,-1
225,-1
225,-1
226,-1
226,-1
226,-1
226,-1
226,-1
226,-1
226,0
226,-1
226,-1
226,-1
227,-1
227,-1
227,-1
227,-1
227,-1
227,-1
227,-1
227,-1
227,-1
227,-1
228,-1
228,-1
228,-1
228,-1
228,-1
228,-1
228,-1
228,-1
228,-1
228,-1
228,-1
229,-1
229,-1
229,-1
229,-1
229,-1
229,-1
229,-1
229,-1
229,-1
229,-2
230,-1
230,-1
230,-1
230,-1
230,-1
230,-1
230,-1
230,-1
230,-1
230,-1
231,-1
231,-1
231,-1
231,-1
231,-1
231,-1
231,-1
231,-1
231,-1
231,-1
232,-1
232,-1
232,-1
232,-1
232,-1
232,-1
232,-1
232,-1
232,-1
233,-1
233,-1
233,-1
233,-1
233,-1
233,-1
233,-1
233,-1
233,-1
233,-1
234,-1
234,-1
234,-1
234,-1
234,-1
234,-1
234,-1
234,-1
234,-1
234,-1
235,-1
235,-1
235,-1
235,-1
235,-1
235,-1
235,-1
235,-1
235,-1
235,-1
235,-1
236,-1
236,-1
236,-1
236,-1
236,-1
236,-1
236,-1
236,-1
236,-1
236,-1
237,-1
237,-1
237,-1
237,-1
237,-1
237,-1
237,-1
237,-1
237,-1
237,-1
238,-1
238,-2
238,-2
238,-1
238,-1
238,-1
238,-1
238,-1
238,-1
238,-1
239,-1
239,-1
239,-1
239,-1
239,-1
239,-1
239,-1
239,-2
239,-1
239,-1
240,-1
240,-1
240,-2
240,-2
240,-1
240,-1
240,-1
240,-2
240,-1
241,-1
241,-1
241,-1
241,-1
241,-1
241,-1
241,-1
241,-1
241,-1
241,-2
242,-1
242,-1
242,-1
242,-1
242,-1
242,-1
242,-1
242,-1
242,-1
242,-1
242,-1
243,-1
243,-1
243,-1
243,-2
243,-1
243,-1
243,-2
243,-1
243,-1
243,-1
244,-1
244,-1
244,-1
244,-1
244,-1
244,-1
244,-1
244,-1
244,-1
244,-1
245,-1
245,-1
245,-1
245,-1
245,-1
245,-1
245,-1
245,-1
245,-1
246,-1
246,-1
246,-1
246,-1
246,-1
246,-1
246,-1
246,-1
246,-1
246,-1
247,-1
247,-1
247,-1
247,-1
247,-1
247,-1
247,-2
247,-1
247,-1
247,-1
248,-1
248,-1
248,-1
248,-2
248,-1
248,-1
248,-1
248,-1
248,-2
248,-2
249,-1
249,-1
249,-1
249,-1
249,-2
249,-1
249,-1
249,-1
249,-1
249,-1
249,-1
250,-1
250,-1
250,-1
250,-1
250,-1
250,-1
250,-1
250,-1
250,-1
250,-1
251,-1
251,-1
251,-1
251,-1
251,-2
251,-1
251,-1
251,-1
251,-1
251,-1
252,-1
252,-1
252,-1
252,-1
252,-1
252,-1
252,-1
252,-1
252,-1
253,-1
253,-1
253,-1
253,-1
253,-1
253,-1
253,-1
253,-1
253,-1
253,-2
254,-1
254,-1
254,-1
254,-1
254,-1
254,-1
254,-1
254,-1
254,-1
254,-1
255,-1
255,-1
255,-1
255,-1
255,-1
255,-1
255,-1
255,-1
255,-1
255,-1
255,-1
256,-1
256,-1
256,-1
256,-1
256,-1
256,-1
256,-1
256,-1
256,-1
256,-1
257,-1
257,-1
257,-1
257,-1
257,-1
257,-1
257,-1
257,-1
257,-2
257,-2
258,-1
258,-1
258,-1
258,-1
258,-1
258,-1
258,-1
258,-1
258,-2
259,-1
259,-1
259,-1
259,-1
259,-1
259,-1
259,-1
259,-1
259,-1
259,-1
260,-1
260,-1
260,-1
260,-1
260,-1
260,-1
260,-1
260,-1
260,-1
260,-1
261,-1
261,-1
261,-1
261,-1
261,-1
261,-1
261,-1
261,-1
261,-1
261,-1
262,-1
262,-1
262,-1
262,-1
262,-2
262,-1
262,-1
262,-1
262,-1
262,-1
262,-1
263,-1
263,-1
263,-1
263,-1
263,-1
263,-1
263,-1
263,-1
263,-1
263,-1
264,-1
264,-1
264,-1
264,-1
264,-1
264,-1
264,-1
264,-1
264,-1
265,-1
265,-1
265,-1
265,-1
265,-1
265,-1
265,-1
265,-1
265,-1
265,-1
266,-1
266,-1
266,-1
266,-1
266,-1
266,-1
266,-1
266,-1
266,-1
266,-1
267,-1
267,-1
267,-1
267,-1
267,-1
267,-1
267,-1
267,-1
267,-1
267,-1
268,-1
268,-1
268,-1
268,-1
268,-1
268,-1
268,-1
268,-1
268,-1
269,-1
269,-1
269,-1
269,-1
269,-1
269,-1
269,-1
269,-1
269,-1
269,-1
269,-1
269,-1
270,-1
270,-1
270,-1
270,-1
270,-1
270,-1
270,-1
270,-1
270,-1
271,-1
271,-1
271,-1
271,-2
271,-2
271,-1
271,-1
271,-1
271,-1
271,-1
272,-2
272,-2
272,-1
272,-1
272,-1
272,-1
272,-1
272,-1
272,-1
272,-1
273,-1
273,-1
273,-1
273,-1
273,-2
273,-2
273,-1
273,-1
273,-1
273,-1
274,-1
274,-1
274,-1
274,-1
274,-1
274,-1
274,-1
274,-1
274,-1
274,-1
275,-1
275,-1
275,-1
275,-1
275,-1
275,-1
275,-1
275,-1
275,-2
276,-1
276,-1
276,-1
276,-1
276,-1
276,-1
276,-1
276,-1
276,-1
276,-1
276,-1
276,-1
277,-1
277,-1
277,-1
277,-1
277,-1
277,-1
277,-1
277,-1
277,-1
278,-1
278,-1
278,-1
278,-1
278,-1
278,-1
278,-1
278,-1
278,-1
278,-1
279,-1
279,-1
279,-1
279,-1
279,-1
279,-1
279,-1
279,-1
279,-1
280,-1
280,-1
280,-1
280,-1
280,-1
280,-1
280,-1
280,-1
280,-1
280,-1
280,-1
281,-2
281,-2
281,-1
281,-1
281,-1
281,-1
281,-1
281,-1
281,-1
281,-1
282,-2
282,-2
282,-1
282,-1
282,-2
282,-2
282,-1
282,-1
282,-1
282,-1
283,-1
283,-1
283,-1
283,-1
283,-1
283,-1
283,-1
283,-1
283,-1
283,-1
284,-1
284,-1
284,-1
284,-1
284,-2
284,-1
284,-1
284,-1
284,-1
284,-1
285,-1
285,-2
285,-2
285,-2
285,-2
285,-1
285,-1
285,-1
285,-1
286,-1
286,-1
286,-2
286,-1
286,-1
286,-1
286,-1
286,-1
286,-1
286,-2
287,-1
287,-1
287,-1
287,-1
287,-2
287,-2
287,-1
287,-1
287,-1
287,-1
287,-1
288,-1
288,-1
288,-1
288,-1
288,-1
288,-1
288,-1
288,-1
288,-1
288,-1
289,-1
289,-1
289,-1
289,-1
289,-2
289,-2
289,-1
289,-1
289,-1
289,-2
290,-1
290,-1
290,-1
290,-1
290,-1
290,-1
290,-1
290,-1
290,-2
290,-2
291,-1
291,-1
291,-1
291,-1
291,-1
291,-1
291,-1
291,-1
291,-1
292,-1
292,-1
292,-1
292,-1
292,-1
292,-1
292,-2
292,-1
292,-1
292,-1
292,-1
293,-1
293,-1
293,-1
293,-1
293,-1
293,-1
293,-2
293,-1
293,-2
293,-2
294,-1
294,-2
294,-2
294,-1
294,-1
294,-1
294,-1
294,-1
294,-2
294,-2
295,-1
295,-2
295,-2
295,-2
295,-1
295,-1
295,-1
295,-2
295,-1
296,-1
296,-1
296,-2
296,-1
296,-1
296,-1
296,-1
296,-2
296,-2
296,-1
297,-1
297,-1
297,-1
297,-1
297,-1
297,-1
297,-1
297,-1
297,-1
297,-1
298,-1
298,-1
298,-1
298,-1
298,-1
298,-1
298,-2
298,-1
298,-1
298,-1
298,-1
299,-1
299,-1
299,-1
299,-1
299,-1
299,-1
299,-1
299,-1
299,-1
299,-1
300,-1
300,-1
300,-1
300,-1
300,-2
300,-2
300,-2
300,-1
300,-2
300,-2
301,-1
301,-2
301,-2
301,-1
301,-2
301,-1
301,-1
301,-1
301,-1
301,-1
302,-1
302,-2
302,-1
302,-1
302,-1
302,-1
302,-1
302,-1
302,-1
303,-1
303,-1
303,-1
303,-2
303,-2
303,-1
303,-1
303,-1
303,-1
303,-1
304,-2
304,-2
304,-1
304,-1
304,-1
304,-1
304,-1
304,-2
304,-2
304,-1
305,-2
305,-2
305,-1
305,-1
305,-2
305,-2
305,-2
305,-1
305,-1
305,-1
306,-1
306,-2
306,-2
306,-2
306,-1
306,-1
306,-1
306,-1
306,-1
306,-1
306,-1
307,-1
307,-1
307,-1
307,-1
307,-1
307,-1
307,-1
307,-2
307,-2
307,-2
308,-1
308,-2
308,-2
308,-2
308,-1
308,-1
308,-1
308,-1
308,-1
308,-1
309,-1
309,-1
309,-2
309,-2
309,-1
309,-1
309,-1
309,-2
309,-2
310,-2
310,-2
310,-1
310,-2
310,-2
310,-1
310,-2
310,-1
310,-1
310,-2
311,-1
311,-1
311,-1
311,-1
311,-1
311,-1
311,-2
311,-1
311,-1
311,-1
312,-1
312,-1
312,-1
312,-1
312,-2
312,-2
312,-1
312,-2
312,-2
312,-2
313,-1
313,-1
313,-1
313,-1
313,-1
313,-2
313,-2
313,-1
313,-1
313,-1
314,-2
314,-1
314,-1
314,-1
314,-2
314,-1
314,-1
314,-1
314,-1
314,-2
314,-2
315,-2
315,-1
315,-1
315,-1
315,-1
315,-1
315,-1
315,-1
315,-2
315,-2
316,-2
316,-1
316,-1
316,-1
316,-1
316,-1
316,-1
316,-1
316,-1
317,-2
317,-2
317,-1
317,-2
317,-2
317,-1
317,-2
317,-1
317,-1
317,-2
318,-1
318,-1
318,-2
318,-1
318,-2
318,-2
318,-2
318,-1
318,-1
318,-2
319,-1
319,-2
319,-2
319,-1
319,-2
319,-2
319,-1
319,-1
319,-1
319,-1
320,-2
320,-1
320,-2
320,-2
320,-1
320,-1
320,-1
320,-1
320,-2
321,-1
321,-1
321,-2
321,-2
321,-2
321,-2
321,-1
321,-2
321,-2
321,-2
321,-1
321,-1
322,-2
322,-1
322,-1
322,-1
322,-2
322,-2
322,-2
322,-1
322,-1
322,-1
323,-1
323,-2
323,-2
323,-1
323,-1
323,-2
323,-2
323,-2
323,-1
324,-2
324,-2
324,-1
324,-2
324,-2
324,-2
324,-2
324,-1
324,-1
324,-1
325,-2
325,-2
325,-1
325,-1
325,-2
325,-2
325,-2
325,-2
325,-2
325,-1
326,-1
326,-1
326,-1
326,-2
326,-1
326,-1
326,-1
326,-1
326,-1
326,-1
327,-2
327,-2
327,-2
327,-2
327,-2
327,-1
327,-1
327,-1
327,-2
327,-2
328,-1
328,-2
328,-1
328,-1
328,-1
328,-1
328,-1
328,-2
328,-2
329,-1
329,-1
329,-1
329,-1
329,-1
329,-1
329,-1
329,-1
329,-1
329,-1
329,-2
329,-2
330,-1
330,-2
330,-2
330,-2
330,-1
330,-2
330,-2
330,-2
330,-2
331,-1
331,-1
331,-2
331,-2
331,-2
331,-2
331,-2
331,-2
331,-2
331,-1
332,-1
332,-1
332,-2
332,-1
332,-1
332,-1
332,-1
332,-2
332,-2
332,-2
333,-2
333,-2
333,-2
333,-1
333,-2
333,-2
333,-1
333,-2
333,-2
333,-2
334,-1
334,-1
334,-2
334,-2
334,-2
334,-2
334,-2
334,-2
334,-1
335,-2
335,-2
335,-2
335,-2
335,-2
335,-2
335,-2
335,-2
335,-2
335,-1
336,-2
336,-2
336,-1
336,-2
336,-2
336,-2
336,-2
336,-2
336,-2
336,-2
336,-2
337,-1
337,-1
337,-2
337,-2
337,-2
337,-1
337,-1
337,-2
337,-2
337,-2
338,-2
338,-2
338,-2
338,-2
338,-2
338,-2
338,-2
338,-2
338,-2
338,-2
339,-1
339,-1
339,-1
339,-2
339,-1
339,-1
339,-1
339,-1
339,-2
340,-2
340,-2
340,-2
340,-2
340,-2
340,-1
340,-1
340,-2
340,-2
340,-1
341,-1
341,-1
341,-2
341,-1
341,-2
341,-2
341,-1
341,-2
341,-2
341,-2
342,-1
342,-2
342,-2
342,-1
342,-1
342,-2
342,-2
342,-2
342,-1
342,-1
342,-1
343,-2
343,-1
343,-1
343,-2
343,-2
343,-2
343,-1
343,-2
343,-2
343,-2
344,-2
344,-2
344,-2
344,-1
344,-2
344,-2
344,-2
344,-2
344,-2
344,-2
345,-2
345,-2
345,-2
345,-1
345,-2
345,-1
345,-1
345,-1
345,-2
346,-1
346,-1
346,-2
346,-2
346,-2
346,-2
346,-2
346,-2
346,-2
346,-1
347,-2
347,-2
347,-2
347,-2
347,-2
347,-2
347,-1
347,-2
347,-2
347,-2
348,-2
348,-2
348,-2
348,-2
348,-2
348,-2
348,-2
348,-1
348,-1
348,-2
349,-2
349,-2
349,-2
349,-2
349,-2
349,-2
349,-2
349,-1
349,-2
349,-2
349,-1
350,-2
350,-2
350,-2
350,-2
350,-1
350,-1
350,-1
350,-2
350,-2
350,-2
351,-1
351,-2
351,-2
351,-2
351,-2
351,-2
351,-2
351,-1
351,-2
351,-2
352,-2
352,-2
352,-2
352,-2
352,-2
352,-2
352,-2
352,-2
352,-2
353,-2
353,-2
353,-2
353,-2
353,-2
353,-2
353,-2
353,-2
353,-2
353,-2
354,-1
354,-1
354,-1
354,-2
354,-2
354,-2
354,-1
354,-2
354,-2
354,-1
355,-2
355,-2
355,-2
355,-1
355,-2
355,-2
355,-2
355,-1
355,-1
355,-2
356,-2
356,-2
356,-2
356,-2
356,-2
356,-2
356,-1
356,-1
356,-2
356,-2
356,-2
357,-1
357,-1
357,-2
357,-2
357,-2
357,-2
357,-2
357,-2
357,-2
357,-2
358,-2
358,-2
358,-1
358,-2
358,-1
358,-1
358,-2
358,-2
358,-2
358,-2
359,-2
359,-2
359,-2
359,-2
359,-2
359,-2
359,-2
359,-1
359,-1
359,-2
360,-2
360,-2
360,-2
360,-2
360,-2
360,-2
360,-2
360,-2
360,-2
360,-2
361,-2
361,-2
361,-2
361,-2
361,-2
361,-2
361,-2
361,-2
361,-2
361,-2
362,-2
362,-1
362,-2
362,-2
362,-2
362,-2
362,-2
362,-2
362,-2
362,-2
363,-1
363,-2
363,-2
363,-2
363,-2
363,-2
363,-2
363,-2
363,-2
364,-2
364,-2
364,-2
364,-2
364,-2
364,-1
364,-2
364,-2
364,-1
364,-2
365,-2
365,-2
365,-2
365,-2
365,-2
365,-2
365,-2
365,-2
365,-2
365,-2
366,-2
366,-1
366,-1
366,-2
366,-2
366,-2
366,-2
366,-2
366,-2
366,-2
367,-1
367,-2
367,-2
367,-2
367,-1
367,-1
367,-2
367,-2
367,-1
367,-1
368,-2
368,-2
368,-2
368,-2
368,-2
368,-2
368,-2
368,-2
368,-2
368,-2
368,-2
369,-2
369,-2
369,-2
369,-2
369,-1
369,-1
369,-2
369,-1
369,-2
369,-2
370,-2
370,-1
370,-1
370,-2
370,-2
370,-1
370,-1
370,-1
370,-2
370,-2
371,-2
371,-2
371,-2
371,-2
371,-1
371,-2
371,-2
371,-2
371,-2
372,-2
372,-2
372,-2
372,-2
372,-2
372,-2
372,-2
372,-2
372,-2
372,-2
373,-2
373,-2
373,-2
373,-2
373,-2
373,-2
373,-2
373,-2
373,-2
373,-2
374,-2
374,-2
374,-2
374,-2
374,-2
374,-2
374,-2
374,-2
374,-2
374,-2
375,-2
375,-2
375,-2
375,-2
375,-2
375,-2
375,-2
375,-2
375,-2
375,-2
376,-2
376,-2
376,-2
376,-2
376,-2
376,-2
376,-2
376,-2
376,-2
376,-2
376,-2
377,-2
377,-2
377,-2
377,-2
377,-2
377,-2
377,-2
377,-2
377,-2
377,-2
378,-1
378,-2
378,-2
378,-2
378,-2
378,-2
378,-2
378,-2
378,-2
378,-2
379,-2
379,-2
379,-2
379,-2
379,-2
379,-2
379,-2
379,-2
379,-2
380,-2
380,-2
380,-2
380,-2
380,-2
380,-2
380,-2
380,-2
380,-2
380,-1
381,-2
381,-2
381,-2
381,-2
381,-2
381,-2
381,-2
381,-2
381,-2
381,-2
382,-2
382,-2
382,-2
382,-2
382,-2
382,-2
382,-2
382,-2
382,-2
382,-2
382,-2
383,-2
383,-2
383,-2
383,-2
383,-2
383,-2
383,-2
383,-2
383,-2
383,-2
384,-2
384,-2
384,-2
384,-2
384,-2
384,-2
384,-2
384,-2
384,-2
384,-2
385,-2
385,-2
385,-2
385,-2
385,-2
385,-2
385,-2
385,-2
385,-2
386,-2
386,-2
386,-2
386,-2
386,-2
386,-2
386,-2
386,-2
386,-2
386,-2
387,-2
387,-2
387,-2
387,-3
387,-2
387,-2
387,-2
387,-2
387,-2
387,-2
388,-2
388,-2
388,-2
388,-2
388,-2
388,-2
388,-2
388,-2
388,-2
388,-2
389,-2
389,-2
389,-2
389,-2
389,-1
389,-2
389,-2
389,-2
389,-2
389,-2
389,-2
390,-2
390,-2
390,-2
390,-2
390,-2
390,-2
390,-2
390,-2
390,-2
390,-2
391,-2
391,-2
391,-2
391,-2
391,-2
391,-1
391,-1
391,-2
391,-2
392,-2
392,-2
392,-2
392,-2
392,-2
392,-2
392,-2
392,-2
392,-2
392,-2
393,-2
393,-2
393,-2
393,-2
393,-2
393,-2
393,-2
393,-2
393,-3
393,-3
394,-2
394,-2
394,-2
394,-2
394,-2
394,-2
394,-2
394,-2
394,-2
394,-2
395,-2
395,-2
395,-2
395,-2
395,-2
395,-2
395,-2
395,-2
395,-2
395,-2
395,-2
396,-2
396,-2
396,-2
396,-2
396,-1
396,-2
396,-2
396,-2
396,-2
396,-2
397,-2
397,-2
397,-2
397,-2
397,-2
397,-2
397,-2
397,-2
397,-2
398,-2
398,-2
398,-2
398,-2
398,-2
398,-2
398,-2
398,-2
398,-2
398,-2
399,-2
399,-2
399,-2
399,-2
399,-2
399,-2
399,-2
399,-2
399,-2
399,-2
400,-2
400,-2
400,-2
400,-2
400,-2
400,-2
400,-2
400,-2
400,-2
400,-2
401,-1
401,0
401,0
401,1
401,1
401,1
401,1
401,1
401,1
401,1
402,2
402,3
402,3
402,3
402,3
402,3
402,3
402,3
402,4
402,4
403,4
403,5
403,5
403,5
403,5
403,5
403,5
403,6
403,6
404,6
404,6
404,7
404,7
404,6
404,6
404,7
404,7
404,7
404,8
404,8
405,8
405,8
405,8
405,9
405,9
405,9
405,9
405,10
405,10
405,10
406,10
406,10
406,10
406,11
406,11
406,11
406,11
406,11
406,11
406,11
407,11
407,11
407,11
407,12
407,12
407,12
407,13
407,13
407,13
407,13
408,13
408,13
408,13
408,14
408,14
408,14
408,14
408,14
408,15
408,15
409,15
409,16
409,16
409,16
409,16
409,16
409,16
409,16
409,17
409,17
410,17
410,18
410,18
410,18
410,18
410,18
410,18
410,19
410,19
411,19
411,19
411,20
411,20
411,20
411,20
411,21
411,21
411,21
411,21
411,22
411,22
412,22
412,22
412,22
412,22
412,23
412,23
412,23
412,24
412,25
413,25
413,25
413,26
413,25
413,25
413,26
413,27
413,27
413,27
413,28
414,28
414,28
414,29
414,29
414,29
414,29
414,30
414,30
414,30
414,31
415,32
415,32
415,32
415,33
415,33
415,33
415,33
415,34
415,35
415,35
416,35
416,36
416,36
416,37
416,38
416,38
416,38
416,39
416,39
417,40
417,40
417,41
417,41
417,41
417,42
417,42
417,43
417,43
417,44
418,44
418,44
418,45
418,46
418,47
418,47
418,47
418,49
418,49
418,49
419,50
419,51
419,51
419,52
419,53
419,53
419,54
419,54
419,55
419,55
419,56
420,57
420,57
420,58
420,59
420,60
420,60
420,60
420,61
420,61
420,62
421,63
421,64
421,64
421,65
421,67
421,67
421,67
421,68
421,70
421,70
422,70
422,71
422,71
422,73
422,74
422,75
422,75
422,76
422,76
422,76
423,77
423,77
423,77
423,77
423,76
423,75
423,75
423,75
423,75
423,75
424,75
424,75
424,75
424,75
424,75
424,75
424,75
424,75
424,76
425,76
425,76
425,76
425,76
425,76
425,77
425,77
425,77
425,77
425,77
426,77
426,77
426,77
426,77
426,76
426,76
426,77
426,77
426,77
426,77
427,77
427,77
427,77
427,77
427,77
427,77
427,77
427,77
427,77
427,77
427,77
428,77
428,77
428,77
428,77
428,77
428,77
428,77
428,77
428,77
428,77
429,77
429,77
429,77
429,77
429,77
429,77
429,77
429,77
429,77
429,77
430,76
430,77
430,77
430,77
430,77
430,77
430,77
430,77
430,77
430,77
431,77
431,77
431,77
431,77
431,77
431,78
431,78
431,77
431,77
432,77
432,77
432,77
432,77
432,77
432,77
432,77
432,77
432,77
432,77
433,77
433,77
433,77
433,77
433,77
433,77
433,77
433,77
433,77
433,77
434,77
434,77
434,77
434,77
434,77
434,77
434,77
434,77
434,77
434,77
434,77
435,77
435,77
435,77
435,77
435,77
435,77
435,77
435,77
435,77
435,77
436,77
436,77
436,77
436,77
436,77
436,77
436,77
436,77
436,77
436,77
437,77
437,77
437,77
437,77
437,77
437,77
437,77
437,77
437,77
437,77
438,77
438,77
438,77
438,77
438,77
438,76
438,76
438,77
438,77
439,77
439,77
439,77
439,77
439,77
439,76
439,77
439,77
439,77
439,77
440,77
440,77
440,77
440,77
440,77
440,77
440,77
440,77
440,77
440,77
441,77
441,77
441,77
441,77
441,77
441,77
441,77
441,77
441,77
441,77
441,76
442,77
442,77
442,77
442,76
442,77
442,77
442,77
442,77
442,77
442,77
443,77
443,77
443,77
443,77
443,77
443,77
443,77
443,77
443,77
443,77
444,77
444,77
444,77
444,77
444,77
444,78
444,78
444,77
444,77
445,77
445,77
445,77
445,77
445,77
445,78
445,77
445,77
445,77
445,77
446,77
446,77
446,76
446,77
446,77
446,77
446,77
446,77
446,77
446,77
447,77
447,77
447,77
447,77
447,77
447,77
447,77
447,77
447,77
447,77
448,77
448,77
448,77
448,77
448,76
448,76
448,77
448,77
448,77
448,77
449,77
449,77
449,77
449,77
449,77
449,77
449,77
449,77
449,77
449,77
449,77
450,77
450,76
450,76
450,77
450,77
450,77
450,77
450,76
450,77
450,77
451,77
451,77
451,77
451,77
451,77
451,77
451,77
451,77
451,77
452,77
452,77
452,77
452,77
452,77
452,77
452,77
452,77
452,77
452,77
453,77
453,77
453,77
453,77
453,77
453,77
453,77
453,77
453,77
453,77
454,77
454,77
454,77
454,77
454,77
454,77
454,77
454,77
454,77
454,77
455,77
455,77
455,77
455,77
455,77
455,77
455,77
455,77
455,77
455,77
456,77
456,77
456,76
456,76
456,77
456,77
456,77
456,77
456,77
457,77
457,77
457,77
457,77
457,77
457,77
457,77
457,77
457,77
457,77
457,77
458,77
458,77
458,77
458,77
458,77
458,77
458,77
458,77
458,77
458,76
459,77
459,77
459,77
459,77
459,77
459,77
459,77
459,77
459,77
459,77
460,77
460,77
460,77
460,77
460,77
460,77
460,77
460,77
460,77
460,77
461,77
461,77
461,77
461,77
461,77
461,77
461,77
461,77
461,77
461,77
462,77
462,77
462,77
462,77
462,77
462,77
462,77
462,77
462,77
463,76
463,76
463,77
463,77
463,77
463,77
463,77
463,76
463,76
463,77
463,76
463,76
464,76
464,77
464,77
464,77
464,77
464,77
464,77
464,77
464,77
464,77
465,77
465,77
465,77
465,77
465,76
465,77
465,77
465,77
465,77
466,77
466,77
466,76
466,77
466,77
466,76
466,76
466,77
466,77
466,77
467,76
467,76
467,77
467,77
467,77
467,77
467,76
467,77
467,77
467,77
468,77
468,77
468,77
468,77
468,76
468,76
468,77
468,76
468,77
468,77
469,76
469,77
469,77
469,77
469,77
469,77
469,77
469,77
469,77
469,77
470,76
470,77
470,77
470,77
470,76
470,76
470,76
470,77
470,77
470,77
471,77
471,77
471,77
471,77
471,77
471,77
471,77
471,77
471,76
471,77
471,77
472,77
472,77
472,77
472,76
472,76
472,77
472,77
472,77
472,77
472,77
473,77
473,77
473,77
473,77
473,77
473,77
473,77
473,77
473,76
474,77
474,77
474,77
474,76
474,76
474,77
474,77
474,77
474,77
474,77
475,77
475,77
475,77
475,77
475,77
475,77
475,76
475,77
475,77
475,77
476,77
476,77
476,77
476,77
476,77
476,77
476,76
476,77
476,76
476,76
477,76
477,77
477,77
477,77
477,77
477,77
477,77
477,76
477,76
477,76
478,77
478,76
478,77
478,77
478,77
478,77
478,77
478,77
478,77
479,77
479,77
479,77
479,77
479,77
479,77
479,76
479,77
479,77
479,77
480,77
480,77
480,77
480,77
480,77
480,77
480,77
480,76
480,76
480,77
480,77
481,77
481,77
481,76
481,77
481,77
481,76
481,77
481,77
481,77
481,77
482,76
482,76
482,77
482,77
482,76
482,76
482,77
482,76
482,76
482,77
483,77
483,76
483,76
483,76
483,77
483,77
483,76
483,76
483,77
483,77
484,77
484,77
484,77
484,76
484,77
484,76
484,76
484,76
484,77
484,77
485,77
485,77
485,77
485,77
485,77
485,76
485,76
485,76
485,77
486,77
486,77
486,77
486,76
486,76
486,76
486,77
486,77
486,77
486,76
487,77
487,77
487,77
487,76
487,77
487,77
487,77
487,76
487,76
487,77
487,77
488,77
488,77
488,77
488,77
488,77
488,76
488,77
488,77
488,77
488,77
489,77
489,77
489,77
489,77
489,76
489,76
489,76
489,76
489,76
489,77
490,76
490,77
490,77
490,77
490,77
490,77
490,77
490,77
490,77
490,77
491,76
491,77
491,77
491,77
491,77
491,77
491,77
491,76
491,77
491,77
492,76
492,76
492,77
492,77
492,76
492,76
492,76
492,77
492,76
493,77
493,77
493,77
493,77
493,77
493,77
493,77
493,76
493,76
493,77
494,76
494,76
494,76
494,77
494,76
494,76
494,77
494,77
494,77
494,77
495,76
495,77
495,77
495,76
495,76
495,76
495,76
495,76
495,76
495,76
495,76
496,77
496,77
496,76
496,76
496,76
496,76
496,75
496,75
496,75
496,76
497,76
497,76
497,76
497,76
497,76
497,76
497,76
497,75
497,75
497,75
498,75
498,75
498,75
498,75
498,75
498,75
498,75
498,75
498,75
498,75
499,74
499,74
499,74
499,74
499,74
499,74
499,74
499,74
499,74
499,74
500,73
500,74
500,74
500,73
500,73
500,72
500,72
500,73
500,73
500,73
501,72
501,72
501,72
501,72
501,72
501,71
501,71
501,72
501,71
502,71
502,71
502,71
502,71
502,71
502,70
502,70
502,70
502,70
502,70
503,69
503,69
503,69
503,69
503,69
503,69
503,68
503,68
503,68
503,68
504,67
504,67
504,67
504,67
504,66
504,66
504,66
504,66
504,66
504,65
505,65
505,65
505,65
505,64
505,64
505,64
505,64
505,63
505,63
505,63
506,63
506,62
506,62
506,62
506,61
506,61
506,61
506,60
506,60
506,60
506,59
507,59
507,59
507,59
507,58
507,58
507,58
507,57
507,57
507,56
507,56
508,56
508,56
508,56
508,55
508,55
508,54
508,54
508,53
508,52
508,52
509,52
509,51
509,51
509,51
509,50
509,50
509,50
509,50
509,49
510,48
510,48
510,47
510,47
510,47
510,46
510,45
510,45
510,45
510,45
511,44
511,44
511,43
511,42
511,42
511,42
511,41
511,40
511,40
511,40
512,39
512,38
512,38
512,37
512,37
512,37
512,36
512,34
512,34
512,34
513,34
513,32
513,32
513,32
513,31
513,30
513,30
513,30
513,29
513,29
513,28
514,27
514,26
514,26
514,25
514,25
514,25
514,24
514,23
514,22
514,22
515,21
515,20
515,20
515,20
515,18
515,18
515,18
515,17
515,16
515,16
516,15
516,14
516,14
516,13
516,12
516,11
516,11
516,10
516,9
516,9
517,9
517,8
517,7
517,7
517,5
517,4
517,4
517,3
517,3
518,2
518,2
518,1
518,0
518,0
518,-1
518,-2
518,-3
518,-3
518,-4
519,-5
519,-5
519,-4
519,-4
519,-4
519,-4
519,-3
519,-2
519,-2
519,-2
520,-2
520,-1
520,-1
520,-1
520,-1
520,-1
520,-1
520,-1
520,-1
520,-1
521,-1
521,-2
521,-2
521,-1
521,-1
521,-2
521,-2
521,-2
521,-2
521,-2
522,-2
522,-3
522,-3
522,-3
522,-3
522,-4
522,-4
522,-3
522,-3
522,-3
522,-3
523,-3
523,-2
523,-2
523,-2
523,-2
523,-3
523,-3
523,-2
523,-3
524,-3
524,-3
524,-3
524,-3
524,-3
524,-3
524,-3
524,-4
524,-4
524,-3
525,-3
525,-3
525,-3
525,-3
525,-3
525,-3
525,-3
525,-3
525,-3
525,-3
526,-3
526,-3
526,-3
526,-3
526,-3
526,-3
526,-3
526,-3
526,-3
526,-3
527,-3
527,-3
527,-3
527,-2
527,-3
527,-3
527,-3
527,-3
527,-3
527,-3
528,-3
528,-3
528,-3
528,-3
528,-3
