0,0
0,0
0,0
0,0
0,0
0,0
0,0
0,0
0,-1
0,-1
0,-1
0,-1
0,-1
0,-1
1,0
1,0
1,0
1,0
1,0
1,0
2,0
2,0
2,0
2,0
2,0
2,0
2,0
2,-1
2,-1
2,-1
2,-1
2,-1
2,-1
3,0
3,0
3,0
3,0
3,0
3,0
3,-1
3,-1
3,-1
3,-1
3,-1
3,-1
3,-1
4,0
4,0
4,0
4,0
4,0
4,0
5,0
5,0
5,0
5,0
5,0
5,0
5,0
5,0
5,0
5,0
5,0
5,0
5,0
6,-1
6,-1
6,-1
6,-1
6,-1
6,-1
7,0
7,0
7,0
7,0
7,0
7,0
7,0
7,0
7,0
7,0
7,0
7,0
7,0
8,0
8,0
8,0
8,0
8,0
8,0
9,0
9,0
9,0
9,0
9,0
9,0
9,0
9,0
9,0
9,0
9,0
9,0
9,0
10,0
10,0
10,0
10,0
10,0
10,0
10,0
10,0
10,0
10,0
10,0
10,0
10,0
11,0
11,0
11,0
11,0
11,0
11,0
12,0
12,0
12,0
12,0
12,0
12,0
12,0
12,0
12,0
12,0
12,0
12,0
12,0
13,0
13,0
13,0
13,0
13,0
13,0
13,0
14,0
14,0
14,0
14,0
14,0
14,0
14,0
14,0
14,0
14,0
14,0
14,0
15,0
15,0
15,0
15,0
15,0
15,0
15,0
16,0
16,0
16,0
16,0
16,0
16,0
16,0
16,0
16,0
16,0
16,0
16,0
16,0
17,0
17,0
17,0
17,0
17,0
17,0
18,0
18,0
18,0
18,0
18,0
18,0
18,0
18,0
18,0
18,0
18,0
18,0
18,0
19,0
19,0
19,0
19,0
19,0
19,0
19,0
19,0
19,0
19,0
19,0
19,0
19,0
20,0
20,0
20,0
20,0
20,0
20,0
21,0
21,0
21,0
21,0
21,0
21,0
21,0
21,0
21,0
21,0
21,0
21,0
21,0
22,0
22,0
22,0
22,0
22,0
22,0
23,1
23,1
23,1
23,1
23,1
23,1
23,0
23,0
23,0
23,0
23,0
23,0
23,0
24,0
24,0
24,0
24,0
24,0
24,0
25,0
25,0
25,0
25,0
25,0
25,0
25,0
25,0
25,0
25,0
25,0
25,0
25,0
26,0
26,0
26,0
26,0
26,0
26,0
26,0
26,0
26,0
26,0
26,0
26,0
26,0
27,1
27,1
27,1
27,1
27,1
27,1
28,5
28,5
28,5
28,5
28,5
28,5
28,5
28,11
28,11
28,11
28,11
28,11
28,11
29,14
29,14
29,14
29,14
29,14
29,14
30,16
30,16
30,16
30,16
30,16
30,16
30,16
30,20
30,20
30,20
30,20
30,20
30,20
31,23
31,23
31,23
31,23
31,23
31,23
31,23
32,25
32,25
32,25
32,25
32,25
32,25
32,27
32,27
32,27
32,27
32,27
32,27
33,30
33,30
33,30
33,30
33,30
33,30
33,30
34,32
34,32
34,32
34,32
34,32
34,32
34,34
34,34
34,34
34,34
34,34
34,34
35,37
35,37
35,37
35,37
35,37
35,37
35,37
35,39
35,39
35,39
35,39
35,39
35,39
36,42
36,42
36,42
36,42
36,42
36,42
36,42
37,45
37,45
37,45
37,45
37,45
37,45
37,48
37,48
37,48
37,48
37,48
37,48
38,52
38,52
38,52
38,52
38,52
38,52
38,52
39,56
39,56
39,56
39,56
39,56
39,56
39,59
39,59
39,59
39,59
39,59
39,59
39,59
40,64
40,64
40,64
40,64
40,64
40,64
41,68
41,68
41,68
41,68
41,68
41,68
41,73
41,73
41,73
41,73
41,73
41,73
41,73
42,78
42,78
42,78
42,78
42,78
42,78
42,79
42,79
42,79
42,79
42,79
42,79
43,80
43,80
43,80
43,80
43,80
43,80
43,80
44,79
44,79
44,79
44,79
44,79
44,79
44,79
44,79
44,79
44,79
44,79
44,79
44,79
45,79
45,79
45,79
45,79
45,79
45,79
46,80
46,80
46,80
46,80
46,80
46,80
46,79
46,79
46,79
46,79
46,79
46,79
46,79
47,79
47,79
47,79
47,79
47,79
47,79
48,80
48,80
48,80
48,80
48,80
48,80
48,80
48,79
48,79
48,79
48,79
48,79
48,79
49,80
49,80
49,80
49,80
49,80
49,80
50,79
50,79
50,79
50,79
50,79
50,79
50,79
50,79
50,79
50,79
50,79
50,79
50,79
51,80
51,80
51,80
51,80
51,80
51,80
51,80
51,80
51,80
51,80
51,80
51,80
51,80
52,80
52,80
52,80
52,80
52,80
52,80
53,79
53,79
53,79
53,79
53,79
53,79
53,79
53,80
53,80
53,80
53,80
53,80
53,80
54,79
54,79
54,79
54,79
54,79
54,79
55,79
55,79
55,79
55,79
55,79
55,79
55,79
55,80
55,80
55,80
55,80
55,80
55,80
56,80
56,80
56,80
56,80
56,80
56,80
56,80
57,79
57,79
57,79
57,79
57,79
57,79
57,80
57,80
57,80
57,80
57,80
57,80
58,80
58,80
58,80
58,80
58,80
58,80
58,80
59,80
59,80
59,80
59,80
59,80
59,80
59,79
59,79
59,79
59,79
59,79
59,79
59,79
60,80
60,80
60,80
60,80
60,80
60,80
60,80
60,80
60,80
60,80
60,80
60,80
61,80
61,80
61,80
61,80
61,80
61,80
61,80
62,80
62,80
62,80
62,80
62,80
62,80
62,80
62,80
62,80
62,80
62,80
62,80
62,80
63,80
63,80
63,80
63,80
63,80
63,80
64,80
64,80
64,80
64,80
64,80
64,80
64,80
64,80
64,80
64,80
64,80
64,80
64,80
65,79
65,79
65,79
65,79
65,79
65,79
66,80
66,80
66,80
66,80
66,80
66,80
66,80
66,79
66,79
66,79
66,79
66,79
66,79
67,80
67,80
67,80
67,80
67,80
67,80
67,80
67,80
67,80
67,80
67,80
67,80
67,80
68,80
68,80
68,80
68,80
68,80
68,80
69,80
69,80
69,80
69,80
69,80
69,80
69,80
69,80
69,80
69,80
69,80
69,80
69,80
70,80
70,80
70,80
70,80
70,80
70,80
71,80
71,80
71,80
71,80
71,80
71,80
71,80
71,79
71,79
71,79
71,79
71,79
71,79
72,80
72,80
72,80
72,80
72,80
72,80
73,80
73,80
73,80
73,80
73,80
73,80
73,80
73,80
73,80
73,80
73,80
73,80
73,80
74,79
74,79
74,79
74,79
74,79
74,79
74,79
75,80
75,80
75,80
75,80
75,80
75,80
75,80
75,80
75,80
75,80
75,80
75,80
76,80
76,80
76,80
76,80
76,80
76,80
76,80
76,80
76,80
76,80
76,80
76,80
76,80
77,80
77,80
77,80
77,80
77,80
77,80
77,80
78,80
78,80
78,80
78,80
78,80
78,80
78,80
78,80
78,80
78,80
78,80
78,80
79,80
79,80
79,80
79,80
79,80
79,80
79,80
80,80
80,80
80,80
80,80
80,80
80,80
80,80
80,80
80,80
80,80
80,80
80,80
81,80
81,80
81,80
81,80
81,80
81,80
81,80
82,80
82,80
82,80
82,80
82,80
82,80
82,80
82,80
82,80
82,80
82,80
82,80
82,80
83,80
83,80
83,80
83,80
83,80
83,80
83,80
83,80
83,80
83,80
83,80
83,80
84,80
84,80
84,80
84,80
84,80
84,80
84,80
85,80
85,80
85,80
85,80
85,80
85,80
85,80
85,80
85,80
85,80
85,80
85,80
85,80
86,80
86,80
86,80
86,80
86,80
86,80
87,80
87,80
87,80
87,80
87,80
87,80
87,80
87,80
87,80
87,80
87,80
87,80
87,80
88,80
88,80
88,80
88,80
88,80
88,80
89,80
89,80
89,80
89,80
89,80
89,80
89,80
89,80
89,80
89,80
89,80
89,80
89,80
90,80
90,80
90,80
90,80
90,80
90,80
91,80
91,80
91,80
91,80
91,80
91,80
91,80
91,80
91,80
91,80
91,80
91,80
91,80
92,80
92,80
92,80
92,80
92,80
92,80
92,80
92,79
92,79
92,79
92,79
92,79
92,79
93,80
93,80
93,80
93,80
93,80
93,80
94,80
94,80
94,80
94,80
94,80
94,80
94,80
94,80
94,80
94,80
94,80
94,80
94,80
95,80
95,80
95,80
95,80
95,80
95,80
96,80
96,80
96,80
96,80
96,80
96,80
96,80
96,80
96,80
96,80
96,80
96,80
96,80
97,80
97,80
97,80
97,80
97,80
97,80
97,80
98,79
98,79
98,79
98,79
98,79
98,79
98,80
98,80
98,80
98,80
98,80
98,80
99,80
99,80
99,80
99,80
99,80
99,80
99,80
99,80
99,80
99,80
99,80
99,80
99,80
100,80
100,80
100,80
100,80
100,80
100,80
100,80
101,80
101,80
101,80
101,80
101,80
101,80
101,80
101,80
101,80
101,80
101,80
101,80
102,80
102,80
102,80
102,80
102,80
102,80
102,80
103,80
103,80
103,80
103,80
103,80
103,80
103,80
103,80
103,80
103,80
103,80
103,80
103,80
104,80
104,80
104,80
104,80
104,80
104,80
105,80
105,80
105,80
105,80
105,80
105,80
105,80
105,80
105,80
105,80
105,80
105,80
105,80
106,80
106,80
106,80
106,80
106,80
106,80
107,80
107,80
107,80
107,80
107,80
107,80
107,80
107,80
107,80
107,80
107,80
107,80
107,80
108,80
108,80
108,80
108,80
108,80
108,80
108,80
108,80
108,80
108,80
108,80
108,80
108,80
109,80
109,80
109,80
109,80
109,80
109,80
110,80
110,80
110,80
110,80
110,80
110,80
110,80
110,80
110,80
110,80
110,80
110,80
110,80
111,80
111,80
111,80
111,80
111,80
111,80
112,80
112,80
112,80
112,80
112,80
112,80
112,80
112,80
112,80
112,80
112,80
112,80
112,80
113,80
113,80
113,80
113,80
113,80
113,80
114,80
114,80
114,80
114,80
114,80
114,80
114,80
114,80
114,80
114,80
114,80
114,80
114,80
115,80
115,80
115,80
115,80
115,80
115,80
115,80
116,80
116,80
116,80
116,80
116,80
116,80
116,80
116,80
116,80
116,80
116,80
116,80
117,80
117,80
117,80
117,80
117,80
117,80
117,80
117,80
117,80
117,80
117,80
117,80
117,80
118,80
118,80
118,80
118,80
118,80
118,80
118,80
119,80
119,80
119,80
119,80
119,80
119,80
119,80
119,80
119,80
119,80
119,80
119,80
120,80
120,80
120,80
120,80
120,80
120,80
120,80
121,80
121,80
121,80
121,80
121,80
121,80
121,81
121,81
121,81
121,81
121,81
121,81
122,80
122,80
122,80
122,80
122,80
122,80
122,80
123,80
123,80
123,80
123,80
123,80
123,80
123,80
123,80
123,80
123,80
123,80
123,80
123,80
124,80
124,80
124,80
124,80
124,80
124,80
124,80
124,80
124,80
124,80
124,80
124,80
125,80
125,80
125,80
125,80
125,80
125,80
125,80
126,80
126,80
126,80
126,80
126,80
126,80
126,80
126,80
126,80
126,80
126,80
126,80
126,80
127,80
127,80
127,80
127,80
127,80
127,80
128,80
128,80
128,80
128,80
128,80
128,80
128,80
128,80
128,80
128,80
128,80
128,80
128,80
129,80
129,80
129,80
129,80
129,80
129,80
130,80
130,80
130,80
130,80
130,80
130,80
130,80
130,80
130,80
130,80
130,80
130,80
130,80
131,80
131,80
131,80
131,80
131,80
131,80
132,80
132,80
132,80
132,80
132,80
132,80
132,80
132,80
132,80
132,80
132,80
132,80
132,80
133,80
133,80
133,80
133,80
133,80
133,80
133,80
133,80
133,80
133,80
133,80
133,80
133,80
134,80
134,80
134,80
134,80
134,80
134,80
135,80
135,80
135,80
135,80
135,80
135,80
135,80
135,80
135,80
135,80
135,80
135,80
135,80
136,80
136,80
136,80
136,80
136,80
136,80
137,80
137,80
137,80
137,80
137,80
137,80
137,80
137,80
137,80
137,80
137,80
137,80
137,80
138,80
138,80
138,80
138,80
138,80
138,80
139,80
139,80
139,80
139,80
139,80
139,80
139,80
139,80
139,80
139,80
139,80
139,80
139,80
140,80
140,80
140,80
140,80
140,80
140,80
140,80
140,80
140,80
140,80
140,80
140,80
140,80
141,80
141,80
141,80
141,80
141,80
141,80
142,81
142,81
142,81
142,81
142,81
142,81
142,81
142,80
142,80
142,80
142,80
142,80
142,80
143,80
143,80
143,80
143,80
143,80
143,80
143,80
144,80
144,80
144,80
144,80
144,80
144,80
144,80
144,80
144,80
144,80
144,80
144,80
145,80
145,80
145,80
145,80
145,80
145,80
145,80
146,80
146,80
146,80
146,80
146,80
146,80
146,80
146,80
146,80
146,80
146,80
146,80
146,80
147,81
147,81
147,81
147,81
147,81
147,81
148,81
148,81
148,81
148,81
148,81
148,81
148,80
148,80
148,80
148,80
148,80
148,80
148,80
149,80
149,80
149,80
149,80
149,80
149,80
149,81
149,81
149,81
149,81
149,81
149,81
149,81
150,80
150,80
150,80
150,80
150,80
150,80
151,80
151,80
151,80
151,80
151,80
151,80
151,80
151,80
151,80
151,80
151,80
151,80
151,80
152,80
152,80
152,80
152,80
152,80
152,80
153,80
153,80
153,80
153,80
153,80
153,80
153,80
153,80
153,80
153,80
153,80
153,80
153,80
154,80
154,80
154,80
154,80
154,80
154,80
155,80
155,80
155,80
155,80
155,80
155,80
155,80
155,80
155,80
155,80
155,80
155,80
155,80
156,80
156,80
156,80
156,80
156,80
156,80
157,80
157,80
157,80
157,80
157,80
157,80
157,80
157,80
157,80
157,80
157,80
157,80
157,80
158,80
158,80
158,80
158,80
158,80
158,80
158,80
158,80
158,80
158,80
158,80
158,80
158,80
159,80
159,80
159,80
159,80
159,80
159,80
160,80
160,80
160,80
160,80
160,80
160,80
160,80
160,80
160,80
160,80
160,80
160,80
160,80
161,80
161,80
161,80
161,80
161,80
161,80
162,80
162,80
162,80
162,80
162,80
162,80
162,80
162,80
162,80
162,80
162,80
162,80
162,80
163,80
163,80
163,80
163,80
163,80
163,80
163,80
164,80
164,80
164,80
164,80
164,80
164,80
164,80
164,80
164,80
164,80
164,80
164,80
165,80
165,80
165,80
165,80
165,80
165,80
165,80
165,80
165,80
165,80
165,80
165,80
165,80
166,80
166,80
166,80
166,80
166,80
166,80
166,80
167,80
167,80
167,80
167,80
167,80
167,80
167,80
167,80
167,80
167,80
167,80
167,80
168,81
168,81
168,81
168,81
168,81
168,81
168,81
169,80
169,80
169,80
169,80
169,80
169,80
169,80
169,80
169,80
169,80
169,80
169,80
169,80
170,80
170,80
170,80
170,80
170,80
170,80
171,80
171,80
171,80
171,80
171,80
171,80
171,79
171,79
171,79
171,79
171,79
171,79
171,79
172,79
172,79
172,79
172,79
172,79
172,79
173,79
173,79
173,79
173,79
173,79
173,79
173,79
173,79
173,79
173,79
173,79
173,79
173,79
174,79
174,79
174,79
174,79
174,79
174,79
174,79
174,79
174,79
174,79
174,79
174,79
174,79
175,79
175,79
175,79
175,79
175,79
175,79
176,78
176,78
176,78
176,78
176,78
176,78
176,78
176,78
176,78
176,78
176,78
176,78
176,78
177,77
177,77
177,77
177,77
177,77
177,77
178,77
178,77
178,77
178,77
178,77
178,77
178,77
178,76
178,76
178,76
178,76
178,76
178,76
179,75
179,75
179,75
179,75
179,75
179,75
179,75
180,75
180,75
180,75
180,75
180,75
180,75
180,74
180,74
180,74
180,74
180,74
180,74
181,73
181,73
181,73
181,73
181,73
181,73
181,73
182,72
182,72
182,72
182,72
182,72
182,72
182,70
182,70
182,70
182,70
182,70
182,70
183,69
183,69
183,69
183,69
183,69
183,69
183,69
183,68
183,68
183,68
183,68
183,68
183,68
184,67
184,67
184,67
184,67
184,67
184,67
184,67
185,65
185,65
185,65
185,65
185,65
185,65
185,64
185,64
185,64
185,64
185,64
185,64
186,62
186,62
186,62
186,62
186,62
186,62
186,62
187,60
187,60
187,60
187,60
187,60
187,60
187,58
187,58
187,58
187,58
187,58
187,58
187,58
188,56
188,56
188,56
188,56
188,56
188,56
189,54
189,54
189,54
189,54
189,54
189,54
189,52
189,52
189,52
189,52
189,52
189,52
189,52
190,50
190,50
190,50
190,50
190,50
190,50
190,47
190,47
190,47
190,47
190,47
190,47
190,47
191,44
191,44
191,44
191,44
191,44
191,44
192,42
192,42
192,42
192,42
192,42
192,42
192,38
192,38
192,38
192,38
192,38
192,38
192,38
193,35
193,35
193,35
193,35
193,35
193,35
194,32
194,32
194,32
194,32
194,32
194,32
194,32
194,29
194,29
194,29
194,29
194,29
194,29
195,25
195,25
195,25
195,25
195,25
195,25
196,21
196,21
196,21
196,21
196,21
196,21
196,21
196,17
196,17
196,17
196,17
196,17
196,17
197,13
197,13
197,13
197,13
197,13
197,13
198,9
198,9
198,9
198,9
198,9
198,9
198,9
198,4
198,4
198,4
198,4
198,4
198,4
199,0
199,0
199,0
199,0
199,0
199,0
199,0
199,1
199,1
199,1
199,1
199,1
199,1
200,3
200,3
200,3
200,3
200,3
200,3
201,3
201,3
201,3
201,3
201,3
201,3
201,3
201,3
201,3
201,3
201,3
201,3
201,3
202,1
202,1
202,1
202,1
202,1
202,1
202,1
203,0
203,0
203,0
203,0
203,0
203,0
203,2
203,2
203,2
203,2
203,2
203,2
204,2
204,2
204,2
204,2
204,2
204,2
204,2
205,1
205,1
205,1
205,1
205,1
205,1
205,1
205,1
205,1
205,1
205,1
205,1
205,1
206,2
206,2
206,2
206,2
206,2
206,2
207,1
207,1
207,1
207,1
207,1
207,1
207,1
207,1
207,1
207,1
207,1
207,1
207,1
208,1
208,1
208,1
208,1
208,1
208,1
208,1
208,1
208,1
208,1
208,1
208,1
208,1
209,1
209,1
209,1
209,1
209,1
209,1
210,1
210,1
210,1
210,1
210,1
210,1
210,1
210,1
210,1
210,1
210,1
210,1
210,1
211,1
211,1
211,1
211,1
211,1
211,1
212,1
212,1
212,1
212,1
212,1
212,1
212,1
212,1
212,1
212,1
212,1
212,1
212,1
213,1
213,1
213,1
213,1
213,1
213,1
214,1
214,1
214,1
214,1
214,1
214,1
214,1
214,1
214,1
214,1
214,1
214,1
214,1
215,1
215,1
215,1
215,1
215,1
215,1
215,1
215,1
215,1
215,1
215,1
215,1
215,1
216,1
216,1
216,1
216,1
216,1
216,1
217,1
217,1
217,1
217,1
217,1
217,1
217,1
217,1
217,1
217,1
217,1
217,1
217,1
218,1
218,1
218,1
218,1
218,1
218,1
219,1
219,1
219,1
219,1
219,1
219,1
219,1
219,1
219,1
219,1
219,1
219,1
219,1
220,1
220,1
220,1
220,1
220,1
220,1
220,1
221,1
221,1
221,1
221,1
221,1
221,1
221,2
221,2
221,2
221,2
221,2
221,2
222,1
222,1
222,1
222,1
222,1
222,1
222,1
223,1
223,1
223,1
223,1
223,1
223,1
223,1
223,1
223,1
223,1
223,1
223,1
223,1
224,1
224,1
224,1
224,1
224,1
224,1
224,1
224,1
224,1
224,1
224,1
224,1
225,1
225,1
225,1
225,1
225,1
225,1
225,1
226,1
226,1
226,1
226,1
226,1
226,1
226,1
226,1
226,1
226,1
226,1
226,1
227,1
227,1
227,1
227,1
227,1
227,1
227,1
228,2
228,2
228,2
228,2
228,2
228,2
228,1
228,1
228,1
228,1
228,1
228,1
228,1
229,1
229,1
229,1
229,1
229,1
229,1
230,1
230,1
230,1
230,1
230,1
230,1
230,1
230,1
230,1
230,1
230,1
230,1
230,1
231,1
231,1
231,1
231,1
231,1
231,1
231,1
231,1
231,1
231,1
231,1
231,1
231,1
232,1
232,1
232,1
232,1
232,1
232,1
233,1
233,1
233,1
233,1
233,1
233,1
233,1
233,1
233,1
233,1
233,1
233,1
233,1
234,2
234,2
234,2
234,2
234,2
234,2
235,1
235,1
235,1
235,1
235,1
235,1
235,1
235,1
235,1
235,1
235,1
235,1
235,1
236,1
236,1
236,1
236,1
236,1
236,1
237,1
237,1
237,1
237,1
237,1
237,1
237,1
237,1
237,1
237,1
237,1
237,1
237,1
238,1
238,1
238,1
238,1
238,1
238,1
239,1
239,1
239,1
239,1
239,1
239,1
239,1
239,1
239,1
239,1
239,1
239,1
239,1
240,1
240,1
240,1
240,1
240,1
240,1
240,1
240,1
240,1
240,1
240,1
240,1
240,1
241,1
241,1
241,1
241,1
241,1
241,1
242,1
242,1
242,1
242,1
242,1
242,1
242,1
242,1
242,1
242,1
242,1
242,1
242,1
243,1
243,1
243,1
243,1
243,1
243,1
243,1
244,1
244,1
244,1
244,1
244,1
244,1
244,1
244,1
244,1
244,1
244,1
244,1
245,2
245,2
245,2
245,2
245,2
245,2
245,2
246,1
246,1
246,1
246,1
246,1
246,1
246,2
246,2
246,2
246,2
246,2
246,2
247,1
247,1
247,1
247,1
247,1
247,1
247,1
247,1
247,1
247,1
247,1
247,1
247,1
248,1
248,1
248,1
248,1
248,1
248,1
248,1
249,1
249,1
249,1
249,1
249,1
249,1
249,2
249,2
249,2
249,2
249,2
249,2
250,1
250,1
250,1
250,1
250,1
250,1
250,1
251,1
251,1
251,1
251,1
251,1
251,1
251,1
251,1
251,1
251,1
251,1
251,1
251,1
252,1
252,1
252,1
252,1
252,1
252,1
253,1
253,1
253,1
253,1
253,1
253,1
253,1
253,1
253,1
253,1
253,1
253,1
253,1
254,1
254,1
254,1
254,1
254,1
254,1
255,1
255,1
255,1
255,1
255,1
255,1
255,1
255,1
255,1
255,1
255,1
255,1
255,1
256,2
256,2
256,2
256,2
256,2
256,2
256,1
256,1
256,1
256,1
256,1
256,1
256,1
257,1
257,1
257,1
257,1
257,1
257,1
258,1
258,1
258,1
258,1
258,1
258,1
258,1
258,1
258,1
258,1
258,1
258,1
258,1
259,2
259,2
259,2
259,2
259,2
259,2
260,1
260,1
260,1
260,1
260,1
260,1
260,1
260,1
260,1
260,1
260,1
260,1
260,1
261,1
261,1
261,1
261,1
261,1
261,1
262,2
262,2
262,2
262,2
262,2
262,2
262,2
262,1
262,1
262,1
262,1
262,1
262,1
263,1
263,1
263,1
263,1
263,1
263,1
263,1
263,1
263,1
263,1
263,1
263,1
263,1
264,1
264,1
264,1
264,1
264,1
264,1
265,1
265,1
265,1
265,1
265,1
265,1
265,1
265,1
265,1
265,1
265,1
265,1
265,1
266,2
266,2
266,2
266,2
266,2
266,2
267,2
267,2
267,2
267,2
267,2
267,2
267,2
267,1
267,1
267,1
267,1
267,1
267,1
268,1
268,1
268,1
268,1
268,1
268,1
268,1
269,1
269,1
269,1
269,1
269,1
269,1
269,1
269,1
269,1
269,1
269,1
269,1
270,1
270,1
270,1
270,1
270,1
270,1
270,1
271,1
271,1
271,1
271,1
271,1
271,1
271,1
271,1
271,1
271,1
271,1
271,1
271,1
272,1
272,1
272,1
272,1
272,1
272,1
272,1
272,1
272,1
272,1
272,1
272,1
273,1
273,1
273,1
273,1
273,1
273,1
273,1
274,1
274,1
274,1
274,1
274,1
274,1
274,1
274,1
274,1
274,1
274,1
274,1
275,1
275,1
275,1
275,1
275,1
275,1
275,1
276,1
276,1
276,1
276,1
276,1
276,1
276,1
276,1
276,1
276,1
276,1
276,1
276,1
277,1
277,1
277,1
277,1
277,1
277,1
278,2
278,2
278,2
278,2
278,2
278,2
278,1
278,1
278,1
278,1
278,1
278,1
278,1
279,1
279,1
279,1
279,1
279,1
279,1
280,1
280,1
280,1
280,1
280,1
280,1
280,1
280,2
280,2
280,2
280,2
280,2
280,2
281,2
281,2
281,2
281,2
281,2
281,2
281,2
281,2
281,2
281,2
281,2
281,2
281,2
282,1
282,1
282,1
282,1
282,1
282,1
283,2
283,2
283,2
283,2
283,2
283,2
283,2
283,2
283,2
283,2
283,2
283,2
283,2
284,2
284,2
284,2
284,2
284,2
284,2
285,1
285,1
285,1
285,1
285,1
285,1
285,1
285,1
285,1
285,1
285,1
285,1
285,1
286,1
286,1
286,1
286,1
286,1
286,1
287,2
287,2
287,2
287,2
287,2
287,2
287,2
287,1
287,1
287,1
287,1
287,1
287,1
288,1
288,1
288,1
288,1
288,1
288,1
288,1
288,1
288,1
288,1
288,1
288,1
288,1
289,1
289,1
289,1
289,1
289,1
289,1
290,1
290,1
290,1
290,1
290,1
290,1
290,1
290,1
290,1
290,1
290,1
290,1
290,1
291,2
291,2
291,2
291,2
291,2
291,2
291,2
292,2
292,2
292,2
292,2
292,2
292,2
292,1
292,1
292,1
292,1
292,1
292,1
293,1
293,1
293,1
293,1
293,1
293,1
293,1
294,1
294,1
294,1
294,1
294,1
294,1
294,1
294,1
294,1
294,1
294,1
294,1
295,2
295,2
295,2
295,2
295,2
295,2
295,2
296,2
296,2
296,2
296,2
296,2
296,2
296,2
296,2
296,2
296,2
296,2
296,2
296,2
297,1
297,1
297,1
297,1
297,1
297,1
297,1
297,1
297,1
297,1
297,1
297,1
298,2
298,2
298,2
298,2
298,2
298,2
298,2
299,1
299,1
299,1
299,1
299,1
299,1
299,2
299,2
299,2
299,2
299,2
299,2
299,2
300,1
300,1
300,1
300,1
300,1
300,1
301,2
301,2
301,2
301,2
301,2
301,2
301,1
301,1
301,1
301,1
301,1
301,1
301,1
302,1
302,1
302,1
302,1
302,1
302,1
303,1
303,1
303,1
303,1
303,1
303,1
303,1
303,2
303,2
303,2
303,2
303,2
303,2
304,2
304,2
304,2
304,2
304,2
304,2
304,2
304,2
304,2
304,2
304,2
304,2
304,2
305,1
305,1
305,1
305,1
305,1
305,1
306,2
306,2
306,2
306,2
306,2
306,2
306,2
306,2
306,2
306,2
306,2
306,2
306,2
307,1
307,1
307,1
307,1
307,1
307,1
308,1
308,1
308,1
308,1
308,1
308,1
308,1
308,1
308,1
308,1
308,1
308,1
308,1
309,2
309,2
309,2
309,2
309,2
309,2
310,2
310,2
310,2
310,2
310,2
310,2
310,2
310,2
310,2
310,2
310,2
310,2
310,2
311,1
311,1
311,1
311,1
311,1
311,1
311,1
312,2
312,2
312,2
312,2
312,2
312,2
312,2
312,2
312,2
312,2
312,2
312,2
313,1
313,1
313,1
313,1
313,1
313,1
313,1
313,2
313,2
313,2
313,2
313,2
313,2
314,2
314,2
314,2
314,2
314,2
314,2
314,2
315,1
315,1
315,1
315,1
315,1
315,1
315,2
315,2
315,2
315,2
315,2
315,2
316,1
316,1
316,1
316,1
316,1
316,1
316,1
317,2
317,2
317,2
317,2
317,2
317,2
317,1
317,1
317,1
317,1
317,1
317,1
317,1
318,1
318,1
318,1
318,1
318,1
318,1
319,1
319,1
319,1
319,1
319,1
319,1
319,2
319,2
319,2
319,2
319,2
319,2
319,2
320,2
320,2
320,2
320,2
320,2
320,2
320,2
320,2
320,2
320,2
320,2
320,2
320,2
321,1
321,1
321,1
321,1
321,1
321,1
322,2
322,2
322,2
322,2
322,2
322,2
322,2
322,2
322,2
322,2
322,2
322,2
322,2
323,1
323,1
323,1
323,1
323,1
323,1
324,2
324,2
324,2
324,2
324,2
324,2
324,2
324,2
324,2
324,2
324,2
324,2
324,2
325,2
325,2
325,2
325,2
325,2
325,2
326,1
326,1
326,1
326,1
326,1
326,1
326,1
326,2
326,2
326,2
326,2
326,2
326,2
327,1
327,1
327,1
327,1
327,1
327,1
328,2
328,2
328,2
328,2
328,2
328,2
328,2
328,2
328,2
328,2
328,2
328,2
328,2
329,1
329,1
329,1
329,1
329,1
329,1
329,1
329,1
329,1
329,1
329,1
329,1
329,1
330,2
330,2
330,2
330,2
330,2
330,2
331,1
331,1
331,1
331,1
331,1
331,1
331,1
331,1
331,1
331,1
331,1
331,1
331,1
332,2
332,2
332,2
332,2
332,2
332,2
332,2
333,1
333,1
333,1
333,1
333,1
333,1
333,1
333,1
333,1
333,1
333,1
333,1
334,1
334,1
334,1
334,1
334,1
334,1
334,1
335,2
335,2
335,2
335,2
335,2
335,2
335,1
335,1
335,1
335,1
335,1
335,1
336,2
336,2
336,2
336,2
336,2
336,2
336,2
336,1
336,1
336,1
336,1
336,1
336,1
337,1
337,1
337,1
337,1
337,1
337,1
337,1
338,2
338,2
338,2
338,2
338,2
338,2
338,1
338,1
338,1
338,1
338,1
338,1
339,2
339,2
339,2
339,2
339,2
339,2
339,2
340,1
340,1
340,1
340,1
340,1
340,1
340,1
340,1
340,1
340,1
340,1
340,1
340,1
341,2
341,2
341,2
341,2
341,2
341,2
342,2
342,2
342,2
342,2
342,2
342,2
342,1
342,1
342,1
342,1
342,1
342,1
342,1
343,2
343,2
343,2
343,2
343,2
343,2
344,2
344,2
344,2
344,2
344,2
344,2
344,2
344,1
344,1
344,1
344,1
344,1
344,1
345,2
345,2
345,2
345,2
345,2
345,2
345,2
345,2
345,2
345,2
345,2
345,2
345,2
346,2
346,2
346,2
346,2
346,2
346,2
347,2
347,2
347,2
347,2
347,2
347,2
347,1
347,1
347,1
347,1
347,1
347,1
347,1
348,2
348,2
348,2
348,2
348,2
348,2
349,2
349,2
349,2
349,2
349,2
349,2
349,2
349,2
349,2
349,2
349,2
349,2
349,2
350,2
350,2
350,2
350,2
350,2
350,2
351,2
351,2
351,2
351,2
351,2
351,2
351,2
351,2
351,2
351,2
351,2
351,2
351,2
352,1
352,1
352,1
352,1
352,1
352,1
352,1
353,2
353,2
353,2
353,2
353,2
353,2
353,2
353,2
353,2
353,2
353,2
353,2
354,2
354,2
354,2
354,2
354,2
354,2
354,2
354,2
354,2
354,2
354,2
354,2
354,2
355,2
355,2
355,2
355,2
355,2
355,2
355,2
356,2
356,2
356,2
356,2
356,2
356,2
356,2
356,2
356,2
356,2
356,2
356,2
357,2
357,2
357,2
357,2
357,2
357,2
357,2
358,2
358,2
358,2
358,2
358,2
358,2
358,2
358,2
358,2
358,2
358,2
358,2
358,2
359,2
359,2
359,2
359,2
359,2
359,2
360,2
360,2
360,2
360,2
360,2
360,2
360,2
360,2
360,2
360,2
360,2
360,2
360,2
361,2
361,2
361,2
361,2
361,2
361,2
361,1
361,1
361,1
361,1
361,1
361,1
361,1
362,2
362,2
362,2
362,2
362,2
362,2
363,2
363,2
363,2
363,2
363,2
363,2
363,2
363,2
363,2
363,2
363,2
363,2
363,2
364,2
364,2
364,2
364,2
364,2
364,2
365,2
365,2
365,2
365,2
365,2
365,2
365,2
365,2
365,2
365,2
365,2
365,2
365,2
366,2
366,2
366,2
366,2
366,2
366,2
367,2
367,2
367,2
367,2
367,2
367,2
367,2
367,2
367,2
367,2
367,2
367,2
367,2
368,1
368,1
368,1
368,1
368,1
368,1
369,2
369,2
369,2
369,2
369,2
369,2
369,2
369,2
369,2
369,2
369,2
369,2
369,2
370,2
370,2
370,2
370,2
370,2
370,2
370,2
370,2
370,2
370,2
370,2
370,2
370,2
371,2
371,2
371,2
371,2
371,2
371,2
372,2
372,2
372,2
372,2
372,2
372,2
372,2
372,2
372,2
372,2
372,2
372,2
372,2
373,2
373,2
373,2
373,2
373,2
373,2
373,2
374,1
374,1
374,1
374,1
374,1
374,1
374,2
374,2
374,2
374,2
374,2
374,2
375,2
375,2
375,2
375,2
375,2
375,2
375,2
376,2
376,2
376,2
376,2
376,2
376,2
376,2
376,2
376,2
376,2
376,2
376,2
376,2
377,2
377,2
377,2
377,2
377,2
377,2
377,2
377,2
377,2
377,2
377,2
377,2
378,2
378,2
378,2
378,2
378,2
378,2
378,2
379,2
379,2
379,2
379,2
379,2
379,2
379,2
379,2
379,2
379,2
379,2
379,2
380,2
380,2
380,2
380,2
380,2
380,2
380,2
381,2
381,2
381,2
381,2
381,2
381,2
381,1
381,1
381,1
381,1
381,1
381,1
381,1
382,2
382,2
382,2
382,2
382,2
382,2
383,1
383,1
383,1
383,1
383,1
383,1
383,2
383,2
383,2
383,2
383,2
383,2
383,2
384,2
384,2
384,2
384,2
384,2
384,2
385,2
385,2
385,2
385,2
385,2
385,2
385,2
385,2
385,2
385,2
385,2
385,2
385,2
386,2
386,2
386,2
386,2
386,2
386,2
386,2
386,2
386,2
386,2
386,2
386,2
386,2
387,2
387,2
387,2
387,2
387,2
387,2
388,2
388,2
388,2
388,2
388,2
388,2
388,2
388,2
388,2
388,2
388,2
388,2
388,2
389,2
389,2
389,2
389,2
389,2
389,2
390,2
390,2
390,2
390,2
390,2
390,2
390,2
390,2
390,2
390,2
390,2
390,2
390,2
391,2
391,2
391,2
391,2
391,2
391,2
391,2
392,2
392,2
392,2
392,2
392,2
392,2
392,2
392,2
392,2
392,2
392,2
392,2
393,1
393,1
393,1
393,1
393,1
393,1
393,1
394,2
394,2
394,2
394,2
394,2
394,2
394,2
394,2
394,2
394,2
394,2
394,2
395,2
395,2
395,2
395,2
395,2
395,2
395,2
395,2
395,2
395,2
395,2
395,2
395,2
396,2
396,2
396,2
396,2
396,2
396,2
396,2
397,2
397,2
397,2
397,2
397,2
397,2
397,2
397,2
397,2
397,2
397,2
397,2
398,2
398,2
398,2
398,2
398,2
398,2
398,2
399,2
399,2
399,2
399,2
399,2
399,2
399,2
399,2
399,2
399,2
399,2
399,2
399,2
400,1
400,1
400,1
400,1
400,1
400,1
401,2
401,2
401,2
401,2
401,2
401,2
401,2
401,2
401,2
401,2
401,2
401,2
401,2
402,2
402,2
402,2
402,2
402,2
402,2
402,2
402,2
402,2
402,2
402,2
402,2
403,2
403,2
403,2
403,2
403,2
403,2
403,2
404,2
404,2
404,2
404,2
404,2
404,2
404,2
404,2
404,2
404,2
404,2
404,2
404,2
405,2
405,2
405,2
405,2
405,2
405,2
406,2
406,2
406,2
406,2
406,2
406,2
406,2
406,2
406,2
406,2
406,2
406,2
406,2
407,2
407,2
407,2
407,2
407,2
407,2
408,2
408,2
408,2
408,2
408,2
408,2
408,2
408,2
408,2
408,2
408,2
408,2
408,2
409,2
409,2
409,2
409,2
409,2
409,2
410,2
410,2
410,2
410,2
410,2
410,2
410,2
410,2
410,2
410,2
410,2
410,2
410,2
411,2
411,2
411,2
411,2
411,2
411,2
411,2
411,2
411,2
411,2
411,2
411,2
411,2
412,2
412,2
412,2
412,2
412,2
412,2
413,2
413,2
413,2
413,2
413,2
413,2
413,2
413,2
413,2
413,2
413,2
413,2
413,2
414,2
414,2
414,2
414,2
414,2
414,2
414,2
415,2
415,2
415,2
415,2
415,2
415,2
415,2
415,2
415,2
415,2
415,2
415,2
416,2
416,2
416,2
416,2
416,2
416,2
416,2
417,2
417,2
417,2
417,2
417,2
417,2
417,2
417,2
417,2
417,2
417,2
417,2
418,2
418,2
418,2
418,2
418,2
418,2
418,2
418,2
418,2
418,2
418,2
418,2
418,2
419,2
419,2
419,2
419,2
419,2
419,2
419,2
420,2
420,2
420,2
420,2
420,2
420,2
420,2
420,2
420,2
420,2
420,2
420,2
421,2
421,2
421,2
421,2
421,2
421,2
421,2
422,2
422,2
422,2
422,2
422,2
422,2
422,2
422,2
422,2
422,2
422,2
422,2
422,2
423,2
423,2
423,2
423,2
423,2
423,2
424,2
424,2
424,2
424,2
424,2
424,2
424,2
424,2
424,2
424,2
424,2
424,2
424,2
425,2
425,2
425,2
425,2
425,2
425,2
426,2
426,2
426,2
426,2
426,2
426,2
426,2
426,2
426,2
426,2
426,2
426,2
426,2
427,2
427,2
427,2
427,2
427,2
427,2
427,2
427,2
427,2
427,2
427,2
427,2
427,2
428,2
428,2
428,2
428,2
428,2
428,2
429,2
429,2
429,2
429,2
429,2
429,2
429,2
429,2
429,2
429,2
429,2
429,2
429,2
430,2
430,2
430,2
430,2
430,2
430,2
431,2
431,2
431,2
431,2
431,2
431,2
431,2
431,2
431,2
431,2
431,2
431,2
431,2
432,2
432,2
432,2
432,2
432,2
432,2
433,2
433,2
433,2
433,2
433,2
433,2
433,2
433,2
433,2
433,2
433,2
433,2
433,2
434,2
434,2
434,2
434,2
434,2
434,2
434,2
434,2
434,2
434,2
434,2
434,2
434,2
435,2
435,2
435,2
435,2
435,2
435,2
436,2
436,2
436,2
436,2
436,2
436,2
436,2
436,2
436,2
436,2
436,2
436,2
436,2
437,2
437,2
437,2
437,2
437,2
437,2
438,2
438,2
438,2
438,2
438,2
438,2
438,2
438,2
438,2
438,2
438,2
438,2
438,2
439,2
439,2
439,2
439,2
439,2
439,2
440,2
440,2
440,2
440,2
440,2
440,2
440,2
440,2
440,2
440,2
440,2
440,2
440,2
441,2
441,2
441,2
441,2
441,2
441,2
441,2
442,2
442,2
442,2
442,2
442,2
442,2
442,2
442,2
442,2
442,2
442,2
442,2
443,2
443,2
443,2
443,2
443,2
443,2
443,2
443,2
443,2
443,2
443,2
443,2
443,2
444,2
444,2
444,2
444,2
444,2
444,2
444,2
445,2
445,2
445,2
445,2
445,2
445,2
445,2
445,2
445,2
445,2
445,2
445,2
446,2
446,2
446,2
446,2
446,2
446,2
446,2
447,2
447,2
447,2
447,2
447,2
447,2
447,2
447,2
447,2
447,2
447,2
447,2
448,2
448,2
448,2
448,2
448,2
448,2
448,2
449,2
449,2
449,2
449,2
449,2
449,2
449,2
449,2
449,2
449,2
449,2
449,2
449,2
450,2
450,2
450,2
450,2
450,2
450,2
450,2
450,2
450,2
450,2
450,2
450,2
451,2
451,2
451,2
451,2
451,2
451,2
451,2
452,2
452,2
452,2
452,2
452,2
452,2
452,2
452,2
452,2
452,2
452,2
452,2
452,2
453,2
453,2
453,2
453,2
453,2
453,2
454,2
454,2
454,2
454,2
454,2
454,2
454,2
454,2
454,2
454,2
454,2
454,2
454,2
455,2
455,2
455,2
455,2
455,2
455,2
456,2
456,2
456,2
456,2
456,2
456,2
456,2
456,2
456,2
456,2
456,2
456,2
456,2
457,2
457,2
457,2
457,2
457,2
457,2
458,2
458,2
458,2
458,2
458,2
458,2
458,2
458,2
458,2
458,2
458,2
458,2
458,2
459,2
459,2
459,2
459,2
459,2
459,2
459,2
459,2
459,2
459,2
459,2
459,2
459,2
460,2
460,2
460,2
460,2
460,2
460,2
461,2
461,2
461,2
461,2
461,2
461,2
461,2
461,3
461,3
461,3
461,3
461,3
461,3
462,2
462,2
462,2
462,2
462,2
462,2
463,2
463,2
463,2
463,2
463,2
463,2
463,2
463,2
463,2
463,2
463,2
463,2
463,2
464,2
464,2
464,2
464,2
464,2
464,2
464,2
465,2
465,2
465,2
465,2
465,2
465,2
465,2
465,2
465,2
465,2
465,2
465,2
466,2
466,2
466,2
466,2
466,2
466,2
466,2
466,2
466,2
466,2
466,2
466,2
466,2
467,2
467,2
467,2
467,2
467,2
467,2
467,2
468,2
468,2
468,2
468,2
468,2
468,2
468,3
468,3
468,3
468,3
468,3
468,3
469,2
469,2
469,2
469,2
469,2
469,2
469,2
470,2
470,2
470,2
470,2
470,2
470,2
470,2
470,2
470,2
470,2
470,2
470,2
471,2
471,2
471,2
471,2
471,2
471,2
471,2
472,2
472,2
472,2
472,2
472,2
472,2
472,2
472,2
472,2
472,2
472,2
472,2
472,2
473,2
473,2
473,2
473,2
473,2
473,2
474,2
474,2
474,2
474,2
474,2
474,2
474,2
474,2
474,2
474,2
474,2
474,2
474,2
475,2
475,2
475,2
475,2
475,2
475,2
475,2
475,2
475,2
475,2
475,2
475,2
475,2
476,2
476,2
476,2
476,2
476,2
476,2
477,2
477,2
477,2
477,2
477,2
477,2
477,2
477,2
477,2
477,2
477,2
477,2
477,2
478,2
478,2
478,2
478,2
478,2
478,2
479,2
479,2
479,2
479,2
479,2
479,2
479,2
479,2
479,2
479,2
479,2
479,2
479,2
480,2
480,2
480,2
480,2
480,2
480,2
481,2
481,2
481,2
481,2
481,2
481,2
481,2
481,2
481,2
481,2
481,2
481,2
481,2
482,2
482,2
482,2
482,2
482,2
482,2
482,3
482,3
482,3
482,3
482,3
482,3
482,3
483,3
483,3
483,3
483,3
483,3
483,3
484,2
484,2
484,2
484,2
484,2
484,2
484,2
484,2
484,2
484,2
484,2
484,2
484,2
485,2
485,2
485,2
485,2
485,2
485,2
486,2
486,2
486,2
486,2
486,2
486,2
486,2
486,2
486,2
486,2
486,2
486,2
486,2
487,2
487,2
487,2
487,2
487,2
487,2
488,2
488,2
488,2
488,2
488,2
488,2
488,2
488,2
488,2
488,2
488,2
488,2
488,2
489,2
489,2
489,2
489,2
489,2
489,2
489,2
490,2
490,2
490,2
490,2
490,2
490,2
490,2
490,2
490,2
490,2
490,2
490,2
491,2
491,2
491,2
491,2
491,2
491,2
491,2
491,2
491,2
491,2
491,2
491,2
491,2
492,2
492,2
492,2
492,2
492,2
492,2
492,2
493,2
493,2
493,2
493,2
493,2
493,2
493,2
493,2
493,2
493,2
493,2
493,2
494,2
494,2
494,2
494,2
494,2
494,2
494,2
495,2
495,2
495,2
495,2
495,2
495,2
495,2
495,2
495,2
495,2
495,2
495,2
496,2
496,2
496,2
496,2
496,2
496,2
496,2
497,2
497,2
497,2
497,2
497,2
497,2
497,3
497,3
497,3
497,3
497,3
497,3
498,2
498,2
498,2
498,2
498,2
498,2
498,2
498,2
498,2
498,2
498,2
498,2
498,2
499,2
499,2
499,2
499,2
499,2
499,2
499,2
500,2
500,2
500,2
500,2
500,2
500,2
500,3
500,3
500,3
500,3
500,3
500,3
501,2
501,2
501,2
501,2
501,2
501,2
501,2
502,2
502,2
502,2
502,2
502,2
502,2
502,2
502,2
502,2
502,2
502,2
502,2
502,2
503,2
503,2
503,2
503,2
503,2
503,2
504,2
504,2
504,2
504,2
504,2
504,2
504,3
504,3
504,3
504,3
504,3
504,3
504,3
505,2
505,2
505,2
505,2
505,2
505,2
506,2
506,2
506,2
506,2
506,2
506,2
506,2
506,2
506,2
506,2
506,2
506,2
506,2
507,2
507,2
507,2
507,2
507,2
507,2
507,3
507,3
507,3
507,3
507,3
507,3
507,3
508,2
508,2
508,2
508,2
508,2
508,2
509,2
509,2
509,2
509,2
509,2
509,2
509,2
509,2
509,2
509,2
509,2
509,2
509,2
510,2
510,2
510,2
510,2
510,2
510,2
511,2
511,2
511,2
511,2
511,2
511,2
511,2
511,2
511,2
511,2
511,2
511,2
511,2
512,2
512,2
512,2
512,2
512,2
512,2
513,2
513,2
513,2
513,2
513,2
513,2
513,2
513,2
513,2
513,2
513,2
513,2
513,2
514,2
514,2
514,2
514,2
514,2
514,2
515,2
515,2
515,2
515,2
515,2
515,2
515,2
515,2
515,2
515,2
515,2
515,2
515,2
516,3
516,3
516,3
516,3
516,3
516,3
516,3
516,2
516,2
516,2
516,2
516,2
516,2
517,2
517,2
517,2
517,2
517,2
517,2
518,2
518,2
518,2
518,2
518,2
518,2
518,2
518,2
518,2
518,2
518,2
518,2
518,2
519,2
519,2
519,2
519,2
519,2
519,2
520,2
520,2
520,2
520,2
520,2
520,2
520,2
520,2
520,2
520,2
520,2
520,2
520,2
521,2
521,2
521,2
521,2
521,2
521,2
521,2
522,2
522,2
522,2
522,2
522,2
522,2
522,2
522,2
522,2
522,2
522,2
522,2
523,2
523,2
523,2
523,2
523,2
523,2
523,2
523,2
523,2
523,2
523,2
523,2
523,2
524,2
524,2
524,2
524,2
524,2
524,2
524,2
525,2
525,2
525,2
525,2
525,2
525,2
525,2
525,2
525,2
525,2
525,2
525,2
526,2
526,2
526,2
526,2
526,2
526,2
526,2
527,2
527,2
527,2
527,2
527,2
527,2
527,2
527,2
527,2
527,2
527,2
527,2
527,2
528,2
528,2
528,2
528,2
528,2
528,2
529,2
529,2
529,2
529,2
529,2
529,2
529,2
529,2
529,2
529,2
529,2
529,2
529,2
530,3
530,3
530,3
530,3
530,3
530,3
531,2
531,2
531,2
531,2
531,2
531,2
531,3
531,3
531,3
531,3
531,3
531,3
531,3
532,2
532,2
532,2
532,2
532,2
532,2
532,2
532,2
532,2
532,2
532,2
532,2
532,2
533,2
533,2
533,2
533,2
533,2
533,2
534,3
534,3
534,3
534,3
534,3
534,3
534,3
534,3
534,3
534,3
534,3
534,3
534,3
535,3
535,3
535,3
535,3
535,3
535,3
536,2
536,2
536,2
536,2
536,2
536,2
536,2
536,3
536,3
536,3
536,3
536,3
536,3
537,3
537,3
537,3
537,3
537,3
537,3
538,3
538,3
538,3
538,3
538,3
538,3
538,3
538,3
538,3
538,3
538,3
538,3
538,3
539,2
539,2
539,2
539,2
539,2
539,2
539,2
539,2
539,2
539,2
539,2
539,2
539,2
540,2
540,2
540,2
540,2
540,2
540,2
541,2
541,2
541,2
541,2
541,2
541,2
541,2
541,3
541,3
541,3
541,3
541,3
541,3
542,2
542,2
542,2
542,2
542,2
542,2
543,2
543,2
543,2
543,2
543,2
543,2
543,2
543,2
543,2
543,2
543,2
543,2
543,2
544,2
544,2
544,2
544,2
544,2
544,2
544,2
545,3
545,3
545,3
545,3
545,3
545,3
545,2
545,2
545,2
545,2
545,2
545,2
546,3
546,3
546,3
546,3
546,3
546,3
546,3
547,3
547,3
547,3
547,3
547,3
547,3
547,2
547,2
547,2
547,2
547,2
547,2
548,2
548,2
548,2
548,2
548,2
548,2
548,2
548,2
548,2
548,2
548,2
548,2
548,2
549,3
549,3
549,3
549,3
549,3
549,3
549,3
550,3
550,3
550,3
550,3
550,3
550,3
550,2
550,2
550,2
550,2
550,2
550,2
550,2
551,2
551,2
551,2
551,2
551,2
551,2
552,3
552,3
552,3
552,3
552,3
552,3
552,3
552,3
552,3
552,3
552,3
552,3
552,3
553,3
553,3
553,3
553,3
553,3
553,3
554,2
554,2
554,2
554,2
554,2
554,2
554,2
554,2
554,2
554,2
554,2
554,2
554,2
555,3
555,3
555,3
555,3
555,3
555,3
555,2
555,2
555,2
555,2
555,2
555,2
555,2
556,2
556,2
556,2
556,2
556,2
556,2
557,2
557,2
557,2
557,2
557,2
557,2
557,3
557,3
557,3
557,3
557,3
557,3
557,3
558,2
558,2
558,2
558,2
558,2
558,2
559,3
559,3
559,3
559,3
559,3
559,3
559,2
559,2
559,2
559,2
559,2
559,2
559,2
560,2
560,2
560,2
560,2
560,2
560,2
561,3
561,3
561,3
561,3
561,3
561,3
561,3
561,2
561,2
561,2
561,2
561,2
561,2
562,2
562,2
562,2
562,2
562,2
562,2
563,3
563,3
563,3
563,3
563,3
563,3
563,3
563,3
563,3
563,3
563,3
563,3
563,3
564,2
564,2
564,2
564,2
564,2
564,2
564,2
564,3
564,3
564,3
564,3
564,3
564,3
565,2
565,2
565,2
565,2
565,2
565,2
566,3
566,3
566,3
566,3
566,3
566,3
566,3
566,3
566,3
566,3
566,3
566,3
566,3
567,3
567,3
567,3
567,3
567,3
567,3
567,3
568,3
568,3
568,3
568,3
568,3
568,3
568,2
568,2
568,2
568,2
568,2
568,2
569,3
569,3
569,3
569,3
569,3
569,3
569,3
570,3
570,3
570,3
570,3
570,3
570,3
570,2
570,2
570,2
570,2
570,2
570,2
571,3
571,3
571,3
571,3
571,3
571,3
571,3
571,3
571,3
571,3
571,3
571,3
571,3
572,2
572,2
572,2
572,2
572,2
572,2
572,2
573,2
573,2
573,2
573,2
573,2
573,2
573,3
573,3
573,3
573,3
573,3
573,3
574,3
574,3
574,3
574,3
574,3
574,3
574,3
575,2
575,2
575,2
575,2
575,2
575,2
575,2
575,2
575,2
575,2
575,2
575,2
576,3
576,3
576,3
576,3
576,3
576,3
576,3
577,3
577,3
577,3
577,3
577,3
577,3
577,3
577,3
577,3
577,3
577,3
577,3
577,3
578,3
578,3
578,3
578,3
578,3
578,3
579,3
579,3
579,3
579,3
579,3
579,3
579,3
579,3
579,3
579,3
579,3
579,3
579,3
580,2
580,2
580,2
580,2
580,2
580,2
580,3
580,3
580,3
580,3
580,3
580,3
580,3
581,3
581,3
581,3
581,3
581,3
581,3
582,3
582,3
582,3
582,3
582,3
582,3
582,2
582,2
582,2
582,2
582,2
582,2
582,2
583,3
583,3
583,3
583,3
583,3
583,3
584,3
584,3
584,3
584,3
584,3
584,3
584,2
584,2
584,2
584,2
584,2
584,2
584,2
585,3
585,3
585,3
585,3
585,3
585,3
586,2
586,2
586,2
586,2
586,2
586,2
586,2
586,2
586,2
586,2
586,2
586,2
586,2
587,3
587,3
587,3
587,3
587,3
587,3
587,3
587,3
587,3
587,3
587,3
587,3
587,3
588,2
588,2
588,2
588,2
588,2
588,2
589,3
589,3
589,3
589,3
589,3
589,3
589,3
589,3
589,3
589,3
589,3
589,3
589,3
590,3
590,3
590,3
590,3
590,3
590,3
591,3
591,3
591,3
591,3
591,3
591,3
591,3
591,3
591,3
591,3
591,3
591,3
591,3
592,3
592,3
592,3
592,3
592,3
592,3
593,3
593,3
593,3
593,3
593,3
593,3
593,3
593,3
593,3
593,3
593,3
593,3
593,3
594,3
594,3
594,3
594,3
594,3
594,3
594,3
595,2
595,2
595,2
595,2
595,2
595,2
595,2
595,2
595,2
595,2
595,2
595,2
596,3
596,3
596,3
596,3
596,3
596,3
596,3
596,2
596,2
596,2
596,2
596,2
596,2
597,3
597,3
597,3
597,3
597,3
597,3
597,3
598,2
598,2
598,2
598,2
598,2
598,2
598,3
598,3
598,3
598,3
598,3
598,3
599,3
599,3
599,3
599,3
599,3
599,3
599,3
600,2
600,2
600,2
600,2
600,2
600,2
600,3
600,3
600,3
600,3
600,3
600,3
601,3
601,3
601,3
601,3
601,3
601,3
601,3
602,3
602,3
602,3
602,3
602,3
602,3
602,2
602,2
602,2
602,2
602,2
602,2
602,2
603,3
603,3
603,3
603,3
603,3
603,3
603,3
603,3
603,3
603,3
603,3
603,3
604,2
604,2
604,2
604,2
604,2
604,2
604,2
605,3
605,3
605,3
605,3
605,3
605,3
605,3
605,3
605,3
605,3
605,3
605,3
605,3
606,3
606,3
606,3
606,3
606,3
606,3
607,3
607,3
607,3
607,3
607,3
607,3
607,3
607,3
607,3
607,3
607,3
607,3
607,3
608,3
608,3
608,3
608,3
608,3
608,3
609,3
609,3
609,3
609,3
609,3
609,3
609,3
609,3
609,3
609,3
609,3
609,3
609,3
610,3
610,3
610,3
610,3
610,3
610,3
611,3
611,3
611,3
611,3
611,3
611,3
611,3
611,2
611,2
611,2
611,2
611,2
611,2
612,3
612,3
612,3
612,3
612,3
612,3
612,3
612,3
612,3
612,3
612,3
612,3
612,3
613,3
613,3
613,3
613,3
613,3
613,3
614,3
614,3
614,3
614,3
614,3
614,3
614,3
614,3
614,3
614,3
614,3
614,3
614,3
615,3
615,3
615,3
615,3
615,3
615,3
616,3
616,3
616,3
616,3
616,3
616,3
616,3
616,3
616,3
616,3
616,3
616,3
616,3
617,3
617,3
617,3
617,3
617,3
617,3
617,3
618,3
618,3
618,3
618,3
618,3
618,3
618,3
618,3
618,3
618,3
618,3
618,3
619,3
619,3
619,3
619,3
619,3
619,3
619,3
619,3
619,3
619,3
619,3
619,3
619,3
620,3
620,3
620,3
620,3
620,3
620,3
621,3
621,3
621,3
621,3
621,3
621,3
621,3
621,3
621,3
621,3
621,3
621,3
621,3
622,3
622,3
622,3
622,3
622,3
622,3
622,3
623,3
623,3
623,3
623,3
623,3
623,3
623,2
623,2
623,2
623,2
623,2
623,2
624,3
624,3
624,3
624,3
624,3
624,3
624,3
625,3
625,3
625,3
625,3
625,3
625,3
625,3
625,3
625,3
625,3
625,3
625,3
625,3
626,3
626,3
626,3
626,3
626,3
626,3
627,3
627,3
627,3
627,3
627,3
627,3
627,3
627,3
627,3
627,3
627,3
627,3
627,3
628,3
628,3
628,3
628,3
628,3
628,3
628,3
628,3
628,3
628,3
628,3
628,3
628,3
629,3
629,3
629,3
629,3
629,3
629,3
630,3
630,3
630,3
630,3
630,3
630,3
630,3
630,3
630,3
630,3
630,3
630,3
630,3
631,3
631,3
631,3
631,3
631,3
631,3
632,3
632,3
632,3
632,3
632,3
632,3
632,3
632,3
632,3
632,3
632,3
632,3
632,3
633,3
633,3
633,3
633,3
633,3
633,3
634,3
634,3
634,3
634,3
634,3
634,3
634,3
634,3
634,3
634,3
634,3
634,3
634,3
635,3
635,3
635,3
635,3
635,3
635,3
635,3
635,3
635,3
635,3
635,3
635,3
635,3
636,3
636,3
636,3
636,3
636,3
636,3
637,3
637,3
637,3
637,3
637,3
637,3
637,3
637,3
637,3
637,3
637,3
637,3
637,3
638,3
638,3
638,3
638,3
638,3
638,3
639,3
639,3
639,3
639,3
639,3
639,3
639,3
639,3
639,3
639,3
639,3
639,3
639,3
640,3
640,3
640,3
640,3
640,3
640,3
640,3
641,3
641,3
641,3
641,3
641,3
641,3
641,3
641,3
641,3
641,3
641,3
641,3
642,3
642,3
642,3
642,3
642,3
642,3
642,3
643,3
643,3
643,3
643,3
643,3
643,3
643,3
643,3
643,3
643,3
643,3
643,3
643,3
644,2
644,2
644,2
644,2
644,2
644,2
644,3
644,3
644,3
644,3
644,3
644,3
645,3
645,3
645,3
645,3
645,3
645,3
645,3
646,3
646,3
646,3
646,3
646,3
646,3
646,3
646,3
646,3
646,3
646,3
646,3
647,2
647,2
647,2
647,2
647,2
647,2
647,2
648,3
648,3
648,3
648,3
648,3
648,3
648,3
648,3
648,3
648,3
648,3
648,3
648,3
649,3
649,3
649,3
649,3
649,3
649,3
650,3
650,3
650,3
650,3
650,3
650,3
650,3
650,3
650,3
650,3
650,3
650,3
650,3
651,3
651,3
651,3
651,3
651,3
651,3
652,3
652,3
652,3
652,3
652,3
652,3
652,3
652,3
652,3
652,3
652,3
652,3
652,3
653,3
653,3
653,3
653,3
653,3
653,3
653,3
653,3
653,3
653,3
653,3
653,3
653,3
654,3
654,3
654,3
654,3
654,3
654,3
655,3
655,3
655,3
655,3
655,3
655,3
655,3
655,3
655,3
655,3
655,3
655,3
655,3
656,3
656,3
656,3
656,3
656,3
656,3
657,3
657,3
657,3
657,3
657,3
657,3
657,3
657,3
657,3
657,3
657,3
657,3
657,3
658,3
658,3
658,3
658,3
658,3
658,3
659,3
659,3
659,3
659,3
659,3
659,3
659,3
659,3
659,3
659,3
659,3
659,3
659,3
660,3
660,3
660,3
660,3
660,3
660,3
660,3
660,3
660,3
660,3
660,3
660,3
660,3
661,3
661,3
661,3
661,3
661,3
661,3
662,3
662,3
662,3
662,3
662,3
662,3
662,3
662,3
662,3
662,3
662,3
662,3
662,3
663,3
663,3
663,3
663,3
663,3
663,3
663,3
664,3
664,3
664,3
664,3
664,3
664,3
664,3
664,3
664,3
664,3
664,3
664,3
665,3
665,3
665,3
665,3
665,3
665,3
665,3
666,3
666,3
666,3
666,3
666,3
666,3
666,3
666,3
666,3
666,3
666,3
666,3
667,3
667,3
667,3
667,3
667,3
667,3
667,3
668,3
668,3
668,3
668,3
668,3
668,3
668,3
668,3
668,3
668,3
668,3
668,3
668,3
669,3
669,3
669,3
669,3
669,3
669,3
669,3
669,3
669,3
669,3
669,3
669,3
670,3
670,3
670,3
670,3
670,3
670,3
670,3
671,3
671,3
671,3
671,3
671,3
671,3
671,3
671,3
671,3
671,3
671,3
671,3
671,3
672,3
672,3
672,3
672,3
672,3
672,3
673,3
673,3
673,3
673,3
673,3
673,3
673,3
673,3
673,3
673,3
673,3
673,3
673,3
674,3
674,3
674,3
674,3
674,3
674,3
675,3
675,3
675,3
675,3
675,3
675,3
675,3
675,3
675,3
675,3
675,3
675,3
675,3
676,3
676,3
676,3
676,3
676,3
676,3
676,3
676,3
676,3
676,3
676,3
676,3
676,3
677,3
677,3
677,3
677,3
677,3
677,3
678,3
678,3
678,3
678,3
678,3
678,3
678,3
678,3
678,3
678,3
678,3
678,3
678,3
679,3
679,3
679,3
679,3
679,3
679,3
680,3
680,3
680,3
680,3
680,3
680,3
680,3
680,3
680,3
680,3
680,3
680,3
680,3
681,3
681,3
681,3
681,3
681,3
681,3
682,3
682,3
682,3
682,3
682,3
682,3
682,3
682,3
682,3
682,3
682,3
682,3
682,3
683,3
683,3
683,3
683,3
683,3
683,3
683,3
684,4
684,4
684,4
684,4
684,4
684,4
684,3
684,3
684,3
684,3
684,3
684,3
685,3
685,3
685,3
685,3
685,3
685,3
685,3
685,3
685,3
685,3
685,3
685,3
685,3
686,3
686,3
686,3
686,3
686,3
686,3
687,3
687,3
687,3
687,3
687,3
687,3
687,3
687,3
687,3
687,3
687,3
687,3
687,3
688,3
688,3
688,3
688,3
688,3
688,3
688,3
689,3
689,3
689,3
689,3
689,3
689,3
689,3
689,3
689,3
689,3
689,3
689,3
690,3
690,3
690,3
690,3
690,3
690,3
690,3
691,3
691,3
691,3
691,3
691,3
691,3
691,3
691,3
691,3
691,3
691,3
691,3
691,3
692,3
692,3
692,3
692,3
692,3
692,3
692,3
692,3
692,3
692,3
692,3
692,3
693,3
693,3
693,3
693,3
693,3
693,3
693,3
694,3
694,3
694,3
694,3
694,3
694,3
694,3
694,3
694,3
694,3
694,3
694,3
694,3
695,3
695,3
695,3
695,3
695,3
695,3
696,3
696,3
696,3
696,3
696,3
696,3
696,3
696,3
696,3
696,3
696,3
696,3
696,3
697,3
697,3
697,3
697,3
697,3
697,3
698,3
698,3
698,3
698,3
698,3
698,3
698,3
698,3
698,3
698,3
698,3
698,3
698,3
699,3
699,3
699,3
699,3
699,3
699,3
700,3
700,3
700,3
700,3
700,3
700,3
700,3
700,3
700,3
700,3
700,3
700,3
700,3
701,3
701,3
701,3
701,3
701,3
701,3
701,3
701,3
701,3
701,3
701,3
701,3
701,3
702,3
702,3
702,3
702,3
702,3
702,3
703,3
703,3
703,3
703,3
703,3
703,3
703,3
703,3
703,3
703,3
703,3
703,3
703,3
704,3
704,3
704,3
704,3
704,3
704,3
705,3
705,3
705,3
705,3
705,3
705,3
705,3
705,3
705,3
705,3
705,3
705,3
705,3
706,3
706,3
706,3
706,3
706,3
706,3
706,3
707,3
707,3
707,3
707,3
707,3
707,3
707,3
707,3
707,3
707,3
707,3
707,3
708,3
708,3
708,3
708,3
708,3
708,3
708,3
708,3
708,3
708,3
708,3
708,3
708,3
709,3
709,3
709,3
709,3
709,3
709,3
709,3
710,3
710,3
710,3
710,3
710,3
710,3
710,3
710,3
710,3
710,3
710,3
710,3
711,3
711,3
711,3
711,3
711,3
711,3
711,3
712,3
712,3
712,3
712,3
712,3
712,3
712,3
712,3
712,3
712,3
712,3
712,3
713,3
713,3
713,3
713,3
713,3
713,3
713,3
714,3
714,3
714,3
714,3
714,3
714,3
714,3
714,3
714,3
714,3
714,3
714,3
714,3
715,3
715,3
715,3
715,3
715,3
715,3
716,3
716,3
716,3
716,3
716,3
716,3
716,3
716,3
716,3
716,3
716,3
716,3
716,3
717,3
717,3
717,3
717,3
717,3
717,3
717,3
717,3
717,3
717,3
717,3
717,3
717,3
718,3
718,3
718,3
718,3
718,3
718,3
719,3
719,3
719,3
719,3
719,3
719,3
719,3
719,3
719,3
719,3
719,3
719,3
719,3
720,3
720,3
720,3
720,3
720,3
720,3
721,3
721,3
721,3
721,3
721,3
721,3
721,3
721,3
721,3
721,3
721,3
721,3
721,3
722,3
722,3
722,3
722,3
722,3
722,3
723,3
723,3
723,3
723,3
723,3
723,3
723,3
723,3
723,3
723,3
723,3
723,3
723,3
724,3
724,3
724,3
724,3
724,3
724,3
724,3
724,3
724,3
724,3
724,3
724,3
724,3
725,3
725,3
725,3
725,3
725,3
725,3
726,3
726,3
726,3
726,3
726,3
726,3
726,3
726,3
726,3
726,3
726,3
726,3
726,3
727,3
727,3
727,3
727,3
727,3
727,3
728,3
728,3
728,3
728,3
728,3
728,3
728,3
728,3
728,3
728,3
728,3
728,3
728,3
729,4
729,4
729,4
729,4
729,4
729,4
729,4
730,3
730,3
730,3
730,3
730,3
730,3
730,3
730,3
730,3
730,3
730,3
730,3
731,4
731,4
731,4
731,4
731,4
731,4
731,4
732,3
732,3
732,3
732,3
732,3
732,3
732,3
732,3
732,3
732,3
732,3
732,3
733,3
733,3
733,3
733,3
733,3
733,3
733,3
733,4
733,4
733,4
733,4
733,4
733,4
734,3
734,3
734,3
734,3
734,3
734,3
734,3
735,3
735,3
735,3
735,3
735,3
735,3
735,3
735,3
735,3
735,3
735,3
735,3
736,3
736,3
736,3
736,3
736,3
736,3
736,3
737,3
737,3
737,3
737,3
737,3
737,3
737,3
737,3
737,3
737,3
737,3
737,3
737,3
738,3
738,3
738,3
738,3
738,3
738,3
739,3
739,3
739,3
739,3
739,3
739,3
739,3
739,3
739,3
739,3
739,3
739,3
739,3
740,3
740,3
740,3
740,3
740,3
740,3
741,3
741,3
741,3
741,3
741,3
741,3
741,3
741,3
741,3
741,3
741,3
741,3
741,3
742,3
742,3
742,3
742,3
742,3
742,3
742,4
742,4
742,4
742,4
742,4
742,4
742,4
743,3
743,3
743,3
743,3
743,3
743,3
744,3
744,3
744,3
744,3
744,3
744,3
744,3
744,3
744,3
744,3
744,3
744,3
744,3
745,3
745,3
745,3
745,3
745,3
745,3
746,3
746,3
746,3
746,3
746,3
746,3
746,3
746,3
746,3
746,3
746,3
746,3
746,3
747,4
747,4
747,4
747,4
747,4
747,4
748,3
748,3
748,3
748,3
748,3
748,3
748,3
748,3
748,3
748,3
748,3
748,3
748,3
749,3
749,3
749,3
749,3
749,3
749,3
749,3
749,3
749,3
749,3
749,3
749,3
749,3
750,3
750,3
750,3
750,3
750,3
750,3
751,3
751,3
751,3
751,3
751,3
751,3
751,3
751,3
751,3
751,3
751,3
751,3
751,3
752,3
752,3
752,3
752,3
752,3
752,3
752,3
753,3
753,3
753,3
753,3
753,3
753,3
753,3
753,3
753,3
753,3
753,3
753,3
754,3
754,3
754,3
754,3
754,3
754,3
754,3
755,3
755,3
755,3
755,3
755,3
755,3
755,3
755,3
755,3
755,3
755,3
755,3
756,3
756,3
756,3
756,3
756,3
756,3
756,3
757,3
757,3
757,3
757,3
757,3
757,3
757,4
757,4
757,4
757,4
757,4
757,4
757,4
758,3
758,3
758,3
758,3
758,3
758,3
758,4
758,4
758,4
758,4
758,4
758,4
759,3
759,3
759,3
759,3
759,3
759,3
759,3
760,3
760,3
760,3
760,3
760,3
760,3
760,3
760,3
760,3
760,3
760,3
760,3
760,3
761,4
761,4
761,4
761,4
761,4
761,4
762,3
762,3
762,3
762,3
762,3
762,3
762,4
762,4
762,4
762,4
762,4
762,4
762,4
763,3
763,3
763,3
763,3
763,3
763,3
764,3
764,3
764,3
764,3
764,3
764,3
764,3
764,3
764,3
764,3
764,3
764,3
764,3
765,3
765,3
765,3
765,3
765,3
765,3
765,3
765,3
765,3
765,3
765,3
765,3
765,3
766,3
766,3
766,3
766,3
766,3
766,3
767,3
767,3
767,3
767,3
767,3
767,3
767,3
767,3
767,3
767,3
767,3
767,3
767,3
768,4
768,4
768,4
768,4
768,4
768,4
769,4
769,4
769,4
769,4
769,4
769,4
769,4
769,4
769,4
769,4
769,4
769,4
769,4
770,3
770,3
770,3
770,3
770,3
770,3
771,3
771,3
771,3
771,3
771,3
771,3
771,3
771,3
771,3
771,3
771,3
771,3
771,3
772,3
772,3
772,3
772,3
772,3
772,3
772,3
773,3
773,3
773,3
773,3
773,3
773,3
773,3
773,3
773,3
773,3
773,3
773,3
774,4
774,4
774,4
774,4
774,4
774,4
774,4
774,4
774,4
774,4
774,4
774,4
774,4
775,3
775,3
775,3
775,3
775,3
775,3
776,3
776,3
776,3
776,3
776,3
776,3
776,3
776,3
776,3
776,3
776,3
776,3
776,3
777,3
777,3
777,3
777,3
777,3
777,3
777,3
778,3
778,3
778,3
778,3
778,3
778,3
778,4
778,4
778,4
778,4
778,4
778,4
779,3
779,3
779,3
779,3
779,3
779,3
779,3
780,4
780,4
780,4
780,4
780,4
780,4
780,4
780,4
780,4
780,4
780,4
780,4
780,4
781,4
781,4
781,4
781,4
781,4
781,4
781,3
781,3
781,3
781,3
781,3
781,3
782,4
782,4
782,4
782,4
782,4
782,4
782,4
783,4
783,4
783,4
783,4
783,4
783,4
783,5
783,5
783,5
783,5
783,5
783,5
783,5
784,5
784,5
784,5
784,5
784,5
784,5
785,6
785,6
785,6
785,6
785,6
785,6
785,6
785,6
785,6
785,6
785,6
785,6
785,6
786,6
786,6
786,6
786,6
786,6
786,6
787,8
787,8
787,8
787,8
787,8
787,8
787,8
787,8
787,8
787,8
787,8
787,8
787,8
788,10
788,10
788,10
788,10
788,10
788,10
789,12
789,12
789,12
789,12
789,12
789,12
789,12
789,13
789,13
789,13
789,13
789,13
789,13
790,15
790,15
790,15
790,15
790,15
790,15
790,17
790,17
790,17
790,17
790,17
790,17
790,17
791,19
791,19
791,19
791,19
791,19
791,19
792,21
792,21
792,21
792,21
792,21
792,21
792,21
792,23
792,23
792,23
792,23
792,23
792,23
793,25
793,25
793,25
793,25
793,25
793,25
794,28
794,28
794,28
794,28
794,28
794,28
794,28
794,31
794,31
794,31
794,31
794,31
794,31
795,34
795,34
795,34
795,34
795,34
795,34
795,34
796,37
796,37
796,37
796,37
796,37
796,37
796,40
796,40
796,40
796,40
796,40
796,40
797,44
797,44
797,44
797,44
797,44
797,44
797,44
797,48
797,48
797,48
797,48
797,48
797,48
798,51
798,51
798,51
798,51
798,51
798,51
799,56
799,56
799,56
799,56
799,56
799,56
799,56
799,61
799,61
799,61
799,61
799,61
799,61
800,65
800,65
800,65
800,65
800,65
800,65
800,65
801,71
801,71
801,71
801,71
801,71
801,71
801,75
801,75
801,75
801,75
801,75
801,75
802,81
802,81
802,81
802,81
802,81
802,81
802,81
803,82
803,82
803,82
803,82
803,82
803,82
803,83
803,83
803,83
803,83
803,83
803,83
803,83
804,83
804,83
804,83
804,83
804,83
804,83
805,84
805,84
805,84
805,84
805,84
805,84
805,83
805,83
805,83
805,83
805,83
805,83
805,83
806,83
806,83
806,83
806,83
806,83
806,83
806,84
806,84
806,84
806,84
806,84
806,84
807,83
807,83
807,83
807,83
807,83
807,83
807,83
808,84
808,84
808,84
808,84
808,84
808,84
808,83
808,83
808,83
808,83
808,83
808,83
808,83
809,84
809,84
809,84
809,84
809,84
809,84
810,83
810,83
810,83
810,83
810,83
810,83
810,83
810,83
810,83
810,83
810,83
810,83
810,83
811,84
811,84
811,84
811,84
811,84
811,84
812,83
812,83
812,83
812,83
812,83
812,83
812,83
812,83
812,83
812,83
812,83
812,83
812,83
813,84
813,84
813,84
813,84
813,84
813,84
813,84
813,84
813,84
813,84
813,84
813,84
813,84
814,84
814,84
814,84
814,84
814,84
814,84
815,84
815,84
815,84
815,84
815,84
815,84
815,84
815,84
815,84
815,84
815,84
815,84
815,84
816,83
816,83
816,83
816,83
816,83
816,83
817,84
817,84
817,84
817,84
817,84
817,84
817,84
817,83
817,83
817,83
817,83
817,83
817,83
818,84
818,84
818,84
818,84
818,84
818,84
819,84
819,84
819,84
819,84
819,84
819,84
819,84
819,84
819,84
819,84
819,84
819,84
819,84
820,83
820,83
820,83
820,83
820,83
820,83
820,83
821,84
821,84
821,84
821,84
821,84
821,84
821,84
821,84
821,84
821,84
821,84
821,84
822,84
822,84
822,84
822,84
822,84
822,84
822,84
822,83
822,83
822,83
822,83
822,83
822,83
823,84
823,84
823,84
823,84
823,84
823,84
823,84
824,84
824,84
824,84
824,84
824,84
824,84
824,84
824,84
824,84
824,84
824,84
824,84
825,84
825,84
825,84
825,84
825,84
825,84
825,84
826,84
826,84
826,84
826,84
826,84
826,84
826,84
826,84
826,84
826,84
826,84
826,84
827,83
827,83
827,83
827,83
827,83
827,83
827,83
828,84
828,84
828,84
828,84
828,84
828,84
828,84
828,84
828,84
828,84
828,84
828,84
828,84
829,83
829,83
829,83
829,83
829,83
829,83
829,84
829,84
829,84
829,84
829,84
829,84
830,84
830,84
830,84
830,84
830,84
830,84
830,84
831,84
831,84
831,84
831,84
831,84
831,84
831,84
831,84
831,84
831,84
831,84
831,84
832,84
832,84
832,84
832,84
832,84
832,84
832,84
833,84
833,84
833,84
833,84
833,84
833,84
833,83
833,83
833,83
833,83
833,83
833,83
833,83
834,83
834,83
834,83
834,83
834,83
834,83
835,84
835,84
835,84
835,84
835,84
835,84
835,83
835,83
835,83
835,83
835,83
835,83
835,83
836,84
836,84
836,84
836,84
836,84
836,84
837,84
837,84
837,84
837,84
837,84
837,84
837,84
837,83
837,83
837,83
837,83
837,83
837,83
838,84
838,84
838,84
838,84
838,84
838,84
838,84
838,84
838,84
838,84
838,84
838,84
838,84
839,84
839,84
839,84
839,84
839,84
839,84
840,84
840,84
840,84
840,84
840,84
840,84
840,84
840,84
840,84
840,84
840,84
840,84
840,84
841,84
841,84
841,84
841,84
841,84
841,84
842,84
842,84
842,84
842,84
842,84
842,84
842,84
842,84
842,84
842,84
842,84
842,84
842,84
843,83
843,83
843,83
843,83
843,83
843,83
844,83
844,83
844,83
844,83
844,83
844,83
844,83
844,84
844,84
844,84
844,84
844,84
844,84
845,84
845,84
845,84
845,84
845,84
845,84
845,84
845,84
845,84
845,84
845,84
845,84
845,84
846,84
846,84
846,84
846,84
846,84
846,84
847,84
847,84
847,84
847,84
847,84
847,84
847,83
847,83
847,83
847,83
847,83
847,83
847,83
848,84
848,84
848,84
848,84
848,84
848,84
849,84
849,84
849,84
849,84
849,84
849,84
849,84
849,84
849,84
849,84
849,84
849,84
849,84
850,83
850,83
850,83
850,83
850,83
850,83
851,84
851,84
851,84
851,84
851,84
851,84
851,84
851,83
851,83
851,83
851,83
851,83
851,83
852,84
852,84
852,84
852,84
852,84
852,84
852,84
852,84
852,84
852,84
852,84
852,84
852,84
853,84
853,84
853,84
853,84
853,84
853,84
854,84
854,84
854,84
854,84
854,84
854,84
854,84
854,84
854,84
854,84
854,84
854,84
854,84
855,84
855,84
855,84
855,84
855,84
855,84
856,84
856,84
856,84
856,84
856,84
856,84
856,84
856,83
856,83
856,83
856,83
856,83
856,83
857,84
857,84
857,84
857,84
857,84
857,84
857,84
858,84
858,84
858,84
858,84
858,84
858,84
858,84
858,84
858,84
858,84
858,84
858,84
859,84
859,84
859,84
859,84
859,84
859,84
859,84
860,84
860,84
860,84
860,84
860,84
860,84
860,83
860,83
860,83
860,83
860,83
860,83
861,84
861,84
861,84
861,84
861,84
861,84
861,84
861,84
861,84
861,84
861,84
861,84
861,84
862,84
862,84
862,84
862,84
862,84
862,84
862,84
863,84
863,84
863,84
863,84
863,84
863,84
863,84
863,84
863,84
863,84
863,84
863,84
864,84
864,84
864,84
864,84
864,84
864,84
864,84
865,83
865,83
865,83
865,83
865,83
865,83
865,84
865,84
865,84
865,84
865,84
865,84
865,84
866,84
866,84
866,84
866,84
866,84
866,84
867,84
867,84
867,84
867,84
867,84
867,84
867,84
867,84
867,84
867,84
867,84
867,84
867,84
868,84
868,84
868,84
868,84
868,84
868,84
869,84
869,84
869,84
869,84
869,84
869,84
869,84
869,84
869,84
869,84
869,84
869,84
869,84
870,84
870,84
870,84
870,84
870,84
870,84
870,84
870,84
870,84
870,84
870,84
870,84
870,84
871,84
871,84
871,84
871,84
871,84
871,84
872,84
872,84
872,84
872,84
872,84
872,84
872,84
872,84
872,84
872,84
872,84
872,84
872,84
873,84
873,84
873,84
873,84
873,84
873,84
874,84
874,84
874,84
874,84
874,84
874,84
874,84
874,84
874,84
874,84
874,84
874,84
874,84
875,84
875,84
875,84
875,84
875,84
875,84
876,84
876,84
876,84
876,84
876,84
876,84
876,84
876,84
876,84
876,84
876,84
876,84
876,84
877,84
877,84
877,84
877,84
877,84
877,84
877,84
877,84
877,84
877,84
877,84
877,84
877,84
878,84
878,84
878,84
878,84
878,84
878,84
879,84
879,84
879,84
879,84
879,84
879,84
879,84
879,84
879,84
879,84
879,84
879,84
879,84
880,84
880,84
880,84
880,84
880,84
880,84
881,84
881,84
881,84
881,84
881,84
881,84
881,84
881,84
881,84
881,84
881,84
881,84
881,84
882,84
882,84
882,84
882,84
882,84
882,84
882,84
883,84
883,84
883,84
883,84
883,84
883,84
883,84
883,84
883,84
883,84
883,84
883,84
884,84
884,84
884,84
884,84
884,84
884,84
884,84
885,84
885,84
885,84
885,84
885,84
885,84
885,84
885,84
885,84
885,84
885,84
885,84
885,84
886,84
886,84
886,84
886,84
886,84
886,84
886,84
886,84
886,84
886,84
886,84
886,84
887,84
887,84
887,84
887,84
887,84
887,84
887,84
888,84
888,84
888,84
888,84
888,84
888,84
888,84
888,84
888,84
888,84
888,84
888,84
888,84
889,84
889,84
889,84
889,84
889,84
889,84
890,83
890,83
890,83
890,83
890,83
890,83
890,84
890,84
890,84
890,84
890,84
890,84
890,84
891,83
891,83
891,83
891,83
891,83
891,83
892,84
892,84
892,84
892,84
892,84
892,84
892,84
892,84
892,84
892,84
892,84
892,84
892,84
893,84
893,84
893,84
893,84
893,84
893,84
893,84
893,84
893,84
893,84
893,84
893,84
893,84
894,84
894,84
894,84
894,84
894,84
894,84
895,84
895,84
895,84
895,84
895,84
895,84
895,84
895,84
895,84
895,84
895,84
895,84
895,84
896,84
896,84
896,84
896,84
896,84
896,84
897,84
897,84
897,84
897,84
897,84
897,84
897,84
897,84
897,84
897,84
897,84
897,84
897,84
898,84
898,84
898,84
898,84
898,84
898,84
899,84
899,84
899,84
899,84
899,84
899,84
899,84
899,84
899,84
899,84
899,84
899,84
899,84
900,84
900,84
900,84
900,84
900,84
900,84
900,84
901,84
901,84
901,84
901,84
901,84
901,84
901,84
901,84
901,84
901,84
901,84
901,84
902,84
902,84
902,84
902,84
902,84
902,84
902,84
902,84
902,84
902,84
902,84
902,84
902,84
903,84
903,84
903,84
903,84
903,84
903,84
904,84
904,84
904,84
904,84
904,84
904,84
904,84
904,84
904,84
904,84
904,84
904,84
904,84
905,84
905,84
905,84
905,84
905,84
905,84
905,84
906,84
906,84
906,84
906,84
906,84
906,84
906,84
906,84
906,84
906,84
906,84
906,84
907,84
907,84
907,84
907,84
907,84
907,84
907,84
908,84
908,84
908,84
908,84
908,84
908,84
908,84
908,84
908,84
908,84
908,84
908,84
908,84
909,84
909,84
909,84
909,84
909,84
909,84
909,84
909,84
909,84
909,84
909,84
909,84
910,84
910,84
910,84
910,84
910,84
910,84
910,84
911,84
911,84
911,84
911,84
911,84
911,84
911,84
911,84
911,84
911,84
911,84
911,84
911,84
912,84
912,84
912,84
912,84
912,84
912,84
913,84
913,84
913,84
913,84
913,84
913,84
913,84
913,84
913,84
913,84
913,84
913,84
913,84
914,84
914,84
914,84
914,84
914,84
914,84
915,84
915,84
915,84
915,84
915,84
915,84
915,84
915,84
915,84
915,84
915,84
915,84
915,84
916,84
916,84
916,84
916,84
916,84
916,84
917,84
917,84
917,84
917,84
917,84
917,84
917,84
917,84
917,84
917,84
917,84
917,84
917,84
918,84
918,84
918,84
918,84
918,84
918,84
918,83
918,83
918,83
918,83
918,83
918,83
918,83
919,83
919,83
919,83
919,83
919,83
919,83
920,83
920,83
920,83
920,83
920,83
920,83
920,83
920,83
920,83
920,83
920,83
920,83
920,83
921,83
921,83
921,83
921,83
921,83
921,83
922,83
922,83
922,83
922,83
922,83
922,83
922,83
922,82
922,82
922,82
922,82
922,82
922,82
923,82
923,82
923,82
923,82
923,82
923,82
923,82
924,81
924,81
924,81
924,81
924,81
924,81
924,81
924,81
924,81
924,81
924,81
924,81
925,80
925,80
925,80
925,80
925,80
925,80
925,80
925,80
925,80
925,80
925,80
925,80
925,80
926,79
926,79
926,79
926,79
926,79
926,79
927,78
927,78
927,78
927,78
927,78
927,78
927,78
927,77
927,77
927,77
927,77
927,77
927,77
928,76
928,76
928,76
928,76
928,76
928,76
928,76
929,74
929,74
929,74
929,74
929,74
929,74
929,74
929,74
929,74
929,74
929,74
929,74
930,72
930,72
930,72
930,72
930,72
930,72
930,72
931,71
931,71
931,71
931,71
931,71
931,71
931,69
931,69
931,69
931,69
931,69
931,69
931,69
932,67
932,67
932,67
932,67
932,67
932,67
933,66
933,66
933,66
933,66
933,66
933,66
933,64
933,64
933,64
933,64
933,64
933,64
933,64
934,61
934,61
934,61
934,61
934,61
934,61
934,59
934,59
934,59
934,59
934,59
934,59
935,57
935,57
935,57
935,57
935,57
935,57
935,57
936,54
936,54
936,54
936,54
936,54
936,54
936,52
936,52
936,52
936,52
936,52
936,52
936,52
937,50
937,50
937,50
937,50
937,50
937,50
938,47
938,47
938,47
938,47
938,47
938,47
938,44
938,44
938,44
938,44
938,44
938,44
938,44
939,41
939,41
939,41
939,41
939,41
939,41
940,38
940,38
940,38
940,38
940,38
940,38
940,38
940,34
940,34
940,34
940,34
940,34
940,34
941,30
941,30
941,30
941,30
941,30
941,30
941,27
941,27
941,27
941,27
941,27
941,27
941,27
942,23
942,23
942,23
942,23
942,23
942,23
943,19
943,19
943,19
943,19
943,19
943,19
943,15
943,15
943,15
943,15
943,15
943,15
943,15
944,10
944,10
944,10
944,10
944,10
944,10
945,6
945,6
945,6
945,6
945,6
945,6
945,6
945,3
945,3
945,3
945,3
945,3
945,3
946,5
946,5
946,5
946,5
946,5
946,5
947,6
947,6
947,6
947,6
947,6
947,6
947,6
947,6
947,6
947,6
947,6
947,6
947,6
948,5
948,5
948,5
948,5
948,5
948,5
948,5
949,4
949,4
949,4
949,4
949,4
949,4
949,4
949,4
949,4
949,4
949,4
949,4
950,4
950,4
950,4
950,4
950,4
950,4
950,4
950,4
950,4
950,4
950,4
950,4
950,4
951,4
951,4
951,4
951,4
951,4
951,4
951,4
952,4
952,4
952,4
952,4
952,4
952,4
952,4
952,4
952,4
952,4
952,4
952,4
953,4
953,4
953,4
953,4
953,4
953,4
953,4
954,4
954,4
954,4
954,4
954,4
954,4
954,4
954,4
954,4
954,4
954,4
954,4
955,4
955,4
955,4
955,4
955,4
955,4
955,4
956,4
956,4
956,4
956,4
956,4
956,4
956,4
956,4
956,4
956,4
956,4
956,4
956,4
957,4
957,4
957,4
957,4
957,4
957,4
957,4
957,4
957,4
957,4
957,4
957,4
958,4
958,4
958,4
958,4
958,4
958,4
958,4
959,5
959,5
959,5
959,5
959,5
959,5
959,4
959,4
959,4
959,4
959,4
959,4
959,4
960,4
960,4
960,4
960,4
960,4
960,4
961,4
961,4
961,4
961,4
961,4
961,4
961,4
961,4
961,4
961,4
961,4
961,4
961,4
962,4
962,4
962,4
962,4
962,4
962,4
963,4
963,4
963,4
963,4
963,4
963,4
963,4
963,4
963,4
963,4
963,4
963,4
963,4
964,4
964,4
964,4
964,4
964,4
964,4
965,4
965,4
965,4
965,4
965,4
965,4
965,4
965,4
965,4
965,4
965,4
965,4
965,4
966,5
966,5
966,5
966,5
966,5
966,5
966,4
966,4
966,4
966,4
966,4
966,4
966,4
967,4
967,4
967,4
967,4
967,4
967,4
968,4
968,4
968,4
968,4
968,4
968,4
968,4
968,4
968,4
968,4
968,4
968,4
968,4
969,4
969,4
969,4
969,4
969,4
969,4
970,4
970,4
970,4
970,4
970,4
970,4
970,4
970,4
970,4
970,4
970,4
970,4
970,4
971,4
971,4
971,4
971,4
971,4
971,4
971,4
972,4
972,4
972,4
972,4
972,4
972,4
972,4
972,4
972,4
972,4
972,4
972,4
973,5
973,5
973,5
973,5
973,5
973,5
973,5
973,4
973,4
973,4
973,4
973,4
973,4
974,4
974,4
974,4
974,4
974,4
974,4
975,4
975,4
975,4
975,4
975,4
975,4
975,4
975,4
975,4
975,4
975,4
975,4
975,4
976,4
976,4
976,4
976,4
976,4
976,4
976,4
977,4
977,4
977,4
977,4
977,4
977,4
977,4
977,4
977,4
977,4
977,4
977,4
978,4
978,4
978,4
978,4
978,4
978,4
978,4
979,4
979,4
979,4
979,4
979,4
979,4
979,4
979,4
979,4
979,4
979,4
979,4
979,4
980,5
980,5
980,5
980,5
980,5
980,5
981,4
981,4
981,4
981,4
981,4
981,4
981,4
981,4
981,4
981,4
981,4
981,4
981,4
982,4
982,4
982,4
982,4
982,4
982,4
982,4
982,4
982,4
982,4
982,4
982,4
983,4
983,4
983,4
983,4
983,4
983,4
983,4
984,4
984,4
984,4
984,4
984,4
984,4
984,4
984,4
984,4
984,4
984,4
984,4
984,4
985,4
985,4
985,4
985,4
985,4
985,4
986,4
986,4
986,4
986,4
986,4
986,4
986,4
986,4
986,4
986,4
986,4
986,4
986,4
987,4
987,4
987,4
987,4
987,4
987,4
988,5
988,5
988,5
988,5
988,5
988,5
988,5
988,4
988,4
988,4
988,4
988,4
988,4
989,4
989,4
989,4
989,4
989,4
989,4
989,5
989,5
989,5
989,5
989,5
989,5
989,5
990,4
990,4
990,4
990,4
990,4
990,4
991,4
991,4
991,4
991,4
991,4
991,4
991,4
991,4
991,4
991,4
991,4
991,4
991,4
992,4
992,4
992,4
992,4
992,4
992,4
993,4
993,4
993,4
993,4
993,4
993,4
993,4
993,4
993,4
993,4
993,4
993,4
993,4
994,4
994,4
994,4
994,4
994,4
994,4
994,4
995,4
995,4
995,4
995,4
995,4
995,4
995,4
995,4
995,4
995,4
995,4
995,4
996,4
996,4
996,4
996,4
996,4
996,4
996,4
997,4
997,4
997,4
997,4
997,4
997,4
997,4
997,4
997,4
997,4
997,4
997,4
998,4
998,4
998,4
998,4
998,4
998,4
998,4
998,4
998,4
998,4
998,4
998,4
998,4
999,4
999,4
999,4
999,4
999,4
999,4
999,4
1000,4
1000,4
1000,4
1000,4
1000,4
1000,4
1000,4
1000,4
1000,4
1000,4
1000,4
1000,4
1001,4
1001,4
1001,4
1001,4
1001,4
1001,4
1001,4
1002,4
1002,4
1002,4
1002,4
1002,4
1002,4
1002,5
1002,5
1002,5
1002,5
1002,5
1002,5
1002,5
1003,4
1003,4
1003,4
1003,4
1003,4
1003,4
1004,5
1004,5
1004,5
1004,5
1004,5
1004,5
1004,4
1004,4
1004,4
1004,4
1004,4
1004,4
1004,4
1005,5
1005,5
1005,5
1005,5
1005,5
1005,5
1006,4
1006,4
1006,4
1006,4
1006,4
1006,4
1006,4
1006,4
1006,4
1006,4
1006,4
1006,4
1006,4
1007,4
1007,4
1007,4
1007,4
1007,4
1007,4
1007,5
1007,5
1007,5
1007,5
1007,5
1007,5
1007,5
1008,4
1008,4
1008,4
1008,4
1008,4
1008,4
1009,4
1009,4
1009,4
1009,4
1009,4
1009,4
1009,4
1009,4
1009,4
1009,4
1009,4
1009,4
1009,4
1010,4
1010,4
1010,4
1010,4
1010,4
1010,4
1011,4
1011,4
1011,4
1011,4
1011,4
1011,4
1011,4
1011,4
1011,4
1011,4
1011,4
1011,4
1011,4
1012,6
1012,6
1012,6
1012,6
1012,6
1012,6
1012,6
1013,11
1013,11
1013,11
1013,11
1013,11
1013,11
1013,21
1013,21
1013,21
1013,21
1013,21
1013,21
1014,29
1014,29
1014,29
1014,29
1014,29
1014,29
1014,29
1014,35
1014,35
1014,35
1014,35
1014,35
1014,35
1015,41
1015,41
1015,41
1015,41
1015,41
1015,41
1015,41
1016,45
1016,45
1016,45
1016,45
1016,45
1016,45
1016,49
1016,49
1016,49
1016,49
1016,49
1016,49
1017,52
1017,52
1017,52
1017,52
1017,52
1017,52
1017,52
1018,55
1018,55
1018,55
1018,55
1018,55
1018,55
1018,58
1018,58
1018,58
1018,58
1018,58
1018,58
1019,62
1019,62
1019,62
1019,62
1019,62
1019,62
1019,62
1020,65
1020,65
1020,65
1020,65
1020,65
1020,65
1020,68
1020,68
1020,68
1020,68
1020,68
1020,68
1020,68
1021,71
1021,71
1021,71
1021,71
1021,71
1021,71
1022,75
1022,75
1022,75
1022,75
1022,75
1022,75
1022,79
1022,79
1022,79
1022,79
1022,79
1022,79
1022,79
1023,83
1023,83
1023,83
1023,83
1023,83
1023,83
1023,83
1023,83
1023,83
1023,83
1023,83
1023,83
1023,83
1024,83
1024,83
1024,83
1024,83
1024,83
1024,83
1025,84
1025,84
1025,84
1025,84
1025,84
1025,84
1025,84
1025,84
1025,84
1025,84
1025,84
1025,84
1025,84
1026,84
1026,84
1026,84
1026,84
1026,84
1026,84
1027,84
1027,84
1027,84
1027,84
1027,84
1027,84
1027,84
1027,84
1027,84
1027,84
1027,84
1027,84
1027,84
1028,84
1028,84
1028,84
1028,84
1028,84
1028,84
1029,84
1029,84
1029,84
1029,84
1029,84
1029,84
1029,84
1029,84
1029,84
1029,84
1029,84
1029,84
1029,84
1030,84
1030,84
1030,84
1030,84
1030,84
1030,84
1031,84
1031,84
1031,84
1031,84
1031,84
1031,84
1031,84
1031,84
1031,84
1031,84
1031,84
1031,84
1031,84
1032,84
1032,84
1032,84
1032,84
1032,84
1032,84
1032,84
1032,84
1032,84
1032,84
1032,84
1032,84
1032,84
1033,84
1033,84
1033,84
1033,84
1033,84
1033,84
1034,84
1034,84
1034,84
1034,84
1034,84
1034,84
1034,84
1034,84
1034,84
1034,84
1034,84
1034,84
1034,84
1035,84
1035,84
1035,84
1035,84
1035,84
1035,84
1036,84
1036,84
1036,84
1036,84
1036,84
1036,84
1036,84
1036,84
1036,84
1036,84
1036,84
1036,84
1036,84
1037,84
1037,84
1037,84
1037,84
1037,84
1037,84
1037,84
1038,84
1038,84
1038,84
1038,84
1038,84
1038,84
1038,84
1038,84
1038,84
1038,84
1038,84
1038,84
1039,84
1039,84
1039,84
1039,84
1039,84
1039,84
1039,84
1039,84
1039,84
1039,84
1039,84
1039,84
1039,84
1040,84
1040,84
1040,84
1040,84
1040,84
1040,84
1040,84
1041,84
1041,84
1041,84
1041,84
1041,84
1041,84
1041,84
1041,84
1041,84
1041,84
1041,84
1041,84
1042,84
1042,84
1042,84
1042,84
1042,84
1042,84
1042,84
1043,84
1043,84
1043,84
1043,84
1043,84
1043,84
1043,84
1043,84
1043,84
1043,84
1043,84
1043,84
1044,84
1044,84
1044,84
1044,84
1044,84
1044,84
1044,84
1045,84
1045,84
1045,84
1045,84
1045,84
1045,84
1045,85
1045,85
1045,85
1045,85
1045,85
1045,85
1045,85
1046,84
1046,84
1046,84
1046,84
1046,84
1046,84
1047,84
1047,84
1047,84
1047,84
1047,84
1047,84
1047,84
1047,84
1047,84
1047,84
1047,84
1047,84
1047,84
1048,84
1048,84
1048,84
1048,84
1048,84
1048,84
1048,84
1048,84
1048,84
1048,84
1048,84
1048,84
1048,84
1049,84
1049,84
1049,84
1049,84
1049,84
1049,84
1050,84
1050,84
1050,84
1050,84
1050,84
1050,84
1050,84
1050,84
1050,84
1050,84
1050,84
1050,84
1050,84
1051,84
1051,84
1051,84
1051,84
1051,84
1051,84
1052,84
1052,84
1052,84
1052,84
1052,84
1052,84
1052,84
1052,84
1052,84
1052,84
1052,84
1052,84
1052,84
1053,84
1053,84
1053,84
1053,84
1053,84
1053,84
1054,84
1054,84
1054,84
1054,84
1054,84
1054,84
1054,84
1054,84
1054,84
1054,84
1054,84
1054,84
1054,84
1055,84
1055,84
1055,84
1055,84
1055,84
1055,84
1055,84
1055,84
1055,84
1055,84
1055,84
1055,84
1055,84
1056,84
1056,84
1056,84
1056,84
1056,84
1056,84
1057,84
1057,84
1057,84
1057,84
1057,84
1057,84
1057,84
1057,84
1057,84
1057,84
1057,84
1057,84
1057,84
1058,84
1058,84
1058,84
1058,84
1058,84
1058,84
1059,84
1059,84
1059,84
1059,84
1059,84
1059,84
1059,84
1059,84
1059,84
1059,84
1059,84
1059,84
1059,84
1060,84
1060,84
1060,84
1060,84
1060,84
1060,84
1060,84
1061,84
1061,84
1061,84
1061,84
1061,84
1061,84
1061,84
1061,84
1061,84
1061,84
1061,84
1061,84
1062,84
1062,84
1062,84
1062,84
1062,84
1062,84
1062,84
1063,84
1063,84
1063,84
1063,84
1063,84
1063,84
1063,84
1063,84
1063,84
1063,84
1063,84
1063,84
1063,84
1064,84
1064,84
1064,84
1064,84
1064,84
1064,84
1064,84
1064,84
1064,84
1064,84
1064,84
1064,84
1065,84
1065,84
1065,84
1065,84
1065,84
1065,84
1065,84
1066,84
1066,84
1066,84
1066,84
1066,84
1066,84
1066,84
1066,84
1066,84
1066,84
1066,84
1066,84
1067,85
1067,85
1067,85
1067,85
1067,85
1067,85
1067,85
1068,84
1068,84
1068,84
1068,84
1068,84
1068,84
1068,84
1068,84
1068,84
1068,84
1068,84
1068,84
1068,84
1069,84
1069,84
1069,84
1069,84
1069,84
1069,84
1070,84
1070,84
1070,84
1070,84
1070,84
1070,84
1070,84
1070,84
1070,84
1070,84
1070,84
1070,84
1070,84
1071,84
1071,84
1071,84
1071,84
1071,84
1071,84
1071,84
1071,84
1071,84
1071,84
1071,84
1071,84
1071,84
1072,84
1072,84
1072,84
1072,84
1072,84
1072,84
1073,84
1073,84
1073,84
1073,84
1073,84
1073,84
1073,84
1073,84
1073,84
1073,84
1073,84
1073,84
1073,84
1074,84
1074,84
1074,84
1074,84
1074,84
1074,84
1075,84
1075,84
1075,84
1075,84
1075,84
1075,84
1075,84
1075,84
1075,84
1075,84
1075,84
1075,84
1075,84
1076,84
1076,84
1076,84
1076,84
1076,84
1076,84
1077,84
1077,84
1077,84
1077,84
1077,84
1077,84
1077,84
1077,84
1077,84
1077,84
1077,84
1077,84
1077,84
1078,84
1078,84
1078,84
1078,84
1078,84
1078,84
1079,84
1079,84
1079,84
1079,84
1079,84
1079,84
1079,84
1079,84
1079,84
1079,84
1079,84
1079,84
1079,84
1080,84
1080,84
1080,84
1080,84
1080,84
1080,84
1080,84
1080,84
1080,84
1080,84
1080,84
1080,84
1080,84
1081,84
1081,84
1081,84
1081,84
1081,84
1081,84
1082,84
1082,84
1082,84
1082,84
1082,84
1082,84
1082,84
1082,84
1082,84
1082,84
1082,84
1082,84
1082,84
1083,84
1083,84
1083,84
1083,84
1083,84
1083,84
1083,84
1084,85
1084,85
1084,85
1084,85
1084,85
1084,85
1084,84
1084,84
1084,84
1084,84
1084,84
1084,84
1085,84
1085,84
1085,84
1085,84
1085,84
1085,84
1085,84
1086,84
1086,84
1086,84
1086,84
1086,84
1086,84
1086,84
1086,84
1086,84
1086,84
1086,84
1086,84
1087,84
1087,84
1087,84
1087,84
1087,84
1087,84
1087,84
1087,84
1087,84
1087,84
1087,84
1087,84
1087,84
1088,84
1088,84
1088,84
1088,84
1088,84
1088,84
1088,84
1089,84
1089,84
1089,84
1089,84
1089,84
1089,84
1089,84
1089,84
1089,84
1089,84
1089,84
1089,84
1090,84
1090,84
1090,84
1090,84
1090,84
1090,84
1090,84
1091,83
1091,83
1091,83
1091,83
1091,83
1091,83
1091,83
1091,83
1091,83
1091,83
1091,83
1091,83
1091,83
1092,84
1092,84
1092,84
1092,84
1092,84
1092,84
1093,83
1093,83
1093,83
1093,83
1093,83
1093,83
1093,83
1093,83
1093,83
1093,83
1093,83
1093,83
1093,83
1094,82
1094,82
1094,82
1094,82
1094,82
1094,82
1095,82
1095,82
1095,82
1095,82
1095,82
1095,82
1095,81
1095,81
1095,81
1095,81
1095,81
1095,81
1095,81
1096,81
1096,81
1096,81
1096,81
1096,81
1096,81
1096,80
1096,80
1096,80
1096,80
1096,80
1096,80
1096,80
1097,78
1097,78
1097,78
1097,78
1097,78
1097,78
1098,78
1098,78
1098,78
1098,78
1098,78
1098,78
1098,77
1098,77
1098,77
1098,77
1098,77
1098,77
1098,77
1099,76
1099,76
1099,76
1099,76
1099,76
1099,76
1100,74
1100,74
1100,74
1100,74
1100,74
1100,74
1100,74
1100,73
1100,73
1100,73
1100,73
1100,73
1100,73
1101,71
1101,71
1101,71
1101,71
1101,71
1101,71
1102,70
1102,70
1102,70
1102,70
1102,70
1102,70
1102,70
1102,68
1102,68
1102,68
1102,68
1102,68
1102,68
1103,66
1103,66
1103,66
1103,66
1103,66
1103,66
1103,66
1103,65
1103,65
1103,65
1103,65
1103,65
1103,65
1104,62
1104,62
1104,62
1104,62
1104,62
1104,62
1105,60
1105,60
1105,60
1105,60
1105,60
1105,60
1105,60
1105,58
1105,58
1105,58
1105,58
1105,58
1105,58
1106,55
1106,55
1106,55
1106,55
1106,55
1106,55
1107,52
1107,52
1107,52
1107,52
1107,52
1107,52
1107,52
1107,50
1107,50
1107,50
1107,50
1107,50
1107,50
1108,47
1108,47
1108,47
1108,47
1108,47
1108,47
1108,47
1109,43
1109,43
1109,43
1109,43
1109,43
1109,43
1109,40
1109,40
1109,40
1109,40
1109,40
1109,40
1110,37
1110,37
1110,37
1110,37
1110,37
1110,37
1110,37
1111,33
1111,33
1111,33
1111,33
1111,33
1111,33
1111,30
1111,30
1111,30
1111,30
1111,30
1111,30
1111,30
1112,26
1112,26
1112,26
1112,26
1112,26
1112,26
1112,22
1112,22
1112,22
1112,22
1112,22
1112,22
1112,22
1113,18
1113,18
1113,18
1113,18
1113,18
1113,18
1114,13
1114,13
1114,13
1114,13
1114,13
1114,13
1114,9
1114,9
1114,9
1114,9
1114,9
1114,9
1114,9
1115,5
1115,5
1115,5
1115,5
1115,5
1115,5
1116,3
1116,3
1116,3
1116,3
1116,3
1116,3
1116,6
1116,6
1116,6
1116,6
1116,6
1116,6
1116,6
1117,6
1117,6
1117,6
1117,6
1117,6
1117,6
1118,6
1118,6
1118,6
1118,6
1118,6
1118,6
1118,6
1118,5
1118,5
1118,5
1118,5
1118,5
1118,5
1119,4
1119,4
1119,4
1119,4
1119,4
1119,4
1120,5
1120,5
1120,5
1120,5
1120,5
1120,5
1120,5
1120,5
1120,5
1120,5
1120,5
1120,5
1120,5
1121,4
1121,4
1121,4
1121,4
1121,4
1121,4
1121,4
1121,4
1121,4
1121,4
1121,4
1121,4
1121,4
1122,5
1122,5
1122,5
1122,5
1122,5
1122,5
1123,4
1123,4
1123,4
1123,4
1123,4
1123,4
1123,4
1123,5
1123,5
1123,5
1123,5
1123,5
1123,5
1124,4
1124,4
1124,4
1124,4
1124,4
1124,4
1125,4
1125,4
1125,4
1125,4
1125,4
1125,4
1125,4
1125,5
1125,5
1125,5
1125,5
1125,5
1125,5
1126,4
1126,4
1126,4
1126,4
1126,4
1126,4
1126,4
1127,4
1127,4
1127,4
1127,4
1127,4
1127,4
1127,5
1127,5
1127,5
1127,5
1127,5
1127,5
1128,4
