0,70.0
0,70.0
0,70.0
0,70.0
0,70.0
0,70.0
0,70.0
0,70.0
0,70.0
0,70.0
0,70.0
1,70.0
1,70.0
1,70.0
1,70.0
1,70.0
1,70.0
1,70.0
1,70.0
1,70.0
1,70.0
2,70.0
2,70.0
2,70.0
2,70.0
2,70.0
2,70.0
2,70.0
2,70.0
2,70.0
2,70.0
2,70.0
3,70.0
3,70.0
3,70.0
3,70.0
3,70.0
3,70.0
3,70.0
3,70.0
3,70.0
3,70.0
4,70.0
4,70.0
4,70.0
4,70.0
4,70.0
4,70.0
4,70.0
4,70.0
4,70.0
5,70.0
5,70.0
5,70.0
5,70.0
5,70.0
5,70.0
5,70.0
5,70.0
5,70.0
5,70.0
6,70.0
6,70.0
6,70.0
6,70.0
6,70.0
6,70.0
6,70.0
6,70.0
6,70.0
6,70.0
7,70.0
7,70.0
7,70.0
7,70.0
7,70.0
7,70.0
7,70.0
7,70.0
7,70.0
7,70.0
8,70.0
8,70.0
8,70.0
8,70.0
8,70.0
8,70.0
8,70.0
8,70.0
8,70.0
8,70.0
9,70.0
9,70.0
9,70.0
9,70.0
9,70.0
9,70.0
9,70.0
9,70.0
9,70.0
10,70.0
10,70.0
10,70.0
10,70.0
10,70.0
10,70.0
10,70.0
10,70.0
10,70.0
10,70.0
10,70.0
11,70.0
11,70.0
11,70.0
11,70.0
11,70.0
11,70.0
11,70.0
11,70.0
11,70.0
11,70.0
12,70.0
12,70.0
12,70.0
12,70.0
12,70.0
12,70.0
12,70.0
12,70.0
12,70.0
12,70.0
13,70.0
13,70.0
13,70.0
13,70.0
13,70.0
13,70.0
13,70.0
13,70.0
13,70.0
13,70.0
14,70.0
14,70.0
14,70.0
14,70.0
14,70.0
14,70.0
14,70.0
14,70.0
14,70.0
14,70.0
15,70.0
15,70.0
15,70.0
15,70.0
15,70.0
15,70.0
15,70.0
15,70.0
15,70.0
15,70.0
16,70.0
16,70.0
16,70.0
16,70.0
16,70.0
16,70.0
16,70.0
16,70.0
16,70.0
17,70.0
17,70.0
17,70.0
17,70.0
17,70.0
17,70.0
17,70.0
17,70.0
17,70.0
17,70.0
17,70.0
17,70.0
18,70.0
18,70.0
18,70.0
18,70.0
18,70.0
18,70.0
18,70.0
18,70.0
18,70.0
19,70.0
19,70.0
19,70.0
19,70.0
19,70.0
19,70.0
19,70.0
19,70.0
19,70.0
19,70.0
20,70.0
20,70.0
20,70.0
20,70.0
20,70.0
20,70.0
20,70.0
20,70.0
20,70.0
20,70.0
21,70.0
21,70.0
21,70.0
21,70.0
21,70.0
21,70.0
21,70.0
21,70.0
21,70.0
21,70.0
22,70.0
22,70.0
22,70.0
22,70.0
22,70.0
22,70.0
22,70.0
22,70.0
22,70.0
22,70.0
23,70.0
23,70.0
23,70.0
23,70.0
23,70.0
23,70.0
23,70.0
23,70.0
23,70.0
23,70.0
24,70.0
24,70.0
24,70.0
24,70.0
24,70.0
24,70.0
24,70.0
24,70.0
24,70.0
25,70.0
25,70.0
25,70.0
25,70.0
25,70.0
25,70.0
25,70.0
25,70.0
25,70.0
25,70.0
25,70.0
25,70.0
26,70.0
26,70.0
26,70.0
26,70.0
26,70.0
26,70.0
26,70.0
26,70.0
26,70.0
27,70.0
27,70.0
27,70.0
27,70.0
27,70.0
27,70.0
27,70.0
27,70.0
27,70.0
27,70.0
28,70.0
28,70.0
28,70.0
28,70.0
28,70.0
28,70.0
28,70.0
28,70.0
28,70.0
28,70.0
29,70.0
29,70.0
29,70.0
29,70.0
29,70.0
29,70.0
29,70.0
29,70.0
29,70.0
29,70.0
30,70.0
30,70.0
30,70.0
30,70.0
30,70.0
30,70.0
30,70.0
30,70.0
30,70.0
31,70.0
31,70.0
31,70.0
31,70.0
31,70.0
31,70.0
31,70.0
31,70.0
31,70.0
31,70.0
31,70.0
32,70.0
32,70.0
32,70.0
32,70.0
32,70.0
32,70.0
32,70.0
32,70.0
32,70.0
32,70.0
33,70.0
33,70.0
33,70.0
33,70.0
33,70.0
33,70.0
33,70.0
33,70.0
33,70.0
33,70.0
34,70.0
34,70.0
34,70.0
34,70.0
34,70.0
34,70.0
34,70.0
34,70.0
34,70.0
34,70.0
35,70.0
35,70.0
35,70.0
35,70.0
35,70.0
35,70.0
35,70.0
35,70.0
35,70.0
35,70.0
36,70.0
36,70.0
36,70.0
36,70.0
36,70.0
36,70.0
36,70.0
36,70.0
36,70.0
37,70.0
37,70.0
37,70.0
37,70.0
37,70.0
37,70.0
37,70.0
37,70.0
37,70.0
37,70.0
38,70.0
38,70.0
38,70.0
38,70.0
38,70.0
38,70.0
38,70.0
38,70.0
38,70.0
38,70.0
39,70.0
39,70.0
39,70.0
39,70.0
39,70.0
39,70.0
39,70.0
39,70.0
39,70.0
39,70.0
40,70.0
40,70.0
40,70.0
40,70.0
40,70.0
40,70.0
40,70.0
40,70.0
40,70.0
40,70.0
41,70.0
41,70.0
41,70.0
41,70.0
41,70.0
41,70.0
41,70.0
41,70.0
41,70.0
41,70.0
41,70.0
42,70.0
42,70.0
42,70.0
42,70.0
42,70.0
42,70.0
42,70.0
42,70.0
42,70.0
42,70.0
43,70.0
43,70.0
43,70.0
43,70.0
43,70.0
43,70.0
43,70.0
43,70.0
43,70.0
43,70.0
44,70.0
44,70.0
44,70.0
44,70.0
44,70.0
44,70.0
44,70.0
44,70.0
44,70.0
44,70.0
45,70.0
45,70.0
45,70.0
45,70.0
45,70.0
45,70.0
45,70.0
45,70.0
45,70.0
45,70.0
46,70.0
46,70.0
46,70.0
46,70.0
46,70.0
46,70.0
46,70.0
46,70.0
46,70.0
47,70.0
47,70.0
47,70.0
47,70.0
47,70.0
47,70.0
47,70.0
47,70.0
47,70.0
47,70.0
48,70.0
48,70.0
48,70.0
48,70.0
48,70.0
48,70.0
48,70.0
48,70.0
48,70.0
48,70.0
48,70.0
49,70.0
49,70.0
49,70.0
49,70.0
49,70.0
49,70.0
49,70.0
49,70.0
49,70.0
49,70.0
50,70.0
50,70.0
50,70.0
50,70.0
50,70.0
50,70.0
50,70.0
50,70.0
50,70.0
50,70.0
51,70.0
51,70.0
51,70.0
51,70.0
51,70.0
51,70.0
51,70.0
51,70.0
51,70.0
51,70.0
52,70.0
52,70.0
52,70.0
52,70.0
52,70.0
52,70.0
52,70.0
52,70.0
52,70.0
53,70.0
53,70.0
53,70.0
53,70.0
53,70.0
53,70.0
53,70.0
53,70.0
53,70.0
53,70.0
54,70.0
54,70.0
54,70.0
54,70.0
54,70.0
54,70.0
54,70.0
54,70.0
54,70.0
54,70.0
55,70.0
55,70.0
55,70.0
55,70.0
55,70.0
55,70.0
55,70.0
55,70.0
55,70.0
55,70.0
56,70.0
56,70.0
56,70.0
56,70.0
56,70.0
56,70.0
56,70.0
56,70.0
56,70.0
56,70.0
57,70.0
57,70.0
57,70.0
57,70.0
57,70.0
57,70.0
57,70.0
57,70.0
57,70.0
57,70.0
57,70.0
58,70.0
58,70.0
58,70.0
58,70.0
58,70.0
58,70.0
58,70.0
58,70.0
58,70.0
58,70.0
59,70.0
59,70.0
59,70.0
59,70.0
59,70.0
59,70.0
59,70.0
59,70.0
59,70.0
59,70.0
60,70.0
60,70.0
60,70.0
60,70.0
60,70.0
60,70.0
60,70.0
60,70.0
60,70.0
61,70.0
61,70.0
61,70.0
61,70.0
61,70.0
61,70.0
61,70.0
61,70.0
61,70.0
61,70.0
62,70.0
62,70.0
62,70.0
62,70.0
62,70.0
62,70.0
62,70.0
62,70.0
62,70.0
62,70.0
63,70.0
63,70.0
63,70.0
63,70.0
63,70.0
63,70.0
63,70.0
63,70.0
63,70.0
63,70.0
64,70.0
64,70.0
64,70.0
64,70.0
64,70.0
64,70.0
64,70.0
64,70.0
64,70.0
64,70.0
65,70.0
65,70.0
65,70.0
65,70.0
65,70.0
65,70.0
65,70.0
65,70.0
65,70.0
65,70.0
65,70.0
66,70.0
66,70.0
66,70.0
66,70.0
66,70.0
66,70.0
66,70.0
66,70.0
66,70.0
66,70.0
67,70.0
67,70.0
67,70.0
67,70.0
67,70.0
67,70.0
67,70.0
67,70.0
67,70.0
67,70.0
68,70.0
68,70.0
68,70.0
68,70.0
68,70.0
68,70.0
68,70.0
68,70.0
68,70.0
69,70.0
69,70.0
69,70.0
69,70.0
69,70.0
69,70.0
69,70.0
69,70.0
69,70.0
69,70.0
70,70.0
70,70.0
70,70.0
70,70.0
70,70.0
70,70.0
70,70.0
70,70.0
70,70.0
70,70.0
71,70.0
71,70.0
71,70.0
71,70.0
71,70.0
71,70.0
71,70.0
71,70.0
71,70.0
71,70.0
72,70.0
72,70.0
72,70.0
72,70.0
72,70.0
72,70.0
72,70.0
72,70.0
72,70.0
72,70.0
73,70.0
73,70.0
73,70.0
73,70.0
73,70.0
73,70.0
73,70.0
73,70.0
73,70.0
74,70.0
74,70.0
74,70.0
74,70.0
74,70.0
74,70.0
74,70.0
74,70.0
74,70.0
74,70.0
74,70.0
74,70.0
75,70.0
75,70.0
75,70.0
75,70.0
75,70.0
75,70.0
75,70.0
75,70.0
75,70.0
75,70.0
76,70.0
76,70.0
76,70.0
76,70.0
76,70.0
76,70.0
76,70.0
76,70.0
76,70.0
77,70.0
77,70.0
77,70.0
77,70.0
77,70.0
77,70.0
77,70.0
77,70.0
77,70.0
77,70.0
78,70.0
78,70.0
78,70.0
78,70.0
78,70.0
78,70.0
78,70.0
78,70.0
78,70.0
78,70.0
79,70.0
79,70.0
79,70.0
79,70.0
79,70.0
79,70.0
79,70.0
79,70.0
79,70.0
79,70.0
80,70.0
80,70.0
80,70.0
80,70.0
80,70.0
80,70.0
80,70.0
80,70.0
80,70.0
80,70.0
81,70.0
81,70.0
81,70.0
81,70.0
81,70.0
81,70.0
81,70.0
81,70.0
81,70.0
82,70.0
82,70.0
82,70.0
82,70.0
82,70.0
82,70.0
82,70.0
82,70.0
82,70.0
82,70.0
82,70.0
83,70.0
83,70.0
83,70.0
83,70.0
83,70.0
83,70.0
83,70.0
83,70.0
83,70.0
83,70.0
84,70.0
84,70.0
84,70.0
84,70.0
84,70.0
84,70.0
84,70.0
84,70.0
84,70.0
84,70.0
85,70.0
85,70.0
85,70.0
85,70.0
85,70.0
85,70.0
85,70.0
85,70.0
85,70.0
85,70.0
86,70.0
86,70.0
86,70.0
86,70.0
86,70.0
86,70.0
86,70.0
86,70.0
86,70.0
87,70.0
87,70.0
87,70.0
87,70.0
87,70.0
87,70.0
87,70.0
87,70.0
87,70.0
87,70.0
88,70.0
88,70.0
88,70.0
88,70.0
88,70.0
88,70.0
88,70.0
88,70.0
88,70.0
88,70.0
88,70.0
89,70.0
89,70.0
89,70.0
89,70.0
89,70.0
89,70.0
89,70.0
89,70.0
89,70.0
89,70.0
90,70.0
90,70.0
90,70.0
90,70.0
90,70.0
90,70.0
90,70.0
90,70.0
90,70.0
90,70.0
91,70.0
91,70.0
91,70.0
91,70.0
91,70.0
91,70.0
91,70.0
91,70.0
91,70.0
91,70.0
92,70.0
92,70.0
92,70.0
92,70.0
92,70.0
92,70.0
92,70.0
92,70.0
92,70.0
93,70.0
93,70.0
93,70.0
93,70.0
93,70.0
93,70.0
93,70.0
93,70.0
93,70.0
93,70.0
94,70.0
94,70.0
94,70.0
94,70.0
94,70.0
94,70.0
94,70.0
94,70.0
94,70.0
94,70.0
94,70.0
95,70.0
95,70.0
95,70.0
95,70.0
95,70.0
95,70.0
95,70.0
95,70.0
95,70.0
95,70.0
96,70.0
96,70.0
96,70.0
96,70.0
96,70.0
96,70.0
96,70.0
96,70.0
96,70.0
96,70.0
97,70.0
97,70.0
97,70.0
97,70.0
97,70.0
97,70.0
97,70.0
97,70.0
97,70.0
97,70.0
98,70.0
98,70.0
98,70.0
98,70.0
98,70.0
98,70.0
98,70.0
98,70.0
98,70.0
99,70.0
99,70.0
99,70.0
99,70.0
99,70.0
99,70.0
99,70.0
99,70.0
99,70.0
99,70.0
100,70.0
100,70.0
100,70.0
100,70.0
100,70.0
100,70.0
100,70.0
100,70.0
100,70.0
100,70.0
101,70.0
101,70.0
101,70.0
101,70.0
101,70.0
101,70.0
101,70.0
101,70.0
101,70.0
101,70.0
101,70.0
102,70.0
102,70.0
102,70.0
102,70.0
102,70.0
102,70.0
102,70.0
102,70.0
102,70.0
102,70.0
103,70.0
103,70.0
103,70.0
103,70.0
103,70.0
103,70.0
103,70.0
103,70.0
103,70.0
103,70.0
104,70.0
104,70.0
104,70.0
104,70.0
104,70.0
104,70.0
104,70.0
104,70.0
104,70.0
105,70.0
105,70.0
105,70.0
105,70.0
105,70.0
105,70.0
105,70.0
105,70.0
105,70.0
105,70.0
106,70.0
106,70.0
106,70.0
106,70.0
106,70.0
106,70.0
106,70.0
106,70.0
106,70.0
106,70.0
107,70.0
107,70.0
107,70.0
107,70.0
107,70.0
107,70.0
107,70.0
107,70.0
107,70.0
107,70.0
108,70.0
108,70.0
108,70.0
108,70.0
108,70.0
108,70.0
108,70.0
108,70.0
108,70.0
108,70.0
109,70.0
109,70.0
109,70.0
109,70.0
109,70.0
109,70.0
109,70.0
109,70.0
109,70.0
109,70.0
110,70.0
110,70.0
110,70.0
110,70.0
110,70.0
110,70.0
110,70.0
110,70.0
110,70.0
110,70.0
110,70.0
111,70.0
111,70.0
111,70.0
111,70.0
111,70.0
111,70.0
111,70.0
111,70.0
111,70.0
111,70.0
112,70.0
112,70.0
112,70.0
112,70.0
112,70.0
112,70.0
112,70.0
112,70.0
112,70.0
113,70.0
113,70.0
113,70.0
113,70.0
113,70.0
113,70.0
113,70.0
113,70.0
113,70.0
113,70.0
114,70.0
114,70.0
114,70.0
114,70.0
114,70.0
114,70.0
114,70.0
114,70.0
114,70.0
114,70.0
115,70.0
115,70.0
115,70.0
115,70.0
115,70.0
115,70.0
115,70.0
115,70.0
115,70.0
115,70.0
116,70.0
116,70.0
116,70.0
116,70.0
116,70.0
116,70.0
116,70.0
116,70.0
116,70.0
117,70.0
117,70.0
117,70.0
117,70.0
117,70.0
117,70.0
117,70.0
117,70.0
117,70.0
117,70.0
117,70.0
117,70.0
118,70.0
118,70.0
118,70.0
118,70.0
118,70.0
118,70.0
118,70.0
118,70.0
118,70.0
119,70.0
119,70.0
119,70.0
119,70.0
119,70.0
119,70.0
119,70.0
119,70.0
119,70.0
119,70.0
120,70.0
120,70.0
120,70.0
120,70.0
120,70.0
120,70.0
120,70.0
120,70.0
120,70.0
120,70.0
121,70.0
121,70.0
121,70.0
121,70.0
121,70.0
121,70.0
121,70.0
121,70.0
121,70.0
121,70.0
122,70.0
122,70.0
122,70.0
122,70.0
122,70.0
122,70.0
122,70.0
122,70.0
122,70.0
122,70.0
123,70.0
123,70.0
123,70.0
123,70.0
123,70.0
123,70.0
123,70.0
123,70.0
123,70.0
123,70.0
124,70.0
124,70.0
124,70.0
124,70.0
124,70.0
124,70.0
124,70.0
124,70.0
124,70.0
125,70.0
125,70.0
125,70.0
125,70.0
125,70.0
125,70.0
125,70.0
125,70.0
125,70.0
125,70.0
126,70.0
126,70.0
126,70.0
126,70.0
126,70.0
126,70.0
126,70.0
126,70.0
126,70.0
126,70.0
126,70.0
127,70.0
127,70.0
127,70.0
127,70.0
127,70.0
127,70.0
127,70.0
127,70.0
127,70.0
127,70.0
128,70.0
128,70.0
128,70.0
128,70.0
128,70.0
128,70.0
128,70.0
128,70.0
128,70.0
128,70.0
129,70.0
129,70.0
129,70.0
129,70.0
129,70.0
129,70.0
129,70.0
129,70.0
129,70.0
129,70.0
130,70.0
130,70.0
130,70.0
130,70.0
130,70.0
130,70.0
130,70.0
130,70.0
130,70.0
130,70.0
131,70.0
131,70.0
131,70.0
131,70.0
131,70.0
131,70.0
131,70.0
131,70.0
131,70.0
131,70.0
132,70.0
132,70.0
132,70.0
132,70.0
132,70.0
132,70.0
132,70.0
132,70.0
132,70.0
133,70.0
133,70.0
133,70.0
133,70.0
133,70.0
133,70.0
133,70.0
133,70.0
133,70.0
133,70.0
134,70.0
134,70.0
134,70.0
134,70.0
134,70.0
134,70.0
134,70.0
134,70.0
134,70.0
134,70.0
135,70.0
135,70.0
135,70.0
135,70.0
135,70.0
135,70.0
135,70.0
135,70.0
135,70.0
135,70.0
135,70.0
136,70.0
136,70.0
136,70.0
136,70.0
136,70.0
136,70.0
136,70.0
136,70.0
136,70.0
136,70.0
137,70.0
137,70.0
137,70.0
137,70.0
137,70.0
137,70.0
137,70.0
137,70.0
137,70.0
137,70.0
138,70.0
138,70.0
138,70.0
138,70.0
138,70.0
138,70.0
138,70.0
138,70.0
138,70.0
138,70.0
139,70.0
139,70.0
139,70.0
139,70.0
139,70.0
139,70.0
139,70.0
139,70.0
139,70.0
139,70.0
140,70.0
140,70.0
140,70.0
140,70.0
140,70.0
140,70.0
140,70.0
140,70.0
140,70.0
141,70.0
141,70.0
141,70.0
141,70.0
141,70.0
141,70.0
141,70.0
141,70.0
141,70.0
141,70.0
142,70.0
142,70.0
142,70.0
142,70.0
142,70.0
142,70.0
142,70.0
142,70.0
142,70.0
142,70.0
143,70.0
143,70.0
143,70.0
143,70.0
143,70.0
143,70.0
143,70.0
143,70.0
143,70.0
143,70.0
143,70.0
144,70.0
144,70.0
144,70.0
144,70.0
144,70.0
144,70.0
144,70.0
144,70.0
144,70.0
144,70.0
145,70.0
145,70.0
145,70.0
145,70.0
145,70.0
145,70.0
145,70.0
145,70.0
145,70.0
145,70.0
146,70.0
146,70.0
146,70.0
146,70.0
146,70.0
146,70.0
146,70.0
146,70.0
146,70.0
146,70.0
147,70.0
147,70.0
147,70.0
147,70.0
147,70.0
147,70.0
147,70.0
147,70.0
147,70.0
148,70.0
148,70.0
148,70.0
148,70.0
148,70.0
148,70.0
148,70.0
148,70.0
148,70.0
148,70.0
149,70.0
149,70.0
149,70.0
149,70.0
149,70.0
149,70.0
149,70.0
149,70.0
149,70.0
149,70.0
150,70.0
150,70.0
150,70.0
150,70.0
150,70.0
150,70.0
150,70.0
150,70.0
150,70.0
150,70.0
151,70.0
151,70.0
151,70.0
151,70.0
151,70.0
151,70.0
151,70.0
151,70.0
151,70.0
151,70.0
151,70.0
152,70.0
152,70.0
152,70.0
152,70.0
152,70.0
152,70.0
152,70.0
152,70.0
152,70.0
152,70.0
153,70.0
153,70.0
153,70.0
153,70.0
153,70.0
153,70.0
153,70.0
153,70.0
153,70.0
153,70.0
154,70.0
154,70.0
154,70.0
154,70.0
154,70.0
154,70.0
154,70.0
154,70.0
154,70.0
154,70.0
155,70.0
155,70.0
155,70.0
155,70.0
155,70.0
155,70.0
155,70.0
155,70.0
155,70.0
155,70.0
156,70.0
156,70.0
156,70.0
156,70.0
156,70.0
156,70.0
156,70.0
156,70.0
156,70.0
157,70.0
157,70.0
157,70.0
157,70.0
157,70.0
157,70.0
157,70.0
157,70.0
157,70.0
157,70.0
158,70.0
158,70.0
158,70.0
158,70.0
158,70.0
158,70.0
158,70.0
158,70.0
158,70.0
158,70.0
159,70.0
159,70.0
159,70.0
159,70.0
159,70.0
159,70.0
159,70.0
159,70.0
159,70.0
159,70.0
160,70.0
160,70.0
160,70.0
160,70.0
160,70.0
160,70.0
160,70.0
160,70.0
160,70.0
160,70.0
160,70.0
161,70.0
161,70.0
161,70.0
161,70.0
161,70.0
161,70.0
161,70.0
161,70.0
161,70.0
161,70.0
162,70.0
162,70.0
162,70.0
162,70.0
162,70.0
162,70.0
162,70.0
162,70.0
162,70.0
