0,0
0,0
0,33.2
0,33.2
0,34.8
0,34.3
0,33.8
0,33.8
0,34.3
0,34.1
0,34.3
1,34.3
1,34.3
1,33.9
1,33.9
1,33.9
1,34.3
1,33.9
1,33.9
1,33.4
1,34.3
2,34.3
2,33.2
2,34.5
2,34.8
2,34.8
2,34.7
2,34.3
2,34.3
2,34.3
3,34.8
3,34.1
3,34.1
3,33.4
3,34.5
3,34.5
3,34.3
3,34.1
3,33.9
3,33.9
3,33.8
3,34.8
4,34.8
4,34.8
4,33.8
4,34.5
4,34.5
4,33.9
4,34.5
4,34.5
4,34.7
5,34.5
5,34.3
5,34.3
5,34.7
5,34.8
5,34.8
5,34.7
5,34.1
5,33.9
5,33.9
6,34.3
6,34.5
6,34.5
6,34.8
6,34.5
6,34.7
6,34.7
6,35.0
6,33.9
6,33.9
7,33.9
7,34.5
7,34.5
7,34.5
7,34.3
7,34.3
7,34.3
7,34.5
7,34.7
7,34.7
8,35.6
8,34.5
8,34.8
8,34.8
8,34.7
8,34.1
8,34.1
8,34.1
8,33.9
8,34.7
9,34.7
9,33.6
9,35.0
9,35.0
9,33.9
9,34.1
9,34.1
9,34.5
9,34.5
9,34.7
10,34.7
10,35.2
10,34.7
10,34.1
10,34.1
10,34.5
10,34.7
10,34.7
10,35.0
10,34.5
11,34.3
11,34.3
11,35.2
11,34.8
11,34.8
11,34.3
11,34.3
11,34.5
11,34.5
12,34.1
12,34.8
12,34.8
12,34.7
12,34.1
12,34.1
12,34.5
12,34.3
12,34.8
12,34.8
12,34.5
12,34.3
13,34.3
13,35.0
13,35.0
13,34.1
13,34.1
13,34.5
13,34.8
13,34.8
13,34.8
14,34.8
14,34.3
14,34.3
14,34.5
14,34.1
14,34.1
14,34.3
14,34.1
14,33.9
14,33.9
15,34.3
15,35.0
15,35.0
15,34.7
15,35.2
15,35.6
15,35.6
15,34.3
15,34.5
15,34.5
16,34.8
16,35.0
16,34.7
16,34.7
16,35.6
16,35.0
16,35.4
16,35.4
16,35.0
16,35.2
17,35.2
17,34.8
17,35.2
17,34.8
17,34.8
17,35.6
17,33.9
17,33.9
17,35.4
18,35.0
18,34.7
18,34.7
18,34.8
18,35.8
18,35.8
18,35.4
18,34.3
18,34.3
18,34.3
19,34.3
19,34.3
19,34.3
19,34.7
19,35.0
19,35.0
19,35.0
19,34.1
19,35.2
19,35.2
19,34.7
20,34.5
20,34.3
20,34.3
20,34.5
20,34.5
20,34.5
20,34.8
20,34.5
20,35.8
20,35.8
21,34.7
21,35.2
21,35.2
21,34.3
21,34.3
21,34.8
21,34.8
21,34.8
21,35.4
21,35.4
22,35.2
22,35.2
22,34.7
22,34.7
22,35.4
22,34.8
22,34.8
22,34.8
22,34.5
23,34.5
23,34.5
23,34.5
23,35.4
23,34.5
23,34.5
23,34.7
23,35.2
23,34.8
23,34.8
24,34.3
24,34.8
24,34.8
24,35.0
24,35.6
24,35.4
24,35.4
24,35.0
24,35.4
24,35.4
25,35.0
25,34.8
25,34.8
25,34.8
25,34.8
25,34.8
25,34.8
25,35.0
25,35.6
25,34.8
25,34.8
26,35.6
26,35.4
26,35.4
26,34.5
26,34.8
26,35.2
26,35.2
26,35.0
26,34.3
26,34.3
27,35.6
27,34.5
27,35.2
27,35.2
27,34.8
27,34.1
27,34.1
27,35.0
27,34.7
27,35.9
28,35.9
28,35.0
28,35.2
28,35.2
28,35.8
28,35.2
28,35.0
28,35.0
28,34.1
28,34.8
29,34.8
29,35.2
29,35.6
29,35.0
29,35.0
29,34.5
29,35.0
29,35.0
29,35.2
30,34.7
30,34.1
30,34.1
30,34.7
30,35.6
30,35.6
30,35.2
30,33.9
30,35.4
30,35.4
31,35.2
31,34.3
31,34.3
31,35.2
31,34.8
31,35.4
31,35.4
31,34.8
31,34.7
31,34.7
32,34.3
32,34.7
32,35.6
32,35.6
32,35.4
32,35.9
32,35.9
32,34.5
32,34.5
32,35.0
32,35.0
33,35.0
33,35.4
33,35.4
33,36.1
33,35.9
33,35.0
33,35.0
33,35.2
33,35.2
33,35.2
34,35.4
34,35.2
34,34.8
34,34.8
34,35.8
34,34.7
34,34.7
34,35.2
34,35.2
34,35.2
35,35.2
35,35.4
35,35.2
35,35.2
35,35.8
35,35.6
35,34.8
35,34.8
35,34.3
35,35.4
36,35.4
36,34.5
36,35.2
36,36.1
36,36.1
36,34.5
36,35.0
36,35.0
36,34.7
36,34.8
37,34.3
37,34.3
37,34.7
37,34.7
37,34.7
37,35.2
37,35.4
37,35.0
37,35.0
38,35.4
38,35.4
38,35.4
38,34.8
38,34.3
38,34.3
38,35.4
38,35.6
38,34.5
38,34.5
39,35.6
39,34.8
39,34.8
39,35.6
39,35.4
39,34.7
39,34.7
39,34.8
39,35.0
39,35.0
40,34.8
40,35.4
40,34.8
40,34.8
40,34.8
40,35.2
40,35.2
40,35.6
40,34.8
40,34.8
41,34.8
41,35.9
41,35.4
41,35.4
41,35.9
41,35.0
41,35.2
41,35.2
41,35.2
41,34.1
41,34.1
42,35.4
42,34.5
42,35.2
42,35.2
42,35.0
42,35.2
42,35.2
42,35.9
42,35.0
42,35.0
43,35.6
43,35.4
43,35.0
43,35.0
43,35.2
43,34.8
43,34.8
43,34.5
43,35.0
43,35.4
44,35.4
44,34.3
44,35.4
44,35.4
44,35.2
44,35.4
44,35.6
44,35.6
44,35.4
44,35.0
45,35.0
45,35.6
45,35.0
45,35.2
45,35.2
45,35.9
45,35.2
45,35.2
45,34.3
46,35.4
46,35.2
46,35.2
46,35.2
46,34.7
46,34.7
46,35.2
46,35.4
46,35.4
46,35.4
47,35.4
47,35.2
47,35.2
47,35.2
47,35.0
47,34.8
47,34.8
47,35.2
47,35.8
47,35.8
48,35.4
48,35.4
48,34.7
48,34.7
48,34.7
48,35.6
48,35.6
48,35.6
48,35.6
48,35.4
49,35.4
49,34.8
49,35.6
49,35.6
49,35.2
49,35.6
49,34.8
49,34.8
49,35.4
49,35.2
50,35.2
50,35.8
50,34.7
50,35.2
50,35.2
50,36.1
50,35.6
50,35.6
50,35.8
50,35.6
50,35.0
51,35.0
51,35.6
51,35.0
51,35.0
51,34.8
51,35.4
51,35.6
51,35.6
51,35.4
51,35.4
52,35.4
52,35.6
52,35.4
52,35.2
52,35.2
52,35.0
52,35.6
52,35.6
52,35.2
52,35.2
53,35.2
53,34.7
53,35.0
53,35.6
53,35.6
53,35.4
53,35.2
53,35.2
53,35.9
54,35.2
54,35.2
54,35.2
54,35.2
54,35.8
54,35.8
54,35.8
54,35.4
54,35.2
54,35.2
55,35.0
55,35.8
55,35.8
55,36.1
55,35.6
55,35.0
55,35.0
55,35.4
55,35.2
55,35.2
56,35.4
56,35.6
56,35.8
56,35.8
56,35.0
56,34.8
56,34.8
56,35.6
56,35.6
56,35.6
57,35.6
57,35.6
57,35.4
57,35.4
57,35.6
57,34.7
57,35.4
57,35.4
57,35.2
57,35.6
58,35.6
58,35.4
58,34.7
58,35.0
58,35.0
58,35.6
58,35.8
58,35.8
58,35.8
58,35.0
59,35.4
59,35.4
59,35.4
59,35.6
59,35.6
59,35.6
59,35.0
59,35.4
59,35.4
59,36.3
60,35.0
60,35.2
60,35.2
60,36.3
60,34.7
60,35.2
60,35.2
60,35.4
60,35.4
60,35.4
61,35.4
61,35.4
61,35.9
61,35.9
61,35.6
61,35.4
61,34.8
61,34.8
61,35.8
61,35.8
62,35.8
62,35.9
62,35.4
62,35.2
62,35.2
62,35.6
62,35.2
62,35.2
62,35.9
63,35.9
63,35.2
63,35.2
63,35.4
63,35.6
63,35.6
63,35.9
63,35.8
63,35.0
63,35.0
63,35.8
63,36.1
64,36.1
64,35.0
64,35.8
64,35.2
64,35.2
64,35.2
64,35.9
64,35.9
64,35.0
65,35.0
65,35.6
65,35.6
65,35.6
65,36.5
65,36.5
65,36.1
65,35.0
65,35.4
65,35.4
66,35.4
66,34.7
66,34.7
66,35.4
66,35.6
66,35.8
66,35.8
66,35.8
66,35.0
66,35.0
67,35.6
67,35.4
67,36.3
67,36.3
67,35.6
67,35.2
67,35.2
67,35.4
67,35.2
67,35.2
68,35.2
68,36.1
68,35.6
68,35.6
68,35.4
68,35.4
68,35.4
68,35.4
68,35.2
68,35.8
69,35.8
69,35.4
69,35.0
69,35.8
69,35.8
69,35.9
69,35.6
69,35.6
69,35.9
70,35.4
70,36.1
70,36.1
70,35.6
70,35.8
70,35.8
70,35.9
70,35.9
70,36.7
70,36.7
71,35.6
71,35.4
71,35.4
71,35.8
71,35.4
71,36.3
71,36.3
71,35.6
71,35.9
71,35.0
71,35.0
72,34.5
72,35.8
72,35.8
72,36.1
72,35.4
72,35.4
72,35.4
72,35.8
72,35.4
72,35.8
73,35.8
73,35.8
73,34.8
73,35.6
73,35.6
73,36.1
73,35.2
73,35.2
73,35.9
74,35.8
74,35.0
74,35.0
74,35.9
74,35.0
74,35.0
74,34.8
74,35.4
74,35.9
74,35.9
74,36.1
74,35.8
75,35.8
75,35.2
75,35.4
75,36.1
75,36.1
75,35.8
75,35.0
75,35.0
75,35.8
76,35.9
76,35.0
76,35.0
76,35.6
76,34.8
76,34.8
76,35.4
76,35.8
76,36.3
76,36.3
77,35.8
77,35.8
77,35.8
77,35.8
77,35.9
77,36.1
77,36.1
77,35.9
77,35.4
77,35.4
78,34.8
78,34.8
78,35.4
78,35.4
78,35.0
78,35.2
78,35.2
78,35.9
78,35.0
78,35.8
79,35.8
79,35.2
79,35.6
79,35.6
79,35.4
79,35.6
79,35.8
79,35.8
79,35.8
79,35.4
80,35.0
80,35.0
80,35.2
80,35.8
80,35.8
80,35.8
80,35.6
80,35.6
80,35.6
81,35.8
81,35.4
81,35.4
81,35.6
81,35.0
81,35.0
81,35.0
81,35.4
81,35.9
81,35.9
81,36.1
82,35.0
82,35.4
82,35.4
82,35.2
82,34.8
82,34.8
82,35.8
82,35.6
82,36.1
82,36.1
83,36.5
83,35.6
83,35.6
83,35.9
83,35.8
83,35.0
83,35.0
83,35.0
83,35.4
83,35.4
84,35.8
84,35.9
84,35.8
84,35.8
84,36.5
84,35.9
84,35.9
84,35.4
84,35.8
84,36.1
85,36.1
85,35.4
85,36.9
85,36.9
85,35.6
85,36.1
85,34.8
85,34.8
85,35.6
85,35.6
86,35.6
86,36.1
86,35.8
86,36.1
86,36.1
86,36.3
86,35.0
86,35.0
86,36.1
86,35.9
87,35.4
87,35.4
87,36.1
87,35.6
87,35.6
87,35.6
87,35.6
87,36.3
87,36.3
88,35.8
88,34.8
88,34.8
88,35.2
88,35.4
88,35.8
88,35.8
88,35.0
88,35.9
88,35.9
89,35.8
89,35.4
89,35.8
89,35.8
89,35.9
89,36.1
89,36.1
89,36.1
89,35.2
89,35.2
90,35.6
90,35.6
90,36.3
90,36.3
90,35.0
90,35.4
90,35.4
90,35.2
90,35.8
90,35.6
90,35.6
91,35.9
91,35.2
91,35.2
91,36.3
91,35.9
91,36.3
91,36.3
91,36.1
91,35.6
91,35.6
92,35.6
92,36.1
92,35.4
92,35.4
92,35.6
92,36.3
92,36.3
92,35.2
92,36.1
92,35.6
93,35.6
93,35.4
93,35.8
93,35.8
93,35.4
93,35.6
93,35.2
93,35.2
93,35.4
93,35.8
94,35.8
94,35.8
94,35.8
94,35.4
94,35.4
94,35.4
94,35.2
94,35.2
94,35.8
94,35.4
95,35.4
95,35.2
95,35.6
95,35.8
95,35.8
95,35.4
95,35.4
95,35.4
95,36.3
96,34.7
96,35.9
96,35.9
96,35.8
96,36.3
96,36.3
96,35.6
96,34.8
96,35.2
96,35.2
97,36.5
97,35.6
97,35.6
97,36.1
97,35.8
97,35.8
97,35.8
97,34.7
97,36.3
97,36.3
98,35.6
98,35.8
98,35.8
98,35.6
98,35.2
98,36.1
98,36.1
98,35.8
98,35.9
98,35.9
99,35.9
99,36.7
99,36.3
99,36.3
99,35.6
99,35.8
99,35.8
99,35.9
99,34.5
99,35.6
99,35.6
100,35.8
100,35.8
100,35.8
100,35.9
100,35.9
100,36.1
100,36.1
100,36.1
100,36.1
100,36.1
101,35.2
101,35.4
101,35.6
101,35.6
101,35.6
101,35.2
101,35.2
101,36.5
101,35.8
101,34.8
102,34.8
102,35.2
102,35.6
102,35.6
102,35.9
102,35.6
102,35.9
102,35.9
102,35.0
102,35.8
103,35.8
103,35.8
103,35.9
103,35.8
103,35.8
103,35.6
103,35.6
103,35.6
103,35.6
104,36.1
104,35.6
104,35.6
104,35.9
104,35.9
104,35.9
104,35.9
104,35.8
104,36.1
104,36.1
105,36.9
105,36.1
105,36.1
105,35.2
105,35.2
105,35.8
105,35.8
105,36.1
105,35.8
105,35.0
106,35.0
106,35.9
106,35.6
106,35.6
106,35.8
106,35.8
106,36.7
106,36.7
106,35.9
106,36.1
107,36.1
107,35.2
107,35.9
107,35.8
107,35.8
107,35.4
107,36.1
107,36.1
107,35.8
107,35.4
107,35.9
108,35.9
108,36.1
108,35.2
108,35.2
108,35.0
108,35.6
108,36.1
108,36.1
108,35.4
108,35.8
109,35.8
109,35.9
109,36.1
109,35.6
109,35.6
109,35.4
109,35.8
109,35.2
109,35.2
110,35.8
110,35.9
110,35.6
110,35.6
110,35.8
110,35.8
110,35.8
110,35.6
110,35.6
110,36.1
111,36.1
111,34.8
111,35.2
111,35.2
111,35.2
111,35.0
111,35.8
111,35.8
111,35.9
111,35.8
112,35.8
112,35.6
112,35.9
112,35.6
112,35.6
112,35.4
112,35.8
112,35.8
112,35.0
112,36.1
112,35.4
113,35.4
113,35.6
113,36.5
113,36.5
113,35.9
113,35.8
113,35.6
113,35.6
113,36.3
113,36.1
114,36.1
114,35.4
114,36.1
114,36.5
114,36.5
114,35.4
114,35.2
114,35.2
114,35.9
115,35.6
115,35.0
115,35.0
115,36.3
115,35.6
115,35.6
115,35.6
115,36.1
115,34.8
115,34.8
116,35.6
116,35.4
116,35.4
116,35.8
116,35.2
116,35.6
116,35.6
116,35.4
116,35.4
116,35.4
117,35.0
117,35.9
117,35.8
117,35.8
117,35.9
117,35.6
117,35.6
117,35.4
117,35.9
117,35.6
118,35.6
118,35.6
118,35.8
118,35.8
118,35.6
118,35.6
118,35.4
118,35.4
118,35.4
118,36.1
119,36.1
119,35.8
119,35.9
119,36.1
119,36.1
119,35.8
119,35.9
119,35.9
119,35.6
119,35.8
120,35.8
120,35.9
120,35.8
120,35.9
120,35.9
120,35.6
120,35.6
120,35.6
120,35.8
120,35.8
120,36.1
121,36.1
121,35.4
121,36.1
121,36.1
121,36.1
121,35.6
121,34.3
121,34.3
121,36.1
121,35.6
122,35.4
122,35.4
122,35.8
122,36.3
122,35.9
122,35.9
122,35.9
122,35.6
122,35.6
123,36.3
123,35.9
123,35.8
123,35.8
123,35.4
123,35.6
123,35.0
123,35.0
123,35.8
123,36.1
124,35.8
124,35.8
124,35.8
124,36.3
124,36.3
124,36.1
124,35.6
124,36.1
124,36.1
124,36.3
124,36.1
125,36.1
125,35.6
125,35.9
125,36.1
125,36.1
125,36.1
125,35.8
125,35.8
125,36.1
125,35.8
126,35.9
126,35.9
126,36.3
126,35.8
126,35.8
126,35.6
126,36.1
126,36.3
126,36.3
127,35.4
127,35.8
127,35.8
127,35.9
127,35.8
127,35.2
127,35.2
127,35.4
127,35.8
127,35.8
128,35.9
128,35.9
128,36.1
128,36.1
128,36.7
128,35.9
128,35.9
128,35.2
128,36.1
128,36.1
129,35.6
129,36.3
129,35.6
129,35.6
129,36.1
129,35.9
129,35.9
129,36.1
129,35.6
129,35.8
130,35.8
130,35.8
130,36.5
130,35.8
130,35.8
130,35.6
130,35.9
130,35.9
130,35.4
130,35.8
131,35.2
131,35.2
131,35.8
131,36.1
131,36.1
131,35.6
131,35.4
131,35.4
131,36.1
132,35.4
132,35.6
132,35.6
132,36.3
132,35.8
132,35.9
132,35.9
132,35.2
132,35.6
132,35.6
132,35.8
132,35.4
133,36.5
133,36.5
133,36.3
133,35.8
133,35.8
133,36.3
133,36.1
133,34.5
133,34.5
134,35.9
134,35.0
134,35.0
134,35.8
134,35.0
134,35.8
134,35.8
134,35.6
134,36.5
134,36.5
135,35.9
135,36.5
135,36.1
135,36.1
135,35.8
135,35.8
135,35.6
135,35.6
135,35.6
135,36.3
136,36.3
136,36.1
136,36.1
136,35.6
136,35.6
136,35.9
136,35.9
136,35.9
136,35.6
137,36.9
137,35.9
137,35.9
137,35.8
137,36.1
137,36.1
137,35.6
137,35.9
137,36.1
137,36.1
138,35.8
138,35.8
138,35.8
138,35.2
138,35.8
138,36.3
138,36.3
138,36.3
138,35.9
138,35.9
138,35.4
138,36.1
139,36.1
139,35.9
139,36.7
139,35.6
139,35.6
139,36.5
139,35.9
139,35.9
139,36.7
140,35.8
140,35.8
140,35.8
140,36.5
140,36.3
140,36.3
140,35.6
140,36.3
140,36.1
140,36.1
141,35.9
141,35.6
141,35.6
141,35.9
141,35.6
141,36.1
141,36.1
141,35.8
141,35.6
141,35.6
142,36.3
142,35.8
142,36.3
142,36.3
142,36.1
142,35.6
142,35.6
142,35.9
142,35.8
142,36.1
143,36.1
143,36.1
143,35.8
143,35.8
143,35.9
143,35.9
143,35.9
143,35.9
143,35.9
143,35.6
144,35.6
144,35.4
144,35.4
144,35.9
144,35.9
144,34.8
144,35.8
144,35.8
144,36.9
144,36.9
145,35.6
145,35.6
145,36.3
145,36.1
145,36.1
145,36.7
145,36.3
145,35.2
145,35.2
146,35.9
146,35.6
146,35.6
146,35.4
146,35.6
146,35.6
146,35.9
146,35.6
146,35.0
146,35.0
147,36.3
147,35.8
147,35.8
147,36.1
147,36.7
147,36.1
147,36.1
147,36.1
147,36.3
147,36.3
147,36.1
148,35.8
148,36.3
148,36.3
148,35.9
148,35.8
148,35.8
148,35.6
148,36.3
148,35.8
148,35.8
149,35.8
149,35.9
149,35.9
149,35.8
149,35.4
149,35.4
149,35.6
149,36.1
149,36.5
149,36.5
150,36.1
150,36.5
150,36.5
150,35.9
150,36.5
150,35.8
150,35.8
150,36.5
150,36.1
150,36.1
151,35.8
151,36.3
151,35.8
151,35.8
151,35.2
151,35.8
151,35.8
151,36.3
151,36.3
151,36.5
152,36.5
152,36.5
152,35.2
152,35.2
152,36.9
152,35.8
152,35.6
152,35.6
152,35.6
152,35.2
153,35.2
153,35.4
153,35.9
153,36.1
153,36.1
153,35.4
153,34.8
153,34.8
153,35.6
154,36.3
154,35.8
154,35.8
154,36.1
154,35.8
154,35.8
154,36.1
154,36.1
154,36.5
154,36.5
155,35.8
155,36.3
155,36.3
155,35.4
155,36.7
155,36.7
155,36.7
155,36.5
155,36.3
155,36.3
156,36.5
156,35.6
156,35.6
156,35.6
156,35.2
156,36.7
156,36.7
156,35.8
156,35.2
156,35.2
157,36.5
157,36.1
157,35.9
157,35.9
157,35.4
157,35.6
157,35.6
157,36.1
157,36.1
157,35.6
157,35.6
158,35.9
158,36.5
158,36.5
158,37.0
158,35.9
158,35.4
158,35.4
158,36.3
158,36.1
158,36.1
159,35.9
159,36.5
159,36.5
159,35.9
159,36.1
159,35.8
159,35.8
159,36.5
159,35.8
159,35.8
160,35.6
160,35.8
160,36.9
160,36.9
160,35.9
160,37.0
160,37.0
160,36.9
160,36.1
160,35.9
161,35.9
161,36.5
161,35.9
161,35.9
161,36.1
161,35.6
161,35.4
161,35.4
161,35.9
162,35.8
162,35.6
162,35.6
162,35.9
162,36.9
162,36.9
162,35.9
162,35.6
162,35.4
162,35.4
163,37.0
163,36.9
163,36.9
163,37.0
163,35.8
163,36.5
163,36.5
163,36.7
163,36.3
163,35.2
163,35.2
164,36.5
164,35.9
164,35.9
164,35.9
164,35.6
164,36.7
164,36.7
164,36.3
164,36.1
164,36.1
165,36.5
165,36.9
165,36.9
165,35.2
165,35.6
165,36.1
165,36.1
165,35.8
165,35.0
165,35.0
166,35.0
166,36.5
166,35.8
166,35.8
166,36.3
166,35.9
166,35.9
166,35.6
166,36.3
166,35.9
167,35.9
167,35.6
167,36.3
167,36.3
167,36.5
167,35.9
167,35.8
167,35.8
167,36.3
167,35.6
168,35.6
168,35.9
168,35.9
168,36.7
168,36.7
168,36.5
168,35.9
168,36.5
168,36.5
169,35.4
169,35.8
169,35.8
169,36.3
169,36.5
169,35.9
169,35.9
169,35.8
169,35.8
169,35.8
170,36.7
170,36.7
170,35.8
170,35.8
170,35.8
170,35.9
170,35.9
170,36.9
170,35.8
170,35.9
171,35.9
171,36.7
171,35.6
171,35.6
171,35.4
171,36.5
171,35.9
171,35.9
171,35.8
171,35.8
171,35.8
172,35.9
172,35.8
172,36.1
172,36.1
172,35.4
172,36.1
172,36.1
172,36.1
172,36.1
172,36.1
173,35.4
173,35.9
173,36.3
173,36.3
173,36.7
173,35.6
173,35.6
173,36.3
173,36.7
173,35.2
174,35.2
174,35.9
174,36.5
174,36.5
174,36.1
174,35.9
174,35.9
174,35.9
174,35.9
174,35.8
175,35.8
175,35.8
175,36.3
175,36.3
175,36.7
175,35.9
175,36.5
175,36.5
175,36.7
176,34.8
176,37.0
176,37.0
176,36.1
176,35.9
176,35.6
176,35.6
176,36.5
176,36.1
176,36.1
177,35.6
177,36.3
177,35.8
177,35.8
177,35.2
177,35.9
177,35.9
177,35.8
177,35.6
177,35.4
178,35.4
178,35.4
178,36.3
178,36.3
178,35.9
178,36.3
178,35.6
178,35.6
178,36.1
178,36.9
179,36.9
179,35.2
179,36.1
179,36.1
179,35.8
179,36.3
179,36.5
179,36.5
179,35.8
179,36.7
179,37.0
180,37.0
180,36.7
180,36.1
180,36.5
180,36.5
180,36.5
180,36.1
180,36.1
180,36.1
181,36.3
181,36.3
181,36.3
181,35.8
181,35.8
181,35.8
181,35.8
181,36.7
181,36.1
181,36.1
182,37.2
182,35.9
182,35.9
182,36.3
182,35.8
182,36.1
182,36.1
182,35.6
182,36.7
182,36.7
183,36.3
183,36.7
183,36.3
183,36.3
183,36.3
183,36.1
183,36.1
183,36.3
183,36.5
183,36.7
184,36.7
184,36.1
184,36.3
184,35.8
184,35.8
184,36.1
184,35.9
184,35.9
184,36.1
184,36.7
184,36.7
185,35.8
185,35.8
185,36.5
185,36.5
185,36.7
185,35.9
185,35.9
185,36.7
185,35.8
185,36.3
186,36.3
186,35.9
186,36.3
186,36.3
186,36.3
186,36.7
186,36.1
186,36.1
186,36.1
186,36.1
187,36.1
187,36.7
187,36.7
187,35.9
187,35.9
187,36.3
187,36.1
187,36.1
187,35.8
188,36.1
188,35.4
188,35.4
188,36.3
188,36.3
188,36.3
188,36.3
188,35.8
188,35.6
188,35.6
189,35.0
189,35.8
189,35.8
189,35.4
189,36.1
189,36.5
189,36.5
189,35.8
189,36.1
189,36.1
190,36.1
190,35.9
190,36.7
190,36.7
190,36.1
190,36.3
190,36.3
190,35.8
190,35.6
190,36.3
191,36.3
191,36.5
191,35.8
191,35.8
191,36.5
191,36.3
191,36.3
191,36.3
191,36.3
191,35.9
192,35.9
192,36.1
192,35.4
192,36.3
192,36.3
192,35.2
192,36.5
192,36.5
192,35.8
192,35.8
192,35.4
193,35.4
193,36.3
193,36.1
193,36.1
193,36.9
193,36.7
193,36.7
193,36.7
193,35.8
193,35.9
194,35.9
194,35.9
194,36.1
194,36.1
194,36.5
194,35.6
194,36.7
194,36.7
194,36.5
194,35.9
195,35.9
195,35.6
195,35.8
195,36.1
195,36.1
195,35.9
195,35.9
195,35.9
195,36.1
196,35.9
196,35.8
196,35.8
196,36.1
196,36.3
196,36.3
196,35.6
196,35.9
196,35.6
196,35.6
197,35.9
197,36.5
197,36.5
197,35.4
197,36.3
197,36.7
197,36.7
197,37.2
197,36.1
197,36.1
198,36.3
198,35.8
198,36.5
198,36.5
198,35.8
198,36.3
198,36.3
198,35.4
198,36.1
198,36.1
199,36.1
199,35.4
199,36.1
199,36.1
199,36.5
199,35.8
199,36.3
199,36.3
199,35.4
199,36.7
200,36.7
200,35.9
200,36.1
200,36.7
200,36.7
200,36.7
200,35.6
200,35.6
200,36.9
200,35.9
201,35.9
201,35.2
201,37.2
201,35.2
201,35.2
201,36.5
201,36.7
201,36.7
201,36.7
201,36.5
201,36.7
202,36.7
202,36.3
202,35.9
202,35.9
202,35.2
202,35.8
202,36.9
202,36.9
202,36.9
202,36.3
203,36.3
203,36.7
203,35.4
203,35.9
203,35.9
203,35.9
203,36.3
203,36.3
203,36.3
204,36.5
204,36.7
204,36.7
204,36.9
204,35.9
204,35.9
204,36.1
204,35.8
204,35.8
204,35.8
205,35.8
205,35.8
205,35.8
205,37.0
205,35.6
205,36.3
205,36.3
205,37.6
205,36.3
205,36.3
206,36.3
206,36.7
206,36.1
206,36.1
206,36.1
206,35.9
206,35.9
206,35.6
206,35.6
206,36.7
207,36.7
207,36.1
207,35.9
207,35.9
207,36.5
207,36.1
207,36.9
207,36.9
207,35.8
207,36.1
208,36.1
208,37.0
208,35.8
208,35.6
208,35.6
208,36.1
208,35.9
208,35.9
208,36.5
208,36.5
209,36.5
209,36.1
209,37.0
209,35.8
209,35.8
209,35.9
209,36.7
209,36.7
209,35.9
210,36.5
210,35.9
210,35.9
210,36.5
210,36.1
210,36.1
210,36.5
210,35.9
210,36.3
210,36.3
210,36.1
210,35.8
211,35.8
211,35.8
211,35.8
211,35.4
211,35.4
211,36.7
211,36.1
211,36.1
211,35.9
212,35.6
212,36.3
212,36.3
212,36.5
212,36.1
212,36.1
212,35.8
212,35.9
212,35.6
212,35.6
213,36.5
213,36.5
213,36.5
213,36.3
213,35.6
213,35.9
213,35.9
213,35.9
213,36.3
213,36.3
214,36.1
214,37.2
214,36.7
214,36.7
214,36.1
214,36.3
214,36.3
214,35.9
214,36.1
214,36.3
215,36.3
215,35.8
215,36.3
215,36.3
215,35.6
215,35.8
215,36.3
215,36.3
215,35.6
215,35.9
216,35.9
216,36.3
216,35.9
216,36.3
216,36.3
216,36.5
216,36.7
216,36.7
216,35.8
217,36.1
217,36.9
217,36.9
217,36.5
217,36.1
217,36.1
217,35.4
217,36.3
217,36.5
217,36.5
217,36.1
217,36.5
218,36.5
218,35.6
218,37.2
218,36.1
218,36.1
218,35.9
218,36.3
218,36.3
218,36.3
219,36.5
219,36.7
219,36.7
219,36.3
219,36.7
219,36.7
219,36.3
219,36.3
219,35.8
219,35.8
220,35.9
220,36.5
220,36.5
220,36.5
220,35.8
220,35.8
220,35.8
220,35.6
220,36.3
220,36.3
221,36.7
221,35.9
221,35.9
221,35.9
221,35.8
221,35.6
221,35.6
221,35.8
221,36.7
221,35.8
222,35.8
222,35.8
222,35.9
222,35.9
222,36.5
222,36.7
222,36.5
222,36.5
222,36.1
222,36.7
223,36.7
223,35.9
223,36.1
223,35.8
223,35.8
223,36.3
223,36.7
223,36.7
223,36.5
224,35.4
224,36.9
224,36.9
224,36.3
224,36.1
224,36.1
224,36.5
224,37.2
224,37.0
224,37.0
224,36.3
224,36.7
225,36.7
225,36.5
225,36.3
225,35.9
225,35.9
225,35.8
225,35.8
225,35.8
225,36.9
226,36.1
226,36.3
226,36.3
226,36.1
226,36.7
226,36.7
226,36.5
226,35.6
226,35.6
226,36.1
227,35.9
227,36.5
227,36.5
227,35.8
227,36.5
227,36.5
227,35.8
227,36.7
227,35.9
227,35.9
228,36.5
228,35.9
228,35.9
228,36.1
228,36.1
228,36.3
228,36.3
228,36.3
228,36.7
228,36.7
229,36.5
229,36.7
229,37.8
229,37.8
229,37.6
229,36.3
229,36.3
229,35.9
229,37.2
229,35.6
230,35.6
230,36.3
230,36.5
230,36.5
230,36.5
230,37.0
230,37.0
230,37.0
230,36.5
230,36.5
231,36.5
231,35.8
231,35.4
231,36.1
231,36.1
231,36.5
231,36.1
231,36.1
231,36.3
232,36.3
232,36.9
232,36.9
232,35.9
232,36.1
232,36.1
232,36.7
232,35.8
232,35.9
232,35.9
233,36.5
233,37.0
233,37.0
233,35.6
233,36.3
233,36.1
233,36.1
233,36.1
233,35.4
233,35.4
233,36.3
234,36.3
234,35.9
234,35.9
234,36.1
234,36.5
234,36.5
234,35.9
234,35.9
234,35.9
234,35.9
235,36.1
235,36.5
235,36.5
235,36.3
235,36.9
235,36.5
235,36.5
235,37.2
235,36.1
235,36.1
236,36.7
236,36.3
236,36.3
236,36.3
236,36.5
236,36.9
236,36.9
236,35.9
236,35.6
236,36.1
237,36.1
237,35.8
237,37.0
237,37.0
237,37.0
237,35.6
237,36.1
237,36.1
237,36.5
238,36.5
238,36.3
238,36.3
238,35.6
238,35.6
238,36.5
238,36.5
238,35.4
238,36.7
238,36.7
239,36.5
239,36.1
239,36.1
239,37.0
239,36.9
239,36.7
239,36.7
239,36.3
239,36.7
239,36.7
239,36.7
240,36.7
240,36.9
240,36.9
240,35.8
240,36.5
240,36.5
240,36.5
240,36.7
240,36.1
240,36.1
241,35.9
241,35.4
241,35.9
241,35.9
241,35.2
241,36.3
241,36.3
241,36.7
241,36.9
241,36.7
242,36.7
242,35.8
242,36.3
242,36.3
242,35.9
242,36.7
242,36.1
242,36.1
242,36.7
242,35.8
243,35.8
243,36.1
243,36.5
243,36.5
243,36.5
243,36.5
243,36.1
243,36.1
243,36.5
244,35.8
244,35.4
244,35.4
244,36.9
244,35.6
244,35.6
244,36.1
244,37.2
244,35.9
244,35.9
245,36.7
245,36.5
245,36.5
245,36.3
245,35.9
245,36.3
245,36.3
245,37.2
245,36.5
245,36.5
246,36.5
246,36.3
246,35.8
246,35.8
246,35.8
246,36.7
246,36.7
246,36.7
246,36.7
246,36.1
246,36.1
247,35.9
247,36.1
247,36.1
247,35.9
247,36.3
247,36.9
247,36.9
247,36.5
247,36.1
247,36.1
248,36.9
248,36.7
248,36.3
248,36.3
248,36.5
248,36.3
248,36.3
248,36.5
248,36.5
248,36.5
249,36.5
249,36.3
249,36.9
249,36.9
249,36.5
249,36.3
249,35.8
249,35.8
249,36.9
249,36.5
250,36.5
250,37.2
250,36.3
250,36.3
250,36.3
250,36.3
250,36.7
250,36.7
250,36.3
250,36.9
251,36.3
251,36.3
251,36.1
251,36.3
251,36.3
251,35.9
251,35.8
251,35.8
251,36.7
252,35.9
252,36.1
252,36.1
252,35.8
252,35.8
252,35.8
252,37.0
252,36.3
252,37.0
252,37.0
253,36.3
253,36.1
253,36.1
253,36.1
253,35.9
253,36.1
253,36.1
253,36.7
253,36.7
253,36.7
254,35.8
254,36.7
254,36.3
254,36.3
254,36.1
254,35.9
254,35.9
254,36.7
254,36.1
254,36.1
255,36.1
255,36.9
255,36.3
255,36.3
255,36.9
255,36.1
255,36.1
255,36.1
255,35.8
255,36.1
255,36.1
256,37.0
256,35.8
256,36.7
256,36.7
256,35.2
256,36.3
256,36.3
256,36.7
256,35.8
256,36.5
257,36.5
257,36.9
257,36.3
257,36.3
257,36.3
257,36.9
257,36.5
257,36.5
257,36.3
257,35.9
258,35.9
258,35.9
258,36.1
258,36.5
258,36.5
258,36.1
258,35.8
258,35.8
258,37.0
259,36.1
259,36.5
