0,0
0,0
0,0.0
0,0.0
0,0.0
0,0.0
0,0.0
0,0.0
0,0.0
0,0.0
0,0.0
0,0.0
0,0.0
0,0.0
1,0.0
1,0.0
1,0.0
1,0.0
1,0.0
1,0.0
2,0.0
2,0.0
2,0.0
2,0.0
2,0.0
2,0.0
2,0.0
2,0.0
2,0.0
2,0.0
2,0.0
2,0.0
2,0.0
3,0.0
3,0.0
3,0.0
3,0.0
3,0.0
3,0.0
3,0.0
3,0.0
3,0.0
3,0.0
3,0.0
3,0.0
3,0.0
4,0.0
4,0.0
4,0.0
4,0.0
4,0.0
4,0.0
5,0.0
5,0.0
5,0.0
5,0.0
5,0.0
5,0.0
5,0.0
5,0.0
5,0.0
5,0.0
5,0.0
5,0.0
5,0.0
6,0.0
6,0.0
6,0.0
6,0.0
6,0.0
6,0.0
7,0.0
7,0.0
7,0.0
7,0.0
7,0.0
7,0.0
7,0.0
7,0.0
7,0.0
7,0.0
7,0.0
7,0.0
7,0.0
8,0.0
8,0.0
8,0.0
8,0.0
8,0.0
8,0.0
9,0.0
9,0.0
9,0.0
9,0.0
9,0.0
9,0.0
9,0.0
9,0.0
9,0.0
9,0.0
9,0.0
9,0.0
9,0.0
10,0.0
10,0.0
10,0.0
10,0.0
10,0.0
10,0.0
10,0.0
10,0.0
10,0.0
10,0.0
10,0.0
10,0.0
10,0.0
11,0.0
11,0.0
11,0.0
11,0.0
11,0.0
11,0.0
12,0.0
12,0.0
12,0.0
12,0.0
12,0.0
12,0.0
12,0.0
12,0.0
12,0.0
12,0.0
12,0.0
12,0.0
12,0.0
13,0.0
13,0.0
13,0.0
13,0.0
13,0.0
13,0.0
13,0.0
14,0.0
14,0.0
14,0.0
14,0.0
14,0.0
14,0.0
14,0.0
14,0.0
14,0.0
14,0.0
14,0.0
14,0.0
15,0.0
15,0.0
15,0.0
15,0.0
15,0.0
15,0.0
15,0.0
16,0.0
16,0.0
16,0.0
16,0.0
16,0.0
16,0.0
16,0.0
16,0.0
16,0.0
16,0.0
16,0.0
16,0.0
16,0.0
17,0.0
17,0.0
17,0.0
17,0.0
17,0.0
17,0.0
18,0.0
18,0.0
18,0.0
18,0.0
18,0.0
18,0.0
18,0.0
18,0.0
18,0.0
18,0.0
18,0.0
18,0.0
18,0.0
19,0.0
19,0.0
19,0.0
19,0.0
19,0.0
19,0.0
19,0.0
19,0.0
19,0.0
19,0.0
19,0.0
19,0.0
19,0.0
20,0.0
20,0.0
20,0.0
20,0.0
20,0.0
20,0.0
21,0.0
21,0.0
21,0.0
21,0.0
21,0.0
21,0.0
21,0.0
21,0.0
21,0.0
21,0.0
21,0.0
21,0.0
21,0.0
22,0.0
22,0.0
22,0.0
22,0.0
22,0.0
22,0.0
23,0.0
23,0.0
23,0.0
23,0.0
23,0.0
23,0.0
23,0.0
23,0.0
23,0.0
23,0.0
23,0.0
23,0.0
23,0.0
24,0.0
24,0.0
24,0.0
24,0.0
24,0.0
24,0.0
25,0.0
25,0.0
25,0.0
25,0.0
25,0.0
25,0.0
25,0.0
25,0.0
25,0.0
25,0.0
25,0.0
25,0.0
25,0.0
26,0.0
26,0.0
26,0.0
26,0.0
26,0.0
26,0.0
26,0.0
26,0.0
26,0.0
26,0.0
26,0.0
26,0.0
26,0.0
27,0.0
27,0.0
27,0.0
27,0.0
27,0.0
27,0.0
28,0.0
28,0.0
28,0.0
28,0.0
28,0.0
28,0.0
28,0.0
28,0.0
28,0.0
28,0.0
28,0.0
28,0.0
28,0.0
29,0.0
29,0.0
29,0.0
29,0.0
29,0.0
29,0.0
30,0.0
30,0.0
30,0.0
30,0.0
30,0.0
30,0.0
30,0.0
30,0.0
30,0.0
30,0.0
30,0.0
30,0.0
30,0.0
31,0.0
31,0.0
31,0.0
31,0.0
31,0.0
31,0.0
31,0.0
32,0.0
32,0.0
32,0.0
32,0.0
32,0.0
32,0.0
32,0.0
32,0.0
32,0.0
32,0.0
32,0.0
32,0.0
33,0.0
33,0.0
33,0.0
33,0.0
33,0.0
33,0.0
33,0.0
34,0.0
34,0.0
34,0.0
34,0.0
34,0.0
34,0.0
34,0.0
34,0.0
34,0.0
34,0.0
34,0.0
34,0.0
35,0.0
35,0.0
35,0.0
35,0.0
35,0.0
35,0.0
35,0.0
35,0.0
35,0.0
35,0.0
35,0.0
35,0.0
35,0.0
36,0.0
36,0.0
36,0.0
36,0.0
36,0.0
36,0.0
36,0.0
37,0.0
37,0.0
37,0.0
37,0.0
37,0.0
37,0.0
37,0.0
37,0.0
37,0.0
37,0.0
37,0.0
37,0.0
38,0.0
38,16.3
38,16.3
38,16.3
38,16.3
38,16.3
38,16.3
39,16.3
39,21.1
39,21.1
39,21.1
39,21.1
39,21.1
39,21.1
39,21.6
39,21.6
39,21.6
39,21.6
39,21.6
39,21.6
40,39.9
40,39.9
40,39.9
40,39.9
40,39.9
40,39.9
41,39.9
41,44.5
41,44.5
41,44.5
41,44.5
41,44.5
41,44.5
41,60.1
41,60.1
41,60.1
41,60.1
41,60.1
41,60.1
42,60.1
42,65.5
42,65.5
42,65.5
42,65.5
42,65.5
42,65.5
42,41.8
42,41.8
42,41.8
42,41.8
42,41.8
43,41.8
43,40.0
43,40.0
43,40.0
43,40.0
43,40.0
43,40.0
44,40.0
44,32.2
44,32.2
44,32.2
44,32.2
44,32.2
44,32.2
44,34.1
44,34.1
44,34.1
44,34.1
44,34.1
44,34.1
45,34.1
45,35.7
45,35.7
45,35.7
45,35.7
45,35.7
46,35.7
46,39.5
46,39.5
46,39.5
46,39.5
46,39.5
46,39.5
46,33.2
46,33.2
46,33.2
46,33.2
46,33.2
46,33.2
47,33.2
47,36.3
47,36.3
47,36.3
47,36.3
47,36.3
48,36.3
48,36.5
48,36.5
48,36.5
48,36.5
48,36.5
48,36.5
48,36.5
48,31.3
48,31.3
48,31.3
48,31.3
48,31.3
49,31.3
49,41.1
49,41.1
49,41.1
49,41.1
49,41.1
50,41.1
50,32.5
50,32.5
50,32.5
50,32.5
50,32.5
50,32.5
50,32.5
50,36.3
50,36.3
50,36.3
50,36.3
50,36.3
51,36.3
51,36.5
51,36.5
51,36.5
51,36.5
51,36.5
51,36.5
51,37.5
51,37.5
51,37.5
51,37.5
51,37.5
51,37.5
52,37.5
52,36.1
52,36.1
52,36.1
52,36.1
52,36.1
53,36.1
53,33.4
53,33.4
53,33.4
53,33.4
53,33.4
53,33.4
53,33.4
53,38.2
53,38.2
53,38.2
53,38.2
53,38.2
54,38.2
54,33.4
54,33.4
54,33.4
54,33.4
54,33.4
55,33.4
55,35.6
55,35.6
55,35.6
55,35.6
55,35.6
55,35.6
55,35.6
55,38.2
55,38.2
55,38.2
55,38.2
55,38.2
56,38.2
56,35.2
56,35.2
56,35.2
56,35.2
56,35.2
56,35.2
57,35.2
57,33.2
57,33.2
57,33.2
57,33.2
57,33.2
57,33.2
57,38.1
57,38.1
57,38.1
57,38.1
57,38.1
58,38.1
58,39.5
58,39.5
58,39.5
58,39.5
58,39.5
58,39.5
59,39.5
59,34.9
59,34.9
59,34.9
59,34.9
59,34.9
59,34.9
59,32.7
59,32.7
59,32.7
59,32.7
59,32.7
59,32.7
60,32.7
60,39.1
60,39.1
60,39.1
60,39.1
60,39.1
60,39.1
60,33.6
60,33.6
60,33.6
60,33.6
60,33.6
61,33.6
61,39.3
61,39.3
61,39.3
61,39.3
61,39.3
61,39.3
62,39.3
62,32.9
62,32.9
62,32.9
62,32.9
62,32.9
62,32.9
62,41.1
62,41.1
62,41.1
62,41.1
62,41.1
62,41.1
63,32.4
63,32.4
63,32.4
63,32.4
63,32.4
63,32.4
64,32.4
64,35.9
64,35.9
64,35.9
64,35.9
64,35.9
64,35.9
64,35.0
64,35.0
64,35.0
64,35.0
64,35.0
64,35.0
65,35.0
65,34.9
65,34.9
65,34.9
65,34.9
65,34.9
66,34.9
66,37.4
66,37.4
66,37.4
66,37.4
66,37.4
66,37.4
66,32.4
66,32.4
66,32.4
66,32.4
66,32.4
66,32.4
67,32.4
67,37.9
67,37.9
67,37.9
67,37.9
67,37.9
67,37.9
67,36.6
67,36.6
67,36.6
67,36.6
67,36.6
67,36.6
68,36.6
68,35.0
68,35.0
68,35.0
68,35.0
68,35.0
69,35.0
69,37.5
69,37.5
69,37.5
69,37.5
69,37.5
69,37.5
69,34.3
69,34.3
69,34.3
69,34.3
69,34.3
69,34.3
70,34.3
70,38.4
70,38.4
70,38.4
70,38.4
70,38.4
71,38.4
71,39.0
71,39.0
71,39.0
71,39.0
71,39.0
71,39.0
71,39.0
71,30.6
71,30.6
71,30.6
71,30.6
71,30.6
72,30.6
72,40.0
72,40.0
72,40.0
72,40.0
72,40.0
73,40.0
73,39.2
73,39.2
73,39.2
73,39.2
73,39.2
73,39.2
73,39.2
73,31.7
73,31.7
73,31.7
73,31.7
73,31.7
74,31.7
74,34.1
74,34.1
74,34.1
74,34.1
74,34.1
74,34.1
75,39.2
75,39.2
75,39.2
75,39.2
75,39.2
75,39.2
75,39.2
75,37.2
75,37.2
75,37.2
75,37.2
75,37.2
76,37.2
76,33.8
76,33.8
76,33.8
76,33.8
76,33.8
76,33.8
76,33.8
76,37.7
76,37.7
76,37.7
76,37.7
76,37.7
77,37.7
77,38.1
77,38.1
77,38.1
77,38.1
77,38.1
77,38.1
78,34.0
78,34.0
78,34.0
78,34.0
78,34.0
78,34.0
78,34.0
78,37.0
78,37.0
78,37.0
78,37.0
78,37.0
79,37.0
79,40.8
79,40.8
79,40.8
79,40.8
79,40.8
79,40.8
80,40.8
80,30.9
80,30.9
80,30.9
80,30.9
80,30.9
80,30.9
80,36.8
80,36.8
80,36.8
80,36.8
80,36.8
81,36.8
81,38.8
81,38.8
81,38.8
81,38.8
81,38.8
81,38.8
82,38.8
82,35.8
82,35.8
82,35.8
82,35.8
82,35.8
82,35.8
82,34.7
82,34.7
82,34.7
82,34.7
82,34.7
82,34.7
83,34.7
83,37.0
83,37.0
83,37.0
83,37.0
83,37.0
83,37.0
83,34.5
83,34.5
83,34.5
83,34.5
83,34.5
84,34.5
84,36.8
84,36.8
84,36.8
84,36.8
84,36.8
84,36.8
85,36.8
85,34.3
85,34.3
85,34.3
85,34.3
85,34.3
85,34.3
85,42.9
85,42.9
85,42.9
85,42.9
85,42.9
85,42.9
86,42.9
86,30.0
86,30.0
86,30.0
86,30.0
86,30.0
87,30.0
87,37.5
87,37.5
87,37.5
87,37.5
87,37.5
87,37.5
87,37.9
87,37.9
87,37.9
87,37.9
87,37.9
87,37.9
88,37.9
88,34.7
88,34.7
88,34.7
88,34.7
88,34.7
89,34.7
89,38.8
89,38.8
89,38.8
89,38.8
89,38.8
89,38.8
89,38.8
89,33.1
89,33.1
89,33.1
89,33.1
89,33.1
90,33.1
90,35.9
90,35.9
90,35.9
90,35.9
90,35.9
91,35.9
91,37.7
91,37.7
91,37.7
91,37.7
91,37.7
91,37.7
91,37.7
91,34.5
91,34.5
91,34.5
91,34.5
91,34.5
92,34.5
92,35.9
92,35.9
92,35.9
92,35.9
92,35.9
92,35.9
92,34.1
92,34.1
92,34.1
92,34.1
92,34.1
92,34.1
93,34.1
93,36.5
93,36.5
93,36.5
93,36.5
93,36.5
94,36.5
94,41.1
94,41.1
94,41.1
94,41.1
94,41.1
94,41.1
94,41.1
94,32.4
94,32.4
94,32.4
94,32.4
94,32.4
95,32.4
95,42.2
95,42.2
95,42.2
95,42.2
95,42.2
96,42.2
96,30.9
96,30.9
96,30.9
96,30.9
96,30.9
96,30.9
96,30.9
96,40.4
96,40.4
96,40.4
96,40.4
96,40.4
97,40.4
97,37.7
97,37.7
97,37.7
97,37.7
97,37.7
97,37.7
98,37.7
98,29.9
98,29.9
98,29.9
98,29.9
98,29.9
98,29.9
98,37.4
98,37.4
98,37.4
98,37.4
98,37.4
99,37.4
99,40.4
99,40.4
99,40.4
99,40.4
99,40.4
99,40.4
99,40.4
99,37.7
99,37.7
99,37.7
99,37.7
99,37.7
100,37.7
100,32.5
100,32.5
100,32.5
100,32.5
100,32.5
100,32.5
101,32.5
101,38.8
101,38.8
101,38.8
101,38.8
101,38.8
101,38.8
101,36.7
101,36.7
101,36.7
101,36.7
101,36.7
102,36.7
102,33.1
102,33.1
102,33.1
102,33.1
102,33.1
102,33.1
103,33.1
103,36.8
103,36.8
103,36.8
103,36.8
103,36.8
103,36.8
103,35.2
103,35.2
103,35.2
103,35.2
103,35.2
103,35.2
104,35.2
104,38.6
104,38.6
104,38.6
104,38.6
104,38.6
105,38.6
105,34.7
105,34.7
105,34.7
105,34.7
105,34.7
105,34.7
105,37.0
105,37.0
105,37.0
105,37.0
105,37.0
105,37.0
106,37.0
106,35.4
106,35.4
106,35.4
106,35.4
106,35.4
107,35.4
107,37.0
107,37.0
107,37.0
107,37.0
107,37.0
107,37.0
107,37.2
107,37.2
107,37.2
107,37.2
107,37.2
107,37.2
108,37.2
108,36.5
108,36.5
108,36.5
108,36.5
108,36.5
108,36.5
108,39.2
108,39.2
108,39.2
108,39.2
108,39.2
108,39.2
109,39.2
109,34.3
109,34.3
109,34.3
109,34.3
109,34.3
110,34.3
110,34.7
110,34.7
110,34.7
110,34.7
110,34.7
110,34.7
110,40.6
110,40.6
110,40.6
110,40.6
110,40.6
110,40.6
111,40.6
111,36.1
111,36.1
111,36.1
111,36.1
111,36.1
112,36.1
112,35.9
112,35.9
112,35.9
112,35.9
112,35.9
112,35.9
112,35.9
112,36.7
112,36.7
112,36.7
112,36.7
112,36.7
113,36.7
113,36.7
113,36.7
113,36.7
113,36.7
113,36.7
114,36.7
114,35.8
114,35.8
114,35.8
114,35.8
114,35.8
114,35.8
114,35.8
114,39.2
114,39.2
114,39.2
114,39.2
114,39.2
115,39.2
115,33.4
115,33.4
115,33.4
115,33.4
115,33.4
115,33.4
116,33.4
116,41.7
116,41.7
116,41.7
116,41.7
116,41.7
116,41.7
116,33.8
116,33.8
116,33.8
116,33.8
116,33.8
117,33.8
117,37.6
117,37.6
117,37.6
117,37.6
117,37.6
117,37.6
117,37.6
117,36.8
117,36.8
117,36.8
117,36.8
117,36.8
118,36.8
118,37.7
118,37.7
118,37.7
118,37.7
118,37.7
118,37.7
119,32.5
119,32.5
119,32.5
119,32.5
119,32.5
119,32.5
119,32.5
119,38.8
119,38.8
119,38.8
119,38.8
119,38.8
120,38.8
120,37.6
120,37.6
120,37.6
120,37.6
120,37.6
120,37.6
121,37.6
121,34.2
121,34.2
121,34.2
121,34.2
121,34.2
121,34.2
121,44.3
121,44.3
121,44.3
121,44.3
121,44.3
122,44.3
122,32.6
122,32.6
122,32.6
122,32.6
122,32.6
122,32.6
123,32.6
123,35.9
123,35.9
123,35.9
123,35.9
123,35.9
123,35.9
123,32.2
123,32.2
123,32.2
123,32.2
123,32.2
123,32.2
124,32.2
124,41.1
124,41.1
124,41.1
124,41.1
124,41.1
124,41.1
124,35.1
124,35.1
124,35.1
124,35.1
124,35.1
125,35.1
125,38.3
125,38.3
125,38.3
125,38.3
125,38.3
125,38.3
126,38.3
126,35.0
126,35.0
126,35.0
126,35.0
126,35.0
126,35.0
126,38.3
126,38.3
126,38.3
126,38.3
126,38.3
126,38.3
127,38.3
127,37.7
127,37.7
127,37.7
127,37.7
127,37.7
128,37.7
128,36.1
128,36.1
128,36.1
128,36.1
128,36.1
128,36.1
128,36.8
128,36.8
128,36.8
128,36.8
128,36.8
128,36.8
129,36.8
129,36.8
129,36.8
129,36.8
129,36.8
129,36.8
130,36.8
130,35.0
130,35.0
130,35.0
130,35.0
130,35.0
130,35.0
130,39.2
130,39.2
130,39.2
130,39.2
130,39.2
130,39.2
131,39.2
131,35.2
131,35.2
131,35.2
131,35.2
131,35.2
132,35.2
132,38.4
132,38.4
132,38.4
132,38.4
132,38.4
132,38.4
132,38.4
132,35.2
132,35.2
132,35.2
132,35.2
132,35.2
133,35.2
133,38.4
133,38.4
133,38.4
133,38.4
133,38.4
133,38.4
133,34.3
133,34.3
133,34.3
133,34.3
133,34.3
133,34.3
134,34.3
134,40.0
134,40.0
134,40.0
134,40.0
134,40.0
135,40.0
135,31.8
135,31.8
135,31.8
135,31.8
135,31.8
135,31.8
135,40.6
135,40.6
135,40.6
135,40.6
135,40.6
135,40.6
136,40.6
136,37.9
136,37.9
136,37.9
136,37.9
136,37.9
137,37.9
137,35.4
137,35.4
137,35.4
137,35.4
137,35.4
137,35.4
137,35.4
137,36.8
137,36.8
137,36.8
137,36.8
137,36.8
138,36.8
138,38.6
138,38.6
138,38.6
138,38.6
138,38.6
139,38.6
139,36.3
139,36.3
139,36.3
139,36.3
139,36.3
139,36.3
139,36.3
139,38.8
139,38.8
139,38.8
139,38.8
139,38.8
140,38.8
140,33.8
140,33.8
140,33.8
140,33.8
140,33.8
140,33.8
140,33.8
140,37.6
140,37.6
140,37.6
140,37.6
140,37.6
141,37.6
141,32.4
141,32.4
141,32.4
141,32.4
141,32.4
142,32.4
142,44.0
142,44.0
142,44.0
142,44.0
142,44.0
142,44.0
142,44.0
142,34.9
142,34.9
142,34.9
142,34.9
142,34.9
143,34.9
143,36.1
143,36.1
143,36.1
143,36.1
143,36.1
143,36.1
144,36.1
144,36.8
144,36.8
144,36.8
144,36.8
144,36.8
144,36.8
144,37.7
144,37.7
144,37.7
144,37.7
144,37.7
145,37.7
145,33.5
145,33.5
145,33.5
145,33.5
145,33.5
145,33.5
146,33.5
146,39.0
146,39.0
146,39.0
146,39.0
146,39.0
146,39.0
146,37.7
146,37.7
146,37.7
146,37.7
146,37.7
146,37.7
147,42.4
147,42.4
147,42.4
147,42.4
147,42.4
147,42.4
148,42.4
148,35.4
148,35.4
148,35.4
148,35.4
148,35.4
148,35.4
148,34.9
148,34.9
148,34.9
148,34.9
148,34.9
148,34.9
149,34.9
149,38.8
149,38.8
149,38.8
149,38.8
149,38.8
149,38.8
149,40.1
149,40.1
149,40.1
149,40.1
149,40.1
149,40.1
150,33.5
150,33.5
150,33.5
150,33.5
150,33.5
150,33.5
151,33.5
151,32.6
151,32.6
151,32.6
151,32.6
151,32.6
151,32.6
151,40.6
151,40.6
151,40.6
151,40.6
151,40.6
151,40.6
152,40.6
152,37.9
152,37.9
152,37.9
152,37.9
152,37.9
153,37.9
153,38.1
153,38.1
153,38.1
153,38.1
153,38.1
153,38.1
153,37.4
153,37.4
153,37.4
153,37.4
153,37.4
153,37.4
154,37.4
154,35.6
154,35.6
154,35.6
154,35.6
154,35.6
155,35.6
155,37.9
155,37.9
155,37.9
155,37.9
155,37.9
155,37.9
155,37.9
155,37.2
155,37.2
155,37.2
155,37.2
155,37.2
156,37.2
156,37.2
156,37.2
156,37.2
156,37.2
156,37.2
157,37.2
157,38.1
157,38.1
157,38.1
157,38.1
157,38.1
157,38.1
157,38.1
157,37.4
157,37.4
157,37.4
157,37.4
157,37.4
158,37.4
158,36.5
158,36.5
158,36.5
158,36.5
158,36.5
158,36.5
158,38.1
158,38.1
158,38.1
158,38.1
158,38.1
158,38.1
159,38.1
159,37.4
159,37.4
159,37.4
159,37.4
159,37.4
160,37.4
160,35.6
160,35.6
160,35.6
160,35.6
160,35.6
160,35.6
160,35.6
160,36.1
160,36.1
160,36.1
160,36.1
160,36.1
161,36.1
161,35.1
161,35.1
161,35.1
161,35.1
161,35.1
162,35.1
162,39.2
162,39.2
162,39.2
162,39.2
162,39.2
162,39.2
162,39.2
162,37.0
162,37.0
162,37.0
162,37.0
162,37.0
163,37.0
163,37.9
163,37.9
163,37.9
163,37.9
163,37.9
163,37.9
164,37.9
164,35.4
164,35.4
164,35.4
164,35.4
164,35.4
164,35.4
164,38.6
164,38.6
164,38.6
164,38.6
164,38.6
165,38.6
165,36.3
165,36.3
165,36.3
165,36.3
165,36.3
165,36.3
165,36.3
165,37.9
165,37.9
165,37.9
165,37.9
165,37.9
166,37.9
166,36.3
166,36.3
166,36.3
166,36.3
166,36.3
166,36.3
167,36.3
167,36.1
167,36.1
167,36.1
167,36.1
167,36.1
167,36.1
167,38.6
167,38.6
167,38.6
167,38.6
167,38.6
168,38.6
168,39.9
168,39.9
168,39.9
168,39.9
168,39.9
168,39.9
169,39.9
169,33.3
169,33.3
169,33.3
169,33.3
169,33.3
169,33.3
169,35.9
169,35.9
169,35.9
169,35.9
169,35.9
169,35.9
170,35.9
170,36.7
170,36.7
170,36.7
170,36.7
170,36.7
171,36.7
171,33.1
171,33.1
171,33.1
171,33.1
171,33.1
171,33.1
171,32.4
171,32.4
171,32.4
171,32.4
171,32.4
171,32.4
172,32.4
172,37.0
172,37.0
172,37.0
172,37.0
172,37.0
173,37.0
173,35.6
173,35.6
173,35.6
173,35.6
173,35.6
173,35.6
173,35.6
173,35.6
173,35.6
173,35.6
173,35.6
173,35.6
174,35.6
174,29.3
174,29.3
174,29.3
174,29.3
174,29.3
174,29.3
174,33.4
174,33.4
174,33.4
174,33.4
174,33.4
174,33.4
175,33.4
175,33.2
175,33.2
175,33.2
175,33.2
175,33.2
176,33.2
176,28.6
176,28.6
176,28.6
176,28.6
176,28.6
176,28.6
176,29.3
176,29.3
176,29.3
176,29.3
176,29.3
176,29.3
177,29.3
177,25.8
177,25.8
177,25.8
177,25.8
177,25.8
178,25.8
178,28.1
178,28.1
178,28.1
178,28.1
178,28.1
178,28.1
178,28.1
178,23.1
178,23.1
178,23.1
178,23.1
178,23.1
179,23.1
179,27.0
179,27.0
179,27.0
179,27.0
179,27.0
179,27.0
180,22.2
180,22.2
180,22.2
180,22.2
180,22.2
180,22.2
180,22.2
180,16.4
180,16.4
180,16.4
180,16.4
180,16.4
181,16.4
181,16.9
181,16.9
181,16.9
181,16.9
181,16.9
181,16.9
182,16.9
182,18.0
182,18.0
182,18.0
182,18.0
182,18.0
182,18.0
182,6.2
182,6.2
182,6.2
182,6.2
182,6.2
183,6.2
183,11.8
183,11.8
183,11.8
183,11.8
183,11.8
183,11.8
183,11.8
183,7.7
183,7.7
183,7.7
183,7.7
183,7.7
184,7.7
184,3.0
184,3.0
184,3.0
184,3.0
184,3.0
184,3.0
185,3.0
185,0.0
185,0.0
185,0.0
185,0.0
185,0.0
185,0.0
185,2.0
185,2.0
185,2.0
185,2.0
185,2.0
186,2.0
186,0.0
186,0.0
186,0.0
186,0.0
186,0.0
186,0.0
187,0.0
187,0.0
187,0.0
187,0.0
187,0.0
187,0.0
187,0.0
187,0.0
187,0.0
187,0.0
187,0.0
187,0.0
187,0.0
188,0.0
188,0.0
188,0.0
188,0.0
188,0.0
188,0.0
189,0.0
189,0.0
189,0.0
189,0.0
189,0.0
189,0.0
189,0.0
189,0.0
189,0.0
189,0.0
189,0.0
189,0.0
189,0.0
190,0.0
190,0.0
190,0.0
190,0.0
190,0.0
190,0.0
190,0.0
190,0.0
190,0.0
190,0.0
190,0.0
190,0.0
190,0.0
191,0.0
191,0.0
191,0.0
191,0.0
191,0.0
191,0.0
192,0.0
192,0.0
192,0.0
192,0.0
192,0.0
192,0.0
192,0.0
192,0.0
192,0.0
192,0.0
192,0.0
192,0.0
192,0.0
193,0.0
193,0.0
193,0.0
193,0.0
193,0.0
193,0.0
194,0.0
194,0.0
194,0.0
194,0.0
194,0.0
194,0.0
194,0.0
194,0.0
194,0.0
194,0.0
194,0.0
194,0.0
194,0.0
195,0.0
195,0.0
195,0.0
195,0.0
195,0.0
195,0.0
196,0.0
196,0.0
196,0.0
196,0.0
196,0.0
196,0.0
196,0.0
196,0.0
196,0.0
196,0.0
196,0.0
196,0.0
196,0.0
197,0.0
197,0.0
197,0.0
197,0.0
197,0.0
197,0.0
198,0.0
198,0.0
198,0.0
198,0.0
198,0.0
198,0.0
198,0.0
198,0.0
198,0.0
198,0.0
198,0.0
198,0.0
198,0.0
199,0.0
199,0.0
199,0.0
199,0.0
199,0.0
199,0.0
199,0.0
199,0.0
199,0.0
199,0.0
199,0.0
199,0.0
199,0.0
200,0.0
200,0.0
200,0.0
200,0.0
200,0.0
200,0.0
201,0.0
201,0.0
201,0.0
201,0.0
201,0.0
201,0.0
201,0.0
201,0.0
201,0.0
201,0.0
201,0.0
201,0.0
201,0.0
202,0.0
202,0.0
202,0.0
202,0.0
202,0.0
202,0.0
202,0.0
203,0.0
203,0.0
203,0.0
203,0.0
203,0.0
203,0.0
203,0.0
203,0.0
203,0.0
203,0.0
203,0.0
203,0.0
204,0.0
204,0.0
204,0.0
204,0.0
204,0.0
204,0.0
204,0.0
205,0.0
205,0.0
205,0.0
205,0.0
205,0.0
205,0.0
205,0.0
205,0.0
205,0.0
205,0.0
205,0.0
205,0.0
205,0.0
206,0.0
206,0.0
206,0.0
206,0.0
206,0.0
206,0.0
207,0.0
207,0.0
207,0.0
207,0.0
207,0.0
207,0.0
207,0.0
207,0.0
207,0.0
207,0.0
207,0.0
207,0.0
207,0.0
208,0.0
208,0.0
208,0.0
208,0.0
208,0.0
208,0.0
208,0.0
208,0.0
208,0.0
208,0.0
208,0.0
208,0.0
208,0.0
209,0.0
209,0.0
209,0.0
209,0.0
209,0.0
209,0.0
210,0.0
210,0.0
210,0.0
210,0.0
210,0.0
210,0.0
210,0.0
210,0.0
210,0.0
210,0.0
210,0.0
210,0.0
210,0.0
211,0.0
211,0.0
211,0.0
211,0.0
211,0.0
211,0.0
212,0.0
212,0.0
212,0.0
212,0.0
212,0.0
212,0.0
212,0.0
212,0.0
212,0.0
212,0.0
212,0.0
212,0.0
212,0.0
213,0.0
213,0.0
213,0.0
213,0.0
213,0.0
213,0.0
214,0.0
214,0.0
214,0.0
214,0.0
214,0.0
214,0.0
214,0.0
214,0.0
214,0.0
214,0.0
214,0.0
214,0.0
214,0.0
215,0.0
215,0.0
215,0.0
215,0.0
215,0.0
215,0.0
215,0.0
215,0.0
215,0.0
215,0.0
215,0.0
215,0.0
215,0.0
216,0.0
216,0.0
216,0.0
216,0.0
216,0.0
216,0.0
217,0.0
217,0.0
217,0.0
217,0.0
217,0.0
217,0.0
217,0.0
217,0.0
217,0.0
217,0.0
217,0.0
217,0.0
217,0.0
218,0.0
218,0.0
218,0.0
218,0.0
218,0.0
218,0.0
219,0.0
219,0.0
219,0.0
219,0.0
219,0.0
219,0.0
219,0.0
219,0.0
219,0.0
219,0.0
219,0.0
219,0.0
219,0.0
220,0.0
220,0.0
220,0.0
220,0.0
220,0.0
220,0.0
220,0.0
221,0.0
221,0.0
221,0.0
221,0.0
221,0.0
221,0.0
221,0.0
221,0.0
221,0.0
221,0.0
221,0.0
221,0.0
222,0.0
222,0.0
222,0.0
222,0.0
222,0.0
222,0.0
222,0.0
223,0.0
223,0.0
223,0.0
223,0.0
223,0.0
223,0.0
223,0.0
223,0.0
223,0.0
223,0.0
223,0.0
223,0.0
223,0.0
224,0.0
224,0.0
224,0.0
224,0.0
224,0.0
224,0.0
224,0.0
224,0.0
224,0.0
224,0.0
224,0.0
224,0.0
225,0.0
225,0.0
225,0.0
225,0.0
225,0.0
225,0.0
225,0.0
226,0.0
226,0.0
226,0.0
226,0.0
226,0.0
226,0.0
226,0.0
226,0.0
226,0.0
226,0.0
226,0.0
226,0.0
227,0.0
227,0.0
227,0.0
227,0.0
227,0.0
227,0.0
227,0.0
228,0.0
228,0.0
228,0.0
228,0.0
228,0.0
228,0.0
228,0.0
228,0.0
228,0.0
228,0.0
228,0.0
228,0.0
228,0.0
229,0.0
229,0.0
229,0.0
229,0.0
229,0.0
229,0.0
230,0.0
230,0.0
230,0.0
230,0.0
230,0.0
230,0.0
230,0.0
230,0.0
230,0.0
230,0.0
230,0.0
230,0.0
230,0.0
231,0.0
231,0.0
231,0.0
231,0.0
231,0.0
231,0.0
231,0.0
231,0.0
231,0.0
231,0.0
231,0.0
231,0.0
231,0.0
232,0.0
232,0.0
232,0.0
232,0.0
232,0.0
232,0.0
233,0.0
233,0.0
233,0.0
233,0.0
233,0.0
233,0.0
233,0.0
233,0.0
233,0.0
233,0.0
233,0.0
233,0.0
233,0.0
234,0.0
234,0.0
234,0.0
234,0.0
234,0.0
234,0.0
235,0.0
235,0.0
235,0.0
235,0.0
235,0.0
235,0.0
235,0.0
235,0.0
235,0.0
235,0.0
235,0.0
235,0.0
235,0.0
236,0.0
236,0.0
236,0.0
236,0.0
236,0.0
236,0.0
237,0.0
237,0.0
237,0.0
237,0.0
237,0.0
237,0.0
237,0.0
237,0.0
237,0.0
237,0.0
237,0.0
237,0.0
237,0.0
238,0.0
238,0.0
238,0.0
238,0.0
238,0.0
238,0.0
239,0.0
239,0.0
239,0.0
239,0.0
239,0.0
239,0.0
239,0.0
239,0.0
239,0.0
239,0.0
239,0.0
239,0.0
239,0.0
240,0.0
240,0.0
240,0.0
240,0.0
240,0.0
240,0.0
240,0.0
240,0.0
240,0.0
240,0.0
240,0.0
240,0.0
240,0.0
241,0.0
241,0.0
241,0.0
241,0.0
241,0.0
241,0.0
242,0.0
242,0.0
242,0.0
242,0.0
242,0.0
242,0.0
242,0.0
242,0.0
242,0.0
242,0.0
242,0.0
242,0.0
242,0.0
243,0.0
243,0.0
243,0.0
243,0.0
243,0.0
243,0.0
243,0.0
244,0.0
244,0.0
244,0.0
244,0.0
244,0.0
244,0.0
244,0.0
244,0.0
244,0.0
244,0.0
244,0.0
244,0.0
245,0.0
245,0.0
245,0.0
245,0.0
245,0.0
245,0.0
245,0.0
246,0.0
246,0.0
246,0.0
246,0.0
246,0.0
246,0.0
246,0.0
246,0.0
246,0.0
246,0.0
246,0.0
246,0.0
247,0.0
247,0.0
247,0.0
247,0.0
247,0.0
247,0.0
247,0.0
247,0.0
247,0.0
247,0.0
247,0.0
247,0.0
247,0.0
248,0.0
248,0.0
248,0.0
248,0.0
248,0.0
248,0.0
248,0.0
249,0.0
249,0.0
249,0.0
249,0.0
249,0.0
249,0.0
249,0.0
249,0.0
249,0.0
249,0.0
249,0.0
249,0.0
250,0.0
250,0.0
250,0.0
250,0.0
250,0.0
250,0.0
250,0.0
251,0.0
251,0.0
251,0.0
251,0.0
251,0.0
251,0.0
251,0.0
251,0.0
251,0.0
251,0.0
251,0.0
251,0.0
251,0.0
252,0.0
252,0.0
252,0.0
252,0.0
252,0.0
252,0.0
253,0.0
253,0.0
253,0.0
253,0.0
253,0.0
253,0.0
253,0.0
253,0.0
253,0.0
253,0.0
253,0.0
253,0.0
253,0.0
254,0.0
254,0.0
254,0.0
254,0.0
254,0.0
254,0.0
255,0.0
255,0.0
255,0.0
255,0.0
255,0.0
255,0.0
255,0.0
255,0.0
255,0.0
255,0.0
255,0.0
255,0.0
255,0.0
256,0.0
256,0.0
256,0.0
256,0.0
256,0.0
256,0.0
256,0.0
256,0.0
256,0.0
256,0.0
256,0.0
256,0.0
256,0.0
257,0.0
257,0.0
257,0.0
257,0.0
257,0.0
257,0.0
258,0.0
258,0.0
258,0.0
258,0.0
258,0.0
258,0.0
258,0.0
258,0.0
258,0.0
258,0.0
258,0.0
258,0.0
258,0.0
259,0.0
259,0.0
259,0.0
259,0.0
259,0.0
259,0.0
260,0.0
260,0.0
260,0.0
260,0.0
260,0.0
260,0.0
260,0.0
260,0.0
260,0.0
260,0.0
260,0.0
260,0.0
260,0.0
261,0.0
261,0.0
261,0.0
261,0.0
261,0.0
261,0.0
262,0.0
262,0.0
262,0.0
262,0.0
262,0.0
262,0.0
262,0.0
262,0.0
262,0.0
262,0.0
262,0.0
262,0.0
262,0.0
263,0.0
263,0.0
263,0.0
263,0.0
263,0.0
263,0.0
263,0.0
263,0.0
263,0.0
263,0.0
263,0.0
263,0.0
263,0.0
264,0.0
264,0.0
264,0.0
264,0.0
264,0.0
264,0.0
265,0.0
265,0.0
265,0.0
265,0.0
265,0.0
265,0.0
265,0.0
265,0.0
265,0.0
265,0.0
265,0.0
265,0.0
265,0.0
266,0.0
266,0.0
266,0.0
266,0.0
266,0.0
266,0.0
267,0.0
267,0.0
267,0.0
267,0.0
267,0.0
267,0.0
267,0.0
267,0.0
267,0.0
267,0.0
267,0.0
267,0.0
267,0.0
268,0.0
268,0.0
268,0.0
268,0.0
268,0.0
268,0.0
268,0.0
269,0.0
269,0.0
269,0.0
269,0.0
269,0.0
269,0.0
269,0.0
269,0.0
269,0.0
269,0.0
269,0.0
269,0.0
270,0.0
270,0.0
270,0.0
270,0.0
270,0.0
270,0.0
270,0.0
271,0.0
271,0.0
271,0.0
271,0.0
271,0.0
271,0.0
271,0.0
271,0.0
271,0.0
271,0.0
271,0.0
271,0.0
271,0.0
272,0.0
272,0.0
272,0.0
272,0.0
272,0.0
272,0.0
272,0.0
272,0.0
272,0.0
272,0.0
272,0.0
272,0.0
273,0.0
273,0.0
273,0.0
273,0.0
273,0.0
273,0.0
273,0.0
274,0.0
274,0.0
274,0.0
274,0.0
274,0.0
274,0.0
274,0.0
274,0.0
274,0.0
274,0.0
274,0.0
274,0.0
275,0.0
275,0.0
275,0.0
275,0.0
275,0.0
275,0.0
275,0.0
276,0.0
276,0.0
276,0.0
276,0.0
276,0.0
276,0.0
276,0.0
276,0.0
276,0.0
276,0.0
276,0.0
276,0.0
276,0.0
277,0.0
277,0.0
277,0.0
277,0.0
277,0.0
277,0.0
278,0.0
278,0.0
278,0.0
278,0.0
278,0.0
278,0.0
278,0.0
278,0.0
278,0.0
278,0.0
278,0.0
278,0.0
278,0.0
279,0.0
279,0.0
279,0.0
279,0.0
279,0.0
279,0.0
280,0.0
280,0.0
280,0.0
280,0.0
280,0.0
280,0.0
280,0.0
280,0.0
280,0.0
280,0.0
280,0.0
280,0.0
280,0.0
281,0.0
281,0.0
281,0.0
281,0.0
281,0.0
281,0.0
281,0.0
281,0.0
281,0.0
281,0.0
281,0.0
281,0.0
281,0.0
282,0.0
282,0.0
282,0.0
282,0.0
282,0.0
282,0.0
283,0.0
283,0.0
283,0.0
283,0.0
283,0.0
283,0.0
283,0.0
283,0.0
283,0.0
283,0.0
283,0.0
283,0.0
283,0.0
284,0.0
284,0.0
284,0.0
284,0.0
284,0.0
284,0.0
285,0.0
285,0.0
285,0.0
285,0.0
285,0.0
285,0.0
285,0.0
285,0.0
285,0.0
285,0.0
285,0.0
285,0.0
285,0.0
286,0.0
286,0.0
286,0.0
286,0.0
286,0.0
286,0.0
287,0.0
287,0.0
287,0.0
287,0.0
287,0.0
287,0.0
287,0.0
287,0.0
287,0.0
287,0.0
287,0.0
287,0.0
287,0.0
288,0.0
288,0.0
288,0.0
288,0.0
288,0.0
288,0.0
288,0.0
288,0.0
288,0.0
288,0.0
288,0.0
288,0.0
288,0.0
289,0.0
289,0.0
289,0.0
289,0.0
289,0.0
289,0.0
290,0.0
290,0.0
290,0.0
290,0.0
290,0.0
290,0.0
290,0.0
290,0.0
290,0.0
290,0.0
290,0.0
290,0.0
290,0.0
291,0.0
291,0.0
291,0.0
291,0.0
291,0.0
291,0.0
291,0.0
292,0.0
292,0.0
292,0.0
292,0.0
292,0.0
292,0.0
292,0.0
292,0.0
292,0.0
292,0.0
292,0.0
292,0.0
293,0.0
293,0.0
293,0.0
293,0.0
293,0.0
293,0.0
293,0.0
294,0.0
294,0.0
294,0.0
294,0.0
294,0.0
294,0.0
294,0.0
294,0.0
294,0.0
294,0.0
294,0.0
294,0.0
295,0.0
295,0.0
295,0.0
295,0.0
295,0.0
295,0.0
295,0.0
296,0.0
296,0.0
296,0.0
296,0.0
296,0.0
296,0.0
296,0.0
296,0.0
296,0.0
296,0.0
296,0.0
296,0.0
296,0.0
297,0.0
297,0.0
297,0.0
297,0.0
297,0.0
297,0.0
297,0.0
297,0.0
297,0.0
297,0.0
297,0.0
297,0.0
298,0.0
298,0.0
298,0.0
298,0.0
298,0.0
298,0.0
298,0.0
299,0.0
299,0.0
299,0.0
299,0.0
299,0.0
299,0.0
299,0.0
299,0.0
299,0.0
299,0.0
299,0.0
299,0.0
299,0.0
300,0.0
300,0.0
300,0.0
300,0.0
300,0.0
300,0.0
301,0.0
301,0.0
301,0.0
301,0.0
301,0.0
301,0.0
301,0.0
301,0.0
301,0.0
301,0.0
301,0.0
301,0.0
301,0.0
302,0.0
302,0.0
302,0.0
302,0.0
302,0.0
302,0.0
303,0.0
303,0.0
303,0.0
303,0.0
303,0.0
303,0.0
303,0.0
303,0.0
303,0.0
303,0.0
303,0.0
303,0.0
303,0.0
304,0.0
304,0.0
304,0.0
304,0.0
304,0.0
304,0.0
304,0.0
304,0.0
304,0.0
304,0.0
304,0.0
304,0.0
304,0.0
305,0.0
305,0.0
305,0.0
305,0.0
305,0.0
305,0.0
306,0.0
306,0.0
306,0.0
306,0.0
306,0.0
306,0.0
306,0.0
306,0.0
306,0.0
306,0.0
306,0.0
306,0.0
306,0.0
307,0.0
307,0.0
307,0.0
307,0.0
307,0.0
307,0.0
308,0.0
308,0.0
308,0.0
308,0.0
308,0.0
308,0.0
308,0.0
308,0.0
308,0.0
308,0.0
308,0.0
308,0.0
308,0.0
309,0.0
309,0.0
309,0.0
309,0.0
309,0.0
309,0.0
310,0.0
310,0.0
310,0.0
310,0.0
310,0.0
310,0.0
310,0.0
310,0.0
310,0.0
310,0.0
310,0.0
310,0.0
310,0.0
311,0.0
311,0.0
311,0.0
311,0.0
311,0.0
311,0.0
311,0.0
312,0.0
312,0.0
312,0.0
312,0.0
312,0.0
312,0.0
312,0.0
312,0.0
312,0.0
312,0.0
312,0.0
312,0.0
313,0.0
313,0.0
313,0.0
313,0.0
313,0.0
313,0.0
313,0.0
313,0.0
313,0.0
313,0.0
313,0.0
313,0.0
313,0.0
314,0.0
314,0.0
314,0.0
314,0.0
314,0.0
314,0.0
314,0.0
315,0.0
315,0.0
315,0.0
315,0.0
315,0.0
315,0.0
315,0.0
315,0.0
315,0.0
315,0.0
315,0.0
315,0.0
316,0.0
316,0.0
316,0.0
316,0.0
316,0.0
316,0.0
316,0.0
317,0.0
317,0.0
317,0.0
317,0.0
317,0.0
317,0.0
317,0.0
317,0.0
317,0.0
317,0.0
317,0.0
317,0.0
317,0.0
318,0.0
318,0.0
318,0.0
318,0.0
318,0.0
318,0.0
319,0.0
319,0.0
319,0.0
319,0.0
319,0.0
319,0.0
319,0.0
319,0.0
319,0.0
319,0.0
319,0.0
319,0.0
319,0.0
320,0.0
320,0.0
320,0.0
320,0.0
320,0.0
320,0.0
320,0.0
320,0.0
320,0.0
320,0.0
320,0.0
320,0.0
320,0.0
321,0.0
321,0.0
321,0.0
321,0.0
321,0.0
321,0.0
322,0.0
322,0.0
322,0.0
322,0.0
322,0.0
322,0.0
322,0.0
322,0.0
322,0.0
322,0.0
322,0.0
322,0.0
322,0.0
323,0.0
323,0.0
323,0.0
323,0.0
323,0.0
323,0.0
324,0.0
324,0.0
324,0.0
324,0.0
324,0.0
324,0.0
324,0.0
324,0.0
324,0.0
324,0.0
324,0.0
324,0.0
324,0.0
325,0.0
325,0.0
325,0.0
325,0.0
325,0.0
325,0.0
326,0.0
326,0.0
326,0.0
326,0.0
326,0.0
326,0.0
326,0.0
326,0.0
326,0.0
326,0.0
326,0.0
326,0.0
326,0.0
327,0.0
327,0.0
327,0.0
327,0.0
327,0.0
327,0.0
328,0.0
328,0.0
328,0.0
328,0.0
328,0.0
328,0.0
328,0.0
328,0.0
328,0.0
328,0.0
328,0.0
328,0.0
328,0.0
329,0.0
329,0.0
329,0.0
329,0.0
329,0.0
329,0.0
329,0.0
329,0.0
329,0.0
329,0.0
329,0.0
329,0.0
329,0.0
330,0.0
330,0.0
330,0.0
330,0.0
330,0.0
330,0.0
331,0.0
331,0.0
331,0.0
331,0.0
331,0.0
331,0.0
331,0.0
331,0.0
331,0.0
331,0.0
331,0.0
331,0.0
331,0.0
332,0.0
332,0.0
332,0.0
332,0.0
332,0.0
332,0.0
332,0.0
333,0.0
333,0.0
333,0.0
333,0.0
333,0.0
333,0.0
333,0.0
333,0.0
333,0.0
333,0.0
333,0.0
333,0.0
334,0.0
334,0.0
334,0.0
334,0.0
334,0.0
334,0.0
334,0.0
335,0.0
335,0.0
335,0.0
335,0.0
335,0.0
335,0.0
335,0.0
335,0.0
335,0.0
335,0.0
335,0.0
335,0.0
336,0.0
336,0.0
336,0.0
336,0.0
336,0.0
336,0.0
336,0.0
336,0.0
336,0.0
336,0.0
336,0.0
336,0.0
336,0.0
337,0.0
337,0.0
337,0.0
337,0.0
337,0.0
337,0.0
337,0.0
338,0.0
338,0.0
338,0.0
338,0.0
338,0.0
338,0.0
338,0.0
338,0.0
338,0.0
338,0.0
338,0.0
338,0.0
339,0.0
339,0.0
339,0.0
339,0.0
339,0.0
339,0.0
339,0.0
340,0.0
340,0.0
340,0.0
340,0.0
340,0.0
340,0.0
340,0.0
340,0.0
340,0.0
340,0.0
340,0.0
340,0.0
340,0.0
341,0.0
341,0.0
341,0.0
341,0.0
341,0.0
341,0.0
342,0.0
342,0.0
342,0.0
342,0.0
342,0.0
342,0.0
342,0.0
342,0.0
342,0.0
342,0.0
342,0.0
342,0.0
342,0.0
343,0.0
343,0.0
343,0.0
343,0.0
343,0.0
343,0.0
344,0.0
344,0.0
344,0.0
344,0.0
344,0.0
344,0.0
344,0.0
344,0.0
344,0.0
344,0.0
344,0.0
344,0.0
344,0.0
345,0.0
345,0.0
345,0.0
345,0.0
345,0.0
345,0.0
345,0.0
345,0.0
345,0.0
345,0.0
345,0.0
345,0.0
345,0.0
346,0.0
346,0.0
346,0.0
346,0.0
346,0.0
346,0.0
347,0.0
347,0.0
347,0.0
347,0.0
347,0.0
347,0.0
347,0.0
347,0.0
347,0.0
347,0.0
347,0.0
347,0.0
347,0.0
348,0.0
348,0.0
348,0.0
348,0.0
348,0.0
348,0.0
349,0.0
349,0.0
349,0.0
349,0.0
349,0.0
349,0.0
349,0.0
349,0.0
349,0.0
349,0.0
349,0.0
349,0.0
349,0.0
350,0.0
350,0.0
350,0.0
350,0.0
350,0.0
350,0.0
351,0.0
351,0.0
351,0.0
351,0.0
351,0.0
351,0.0
351,0.0
351,0.0
351,0.0
351,0.0
351,0.0
351,0.0
351,0.0
352,0.0
352,0.0
352,0.0
352,0.0
352,0.0
352,0.0
352,0.0
353,0.0
353,0.0
353,0.0
353,0.0
353,0.0
353,0.0
353,0.0
353,0.0
353,0.0
353,0.0
353,0.0
353,0.0
354,0.0
354,0.0
354,0.0
354,0.0
354,0.0
354,0.0
354,0.0
354,0.0
354,0.0
354,0.0
354,0.0
354,0.0
354,0.0
355,0.0
355,0.0
355,0.0
355,0.0
355,0.0
355,0.0
355,0.0
356,0.0
356,0.0
356,0.0
356,0.0
356,0.0
356,0.0
356,0.0
356,0.0
356,0.0
356,0.0
356,0.0
356,0.0
357,0.0
357,0.0
357,0.0
357,0.0
357,0.0
357,0.0
357,0.0
358,0.0
358,0.0
358,0.0
358,0.0
358,0.0
358,0.0
358,0.0
358,0.0
358,0.0
358,0.0
358,0.0
358,0.0
358,0.0
359,0.0
359,0.0
359,0.0
359,0.0
359,0.0
359,0.0
360,0.0
360,0.0
360,0.0
360,0.0
360,0.0
360,0.0
360,0.0
360,0.0
360,0.0
360,0.0
360,0.0
360,0.0
360,0.0
361,0.0
361,0.0
361,0.0
361,0.0
361,0.0
361,0.0
361,0.0
361,0.0
361,0.0
361,0.0
361,0.0
361,0.0
361,0.0
362,0.0
362,0.0
362,0.0
362,0.0
362,0.0
362,0.0
363,0.0
363,0.0
363,0.0
363,0.0
363,0.0
363,0.0
363,0.0
363,0.0
363,0.0
363,0.0
363,0.0
363,0.0
363,0.0
364,0.0
364,0.0
364,0.0
364,0.0
364,0.0
364,0.0
365,0.0
365,0.0
365,0.0
365,0.0
365,0.0
365,0.0
365,0.0
365,0.0
365,0.0
365,0.0
365,0.0
365,0.0
365,0.0
366,0.0
366,0.0
366,0.0
366,0.0
366,0.0
366,0.0
367,0.0
367,0.0
367,0.0
367,0.0
367,0.0
367,0.0
367,0.0
367,0.0
367,0.0
367,0.0
367,0.0
367,0.0
367,0.0
368,0.0
368,0.0
368,0.0
368,0.0
368,0.0
368,0.0
369,0.0
369,0.0
369,0.0
369,0.0
369,0.0
369,0.0
369,0.0
369,0.0
369,0.0
369,0.0
369,0.0
369,0.0
369,0.0
370,0.0
370,0.0
370,0.0
370,0.0
370,0.0
370,0.0
370,0.0
370,0.0
370,0.0
370,0.0
370,0.0
370,0.0
370,0.0
371,0.0
371,0.0
371,0.0
371,0.0
371,0.0
371,0.0
372,0.0
372,0.0
372,0.0
372,0.0
372,0.0
372,0.0
372,0.0
372,0.0
372,0.0
372,0.0
372,0.0
372,0.0
372,0.0
373,0.0
373,0.0
373,0.0
373,0.0
373,0.0
373,0.0
373,0.0
374,0.0
374,0.0
374,0.0
374,0.0
374,0.0
374,0.0
374,0.0
374,0.0
374,0.0
374,0.0
374,0.0
374,0.0
375,0.0
375,0.0
375,0.0
375,0.0
375,0.0
375,0.0
375,0.0
376,0.0
376,0.0
376,0.0
376,0.0
376,0.0
376,0.0
376,0.0
376,0.0
376,0.0
376,0.0
376,0.0
376,0.0
376,0.0
377,0.0
377,0.0
377,0.0
377,0.0
377,0.0
377,0.0
377,0.0
377,0.0
377,0.0
377,0.0
377,0.0
377,0.0
378,0.0
378,0.0
378,0.0
378,0.0
378,0.0
378,0.0
378,0.0
379,0.0
379,0.0
379,0.0
379,0.0
379,0.0
379,0.0
379,0.0
379,0.0
379,0.0
379,0.0
379,0.0
379,0.0
380,0.0
380,0.0
380,0.0
380,0.0
380,0.0
380,0.0
380,0.0
381,0.0
381,0.0
381,0.0
381,0.0
381,0.0
381,0.0
381,0.0
381,0.0
381,0.0
381,0.0
381,0.0
381,0.0
381,0.0
382,0.0
382,0.0
382,0.0
382,0.0
382,0.0
382,0.0
383,0.0
383,0.0
383,0.0
383,0.0
383,0.0
383,0.0
383,0.0
383,0.0
383,0.0
383,0.0
383,0.0
383,0.0
383,0.0
384,0.0
384,0.0
384,0.0
384,0.0
384,0.0
384,0.0
385,0.0
385,0.0
385,0.0
385,0.0
385,0.0
385,0.0
385,0.0
385,0.0
385,0.0
385,0.0
385,0.0
385,0.0
385,0.0
386,0.0
386,0.0
386,0.0
386,0.0
386,0.0
386,0.0
386,0.0
386,0.0
386,0.0
386,0.0
386,0.0
386,0.0
386,0.0
387,0.0
387,0.0
387,0.0
387,0.0
387,0.0
387,0.0
388,0.0
388,0.0
388,0.0
388,0.0
388,0.0
388,0.0
388,0.0
388,0.0
388,0.0
388,0.0
388,0.0
388,0.0
388,0.0
389,0.0
389,0.0
389,0.0
389,0.0
389,0.0
389,0.0
390,0.0
390,0.0
390,0.0
390,0.0
390,0.0
390,0.0
390,0.0
390,0.0
390,0.0
390,0.0
390,0.0
390,0.0
390,0.0
391,0.0
391,0.0
391,0.0
391,0.0
391,0.0
391,0.0
391,0.0
392,0.0
392,0.0
392,0.0
392,0.0
392,0.0
392,0.0
392,0.0
392,0.0
392,0.0
392,0.0
392,0.0
392,0.0
393,0.0
393,0.0
393,0.0
393,0.0
393,0.0
393,0.0
393,0.0
394,0.0
394,0.0
394,0.0
394,0.0
394,0.0
394,0.0
394,0.0
394,0.0
394,0.0
394,0.0
394,0.0
394,0.0
395,0.0
395,0.0
395,0.0
395,0.0
395,0.0
395,0.0
395,0.0
395,0.0
395,0.0
395,0.0
395,0.0
395,0.0
395,0.0
396,0.0
396,0.0
396,0.0
396,0.0
396,0.0
396,0.0
396,0.0
397,0.0
397,0.0
397,0.0
397,0.0
397,0.0
397,0.0
397,0.0
397,0.0
397,0.0
397,0.0
397,0.0
397,0.0
398,0.0
398,0.0
398,0.0
398,0.0
398,0.0
398,0.0
398,0.0
399,0.0
399,0.0
399,0.0
399,0.0
399,0.0
399,0.0
399,0.0
399,0.0
399,0.0
399,0.0
399,0.0
399,0.0
399,0.0
400,0.0
400,0.0
400,0.0
400,0.0
400,0.0
400,0.0
401,0.0
401,0.0
401,0.0
401,0.0
401,0.0
401,0.0
401,0.0
401,0.0
401,0.0
401,0.0
401,0.0
401,0.0
401,0.0
402,0.0
402,0.0
402,0.0
402,0.0
402,0.0
402,0.0
402,0.0
402,0.0
402,0.0
402,0.0
402,0.0
402,0.0
403,0.0
403,0.0
403,0.0
403,0.0
403,0.0
403,0.0
403,0.0
404,0.0
404,0.0
404,0.0
404,0.0
404,0.0
404,0.0
404,0.0
404,0.0
404,0.0
404,0.0
404,0.0
404,0.0
404,0.0
405,0.0
405,0.0
405,0.0
405,0.0
405,0.0
405,0.0
406,0.0
406,0.0
406,0.0
406,0.0
406,0.0
406,0.0
406,0.0
406,0.0
406,0.0
406,0.0
406,0.0
406,0.0
406,0.0
407,0.0
407,0.0
407,0.0
407,0.0
407,0.0
407,0.0
408,0.0
408,0.0
408,0.0
408,0.0
408,0.0
408,0.0
408,0.0
408,0.0
408,0.0
408,0.0
408,0.0
408,0.0
408,0.0
409,0.0
409,0.0
409,0.0
409,0.0
409,0.0
409,0.0
410,0.0
410,0.0
410,0.0
410,0.0
410,0.0
410,0.0
410,0.0
410,0.0
410,0.0
410,0.0
410,0.0
410,0.0
410,0.0
411,0.0
411,0.0
411,0.0
411,0.0
411,0.0
411,0.0
411,0.0
411,0.0
411,0.0
411,0.0
411,0.0
411,0.0
411,0.0
412,0.0
412,0.0
412,0.0
412,0.0
412,0.0
412,0.0
413,0.0
413,0.0
413,0.0
413,0.0
413,0.0
413,0.0
413,0.0
413,0.0
413,0.0
413,0.0
413,0.0
413,0.0
413,0.0
414,0.0
414,0.0
414,0.0
414,0.0
414,0.0
414,0.0
414,0.0
415,0.0
415,0.0
415,0.0
415,0.0
415,0.0
415,0.0
415,0.0
415,0.0
415,0.0
415,0.0
415,0.0
415,0.0
416,0.0
416,0.0
416,0.0
416,0.0
416,0.0
416,0.0
416,0.0
417,0.0
417,0.0
417,0.0
417,0.0
417,0.0
417,0.0
417,0.0
417,0.0
417,0.0
417,0.0
417,0.0
417,0.0
418,0.0
418,0.0
418,0.0
418,0.0
418,0.0
418,0.0
418,0.0
418,0.0
418,0.0
418,0.0
418,0.0
418,0.0
418,0.0
419,0.0
419,0.0
419,0.0
419,0.0
419,0.0
419,0.0
419,0.0
420,0.0
420,0.0
420,0.0
420,0.0
420,0.0
420,0.0
420,0.0
420,0.0
420,0.0
420,0.0
420,0.0
420,0.0
421,0.0
421,0.0
421,0.0
421,0.0
421,0.0
421,0.0
421,0.0
422,0.0
422,0.0
422,0.0
422,0.0
422,0.0
422,0.0
422,0.0
422,0.0
422,0.0
422,0.0
422,0.0
422,0.0
422,0.0
423,0.0
423,0.0
423,0.0
423,0.0
423,0.0
423,0.0
424,0.0
424,0.0
424,0.0
424,0.0
424,0.0
424,0.0
424,0.0
424,0.0
424,0.0
424,0.0
424,0.0
424,0.0
424,0.0
425,0.0
425,0.0
425,0.0
425,0.0
425,0.0
425,0.0
426,0.0
426,0.0
426,0.0
426,0.0
426,0.0
426,0.0
426,0.0
426,0.0
426,0.0
426,0.0
426,0.0
426,0.0
426,0.0
427,0.0
427,0.0
427,0.0
427,0.0
427,0.0
427,0.0
427,0.0
427,0.0
427,0.0
427,0.0
427,0.0
427,0.0
427,0.0
428,0.0
428,0.0
428,0.0
428,0.0
428,0.0
428,0.0
429,0.0
429,0.0
429,0.0
429,0.0
429,0.0
429,0.0
429,0.0
429,0.0
429,0.0
429,0.0
429,0.0
429,0.0
429,0.0
430,0.0
430,0.0
430,0.0
430,0.0
430,0.0
430,0.0
431,0.0
431,0.0
431,0.0
431,0.0
431,0.0
431,0.0
431,0.0
431,0.0
431,0.0
431,0.0
431,0.0
431,0.0
431,0.0
432,0.0
432,0.0
432,0.0
432,0.0
432,0.0
432,0.0
433,0.0
433,0.0
433,0.0
433,0.0
433,0.0
433,0.0
433,0.0
433,0.0
433,0.0
433,0.0
433,0.0
433,0.0
433,0.0
434,0.0
434,0.0
434,0.0
434,0.0
434,0.0
434,0.0
434,0.0
434,0.0
434,0.0
434,0.0
434,0.0
434,0.0
434,0.0
435,0.0
435,0.0
435,0.0
435,0.0
435,0.0
435,0.0
436,0.0
436,0.0
436,0.0
436,0.0
436,0.0
436,0.0
436,0.0
436,0.0
436,0.0
436,0.0
436,0.0
436,0.0
436,0.0
437,0.0
437,0.0
437,0.0
437,0.0
437,0.0
437,0.0
438,0.0
438,0.0
438,0.0
438,0.0
438,0.0
438,0.0
438,0.0
438,0.0
438,0.0
438,0.0
438,0.0
438,0.0
438,0.0
439,0.0
439,0.0
439,0.0
439,0.0
439,0.0
439,0.0
440,0.0
440,0.0
440,0.0
440,0.0
440,0.0
440,0.0
440,0.0
440,0.0
440,0.0
440,0.0
440,0.0
440,0.0
440,0.0
441,0.0
441,0.0
441,0.0
441,0.0
441,0.0
441,0.0
441,0.0
442,0.0
442,0.0
442,0.0
442,0.0
442,0.0
442,0.0
442,0.0
442,0.0
442,0.0
442,0.0
442,0.0
442,0.0
443,0.0
443,0.0
443,0.0
443,0.0
443,0.0
443,0.0
443,0.0
443,0.0
443,0.0
443,0.0
443,0.0
443,0.0
443,0.0
444,0.0
444,0.0
444,0.0
444,0.0
444,0.0
444,0.0
444,0.0
445,0.0
445,0.0
445,0.0
445,0.0
445,0.0
445,0.0
445,0.0
445,0.0
445,0.0
445,0.0
445,0.0
445,0.0
446,0.0
446,0.0
446,0.0
446,0.0
446,0.0
446,0.0
446,0.0
447,0.0
447,0.0
447,0.0
447,0.0
447,0.0
447,0.0
447,0.0
447,0.0
447,0.0
447,0.0
447,0.0
447,0.0
448,0.0
448,0.0
448,0.0
448,0.0
448,0.0
448,0.0
448,0.0
449,0.0
449,0.0
449,0.0
449,0.0
449,0.0
449,0.0
449,0.0
449,0.0
449,0.0
449,0.0
449,0.0
449,0.0
449,0.0
450,0.0
450,0.0
450,0.0
450,0.0
450,0.0
450,0.0
450,0.0
450,0.0
450,0.0
450,0.0
450,0.0
450,0.0
451,0.0
451,0.0
451,0.0
451,0.0
451,0.0
451,0.0
451,0.0
452,0.0
452,0.0
452,0.0
452,0.0
452,0.0
452,0.0
452,0.0
452,0.0
452,0.0
452,0.0
452,0.0
452,0.0
452,0.0
453,0.0
453,0.0
453,0.0
453,0.0
453,0.0
453,0.0
454,0.0
454,0.0
454,0.0
454,0.0
454,0.0
454,0.0
454,0.0
454,0.0
454,0.0
454,0.0
454,0.0
454,0.0
454,0.0
455,0.0
455,0.0
455,0.0
455,0.0
455,0.0
455,0.0
456,0.0
456,0.0
456,0.0
456,0.0
456,0.0
456,0.0
456,0.0
456,0.0
456,0.0
456,0.0
456,0.0
456,0.0
456,0.0
457,0.0
457,0.0
457,0.0
457,0.0
457,0.0
457,0.0
458,0.0
458,0.0
458,0.0
458,0.0
458,0.0
458,0.0
458,0.0
458,0.0
458,0.0
458,0.0
458,0.0
458,0.0
458,0.0
459,0.0
459,0.0
459,0.0
459,0.0
459,0.0
459,0.0
459,0.0
459,0.0
459,0.0
459,0.0
459,0.0
459,0.0
459,0.0
460,0.0
460,0.0
460,0.0
460,0.0
460,0.0
460,0.0
461,0.0
461,0.0
461,0.0
461,0.0
461,0.0
461,0.0
461,0.0
461,0.0
461,0.0
461,0.0
461,0.0
461,0.0
461,0.0
462,0.0
462,0.0
462,0.0
462,0.0
462,0.0
462,0.0
463,0.0
463,0.0
463,0.0
463,0.0
463,0.0
463,0.0
463,0.0
463,0.0
463,0.0
463,0.0
463,0.0
463,0.0
463,0.0
464,0.0
464,0.0
464,0.0
464,0.0
464,0.0
464,0.0
464,0.0
465,0.0
465,0.0
465,0.0
465,0.0
465,0.0
465,0.0
465,0.0
465,0.0
465,0.0
465,0.0
465,0.0
465,0.0
466,0.0
466,0.0
466,0.0
466,0.0
466,0.0
466,0.0
466,0.0
466,0.0
466,0.0
466,0.0
466,0.0
466,0.0
466,0.0
467,0.0
467,0.0
467,0.0
467,0.0
467,0.0
467,0.0
467,0.0
468,0.0
468,0.0
468,0.0
468,0.0
468,0.0
468,0.0
468,0.0
468,0.0
468,0.0
468,0.0
468,0.0
468,0.0
469,0.0
469,0.0
469,0.0
469,0.0
469,0.0
469,0.0
469,0.0
470,0.0
470,0.0
470,0.0
470,0.0
470,0.0
470,0.0
470,0.0
470,0.0
470,0.0
470,0.0
470,0.0
470,0.0
471,0.0
471,0.0
471,0.0
471,0.0
471,0.0
471,0.0
471,0.0
472,0.0
472,0.0
472,0.0
472,0.0
472,0.0
472,0.0
472,0.0
472,0.0
472,0.0
472,0.0
472,0.0
472,0.0
472,0.0
473,0.0
473,0.0
473,0.0
473,0.0
473,0.0
473,0.0
474,0.0
474,0.0
474,0.0
474,0.0
474,0.0
474,0.0
474,0.0
474,0.0
474,0.0
474,0.0
474,0.0
474,0.0
474,0.0
475,0.0
475,0.0
475,0.0
475,0.0
475,0.0
475,0.0
475,0.0
475,0.0
475,0.0
475,0.0
475,0.0
475,0.0
475,0.0
476,0.0
476,0.0
476,0.0
476,0.0
476,0.0
476,0.0
477,0.0
477,0.0
477,0.0
477,0.0
477,0.0
477,0.0
477,0.0
477,0.0
477,0.0
477,0.0
477,0.0
477,0.0
477,0.0
478,0.0
478,0.0
478,0.0
478,0.0
478,0.0
478,0.0
479,0.0
479,0.0
479,0.0
479,0.0
479,0.0
479,0.0
479,0.0
479,0.0
479,0.0
479,0.0
479,0.0
479,0.0
479,0.0
480,0.0
480,0.0
480,0.0
480,0.0
480,0.0
480,0.0
481,0.0
481,0.0
481,0.0
481,0.0
481,0.0
481,0.0
481,0.0
481,0.0
481,0.0
481,0.0
481,0.0
481,0.0
481,0.0
482,0.0
482,0.0
482,0.0
482,0.0
482,0.0
482,0.0
482,0.0
482,0.0
482,0.0
482,0.0
482,0.0
482,0.0
482,0.0
483,0.0
483,0.0
483,0.0
483,0.0
483,0.0
483,0.0
484,0.0
484,0.0
484,0.0
484,0.0
484,0.0
484,0.0
484,0.0
484,0.0
484,0.0
484,0.0
484,0.0
484,0.0
484,0.0
485,0.0
485,0.0
485,0.0
485,0.0
485,0.0
485,0.0
486,0.0
486,0.0
486,0.0
486,0.0
486,0.0
486,0.0
486,0.0
486,0.0
486,0.0
486,0.0
486,0.0
486,0.0
486,0.0
487,0.0
487,0.0
487,0.0
487,0.0
487,0.0
487,0.0
488,0.0
488,0.0
488,0.0
488,0.0
488,0.0
488,0.0
488,0.0
488,0.0
488,0.0
488,0.0
488,0.0
488,0.0
488,0.0
489,0.0
489,0.0
489,0.0
489,0.0
489,0.0
489,0.0
489,0.0
490,0.0
490,0.0
490,0.0
490,0.0
490,0.0
490,0.0
490,0.0
490,0.0
490,0.0
490,0.0
490,0.0
490,0.0
491,0.0
491,0.0
491,0.0
491,0.0
491,0.0
491,0.0
491,0.0
491,0.0
491,0.0
491,0.0
491,0.0
491,0.0
491,0.0
492,0.0
492,0.0
492,0.0
492,0.0
492,0.0
492,0.0
492,0.0
493,0.0
493,0.0
493,0.0
493,0.0
493,0.0
493,0.0
493,0.0
493,0.0
493,0.0
493,0.0
493,0.0
493,0.0
494,0.0
494,0.0
494,0.0
494,0.0
494,0.0
494,0.0
494,0.0
495,0.0
495,0.0
495,0.0
495,0.0
495,0.0
495,0.0
495,0.0
495,0.0
495,0.0
495,0.0
495,0.0
495,0.0
496,0.0
496,0.0
496,0.0
496,0.0
496,0.0
496,0.0
496,0.0
497,0.0
497,0.0
497,0.0
497,0.0
497,0.0
497,0.0
497,0.0
497,0.0
497,0.0
497,0.0
497,0.0
497,0.0
498,0.0
498,0.0
498,0.0
498,0.0
498,0.0
498,0.0
498,0.0
498,0.0
498,0.0
498,0.0
498,0.0
498,0.0
498,0.0
499,0.0
499,0.0
499,0.0
499,0.0
499,0.0
499,0.0
499,0.0
500,0.0
500,0.0
500,0.0
500,0.0
500,0.0
500,0.0
500,0.0
500,0.0
500,0.0
500,0.0
500,0.0
500,0.0
501,0.0
501,0.0
501,0.0
501,0.0
501,0.0
501,0.0
501,0.0
502,0.0
502,0.0
502,0.0
502,0.0
502,0.0
502,0.0
502,0.0
502,0.0
502,0.0
502,0.0
502,0.0
502,0.0
502,0.0
503,0.0
503,0.0
503,0.0
503,0.0
503,0.0
503,0.0
504,0.0
504,0.0
504,0.0
504,0.0
504,0.0
504,0.0
504,0.0
504,0.0
504,0.0
504,0.0
504,0.0
504,0.0
504,0.0
505,0.0
505,0.0
505,0.0
505,0.0
505,0.0
505,0.0
506,0.0
506,0.0
506,0.0
506,0.0
506,0.0
506,0.0
506,0.0
506,0.0
506,0.0
506,0.0
506,0.0
506,0.0
506,0.0
507,0.0
507,0.0
507,0.0
507,0.0
507,0.0
507,0.0
507,0.0
507,0.0
507,0.0
507,0.0
507,0.0
507,0.0
507,0.0
508,0.0
508,0.0
508,0.0
508,0.0
508,0.0
508,0.0
509,0.0
509,0.0
509,0.0
509,0.0
509,0.0
509,0.0
509,0.0
509,0.0
509,0.0
509,0.0
509,0.0
509,0.0
509,0.0
510,0.0
510,0.0
510,0.0
510,0.0
510,0.0
510,0.0
511,0.0
511,0.0
511,0.0
511,0.0
511,0.0
511,0.0
511,0.0
511,0.0
511,0.0
511,0.0
511,0.0
511,0.0
511,0.0
512,0.0
512,0.0
512,0.0
512,0.0
512,0.0
512,0.0
513,0.0
513,0.0
513,0.0
513,0.0
513,0.0
513,0.0
513,0.0
513,0.0
513,0.0
513,0.0
513,0.0
513,0.0
513,0.0
514,0.0
514,0.0
514,0.0
514,0.0
514,0.0
514,0.0
515,0.0
515,0.0
515,0.0
515,0.0
515,0.0
515,0.0
515,0.0
515,0.0
515,0.0
515,0.0
515,0.0
515,0.0
515,0.0
516,0.0
516,0.0
516,0.0
516,0.0
516,0.0
516,0.0
516,0.0
516,0.0
516,0.0
516,0.0
516,0.0
516,0.0
516,0.0
517,0.0
517,0.0
517,0.0
517,0.0
517,0.0
517,0.0
518,0.0
518,0.0
518,0.0
518,0.0
518,0.0
518,0.0
518,0.0
518,0.0
518,0.0
518,0.0
518,0.0
518,0.0
518,0.0
519,0.0
519,0.0
519,0.0
519,0.0
519,0.0
519,0.0
520,0.0
520,0.0
520,0.0
520,0.0
520,0.0
520,0.0
520,0.0
520,0.0
520,0.0
520,0.0
520,0.0
520,0.0
520,0.0
521,0.0
521,0.0
521,0.0
521,0.0
521,0.0
521,0.0
521,0.0
522,0.0
522,0.0
522,0.0
522,0.0
522,0.0
522,0.0
522,0.0
522,0.0
522,0.0
522,0.0
522,0.0
522,0.0
523,0.0
523,0.0
523,0.0
523,0.0
523,0.0
523,0.0
523,0.0
523,0.0
523,0.0
523,0.0
523,0.0
523,0.0
523,0.0
524,0.0
524,0.0
524,0.0
524,0.0
524,0.0
524,0.0
524,0.0
525,0.0
525,0.0
525,0.0
525,0.0
525,0.0
525,0.0
525,0.0
525,0.0
525,0.0
525,0.0
525,0.0
525,0.0
526,0.0
526,0.0
526,0.0
526,0.0
526,0.0
526,0.0
526,0.0
527,0.0
527,0.0
527,0.0
527,0.0
527,0.0
527,0.0
527,0.0
527,0.0
527,0.0
527,0.0
527,0.0
527,0.0
527,0.0
528,0.0
528,0.0
528,0.0
528,0.0
528,0.0
528,0.0
529,0.0
529,0.0
529,0.0
529,0.0
529,0.0
529,0.0
529,0.0
529,0.0
529,0.0
529,0.0
529,0.0
529,0.0
529,0.0
530,0.0
530,0.0
530,0.0
530,0.0
530,0.0
530,0.0
531,0.0
531,0.0
531,0.0
531,0.0
531,0.0
531,0.0
531,0.0
531,0.0
531,0.0
531,0.0
531,0.0
531,0.0
531,0.0
532,0.0
532,0.0
532,0.0
532,0.0
532,0.0
532,0.0
532,0.0
532,0.0
532,0.0
532,0.0
532,0.0
532,0.0
532,0.0
533,0.0
533,0.0
533,0.0
533,0.0
533,0.0
533,0.0
534,0.0
534,0.0
534,0.0
534,0.0
534,0.0
534,0.0
534,0.0
534,0.0
534,0.0
534,0.0
534,0.0
534,0.0
534,0.0
535,0.0
535,0.0
535,0.0
535,0.0
535,0.0
535,0.0
536,0.0
536,0.0
536,0.0
536,0.0
536,0.0
536,0.0
536,0.0
536,0.0
536,0.0
536,0.0
536,0.0
536,0.0
536,0.0
537,0.0
537,0.0
537,0.0
537,0.0
537,0.0
537,0.0
538,0.0
538,0.0
538,0.0
538,0.0
538,0.0
538,0.0
538,0.0
538,0.0
538,0.0
538,0.0
538,0.0
538,0.0
538,0.0
539,0.0
539,0.0
539,0.0
539,0.0
539,0.0
539,0.0
539,0.0
539,0.0
539,0.0
539,0.0
539,0.0
539,0.0
539,0.0
540,0.0
540,0.0
540,0.0
540,0.0
540,0.0
540,0.0
541,0.0
541,0.0
541,0.0
541,0.0
541,0.0
541,0.0
541,0.0
541,0.0
541,0.0
541,0.0
541,0.0
541,0.0
541,0.0
542,0.0
542,0.0
542,0.0
542,0.0
542,0.0
542,0.0
543,0.0
543,0.0
543,0.0
543,0.0
543,0.0
543,0.0
543,0.0
543,0.0
543,0.0
543,0.0
543,0.0
543,0.0
543,0.0
544,0.0
544,0.0
544,0.0
544,0.0
544,0.0
544,0.0
544,0.0
545,0.0
545,0.0
545,0.0
545,0.0
545,0.0
545,0.0
545,0.0
545,0.0
545,0.0
545,0.0
545,0.0
545,0.0
546,0.0
546,0.0
546,0.0
546,0.0
546,0.0
546,0.0
546,0.0
547,0.0
547,0.0
547,0.0
547,0.0
547,0.0
547,0.0
547,0.0
547,0.0
547,0.0
547,0.0
547,0.0
547,0.0
548,0.0
548,0.0
548,0.0
548,0.0
548,0.0
548,0.0
548,0.0
548,0.0
548,0.0
548,0.0
548,0.0
548,0.0
548,0.0
549,0.0
549,0.0
549,0.0
549,0.0
549,0.0
549,0.0
549,0.0
550,0.0
550,0.0
550,0.0
550,0.0
550,0.0
550,0.0
550,0.0
550,0.0
550,0.0
550,0.0
550,0.0
550,0.0
550,0.0
551,0.0
551,0.0
551,0.0
551,0.0
551,0.0
551,0.0
552,0.0
552,0.0
552,0.0
552,0.0
552,0.0
552,0.0
552,0.0
552,0.0
552,0.0
552,0.0
552,0.0
552,0.0
552,0.0
553,0.0
553,0.0
553,0.0
553,0.0
553,0.0
553,0.0
554,0.0
554,0.0
554,0.0
554,0.0
554,0.0
554,0.0
554,0.0
554,0.0
554,0.0
554,0.0
554,0.0
554,0.0
554,0.0
555,0.0
555,0.0
555,0.0
555,0.0
555,0.0
555,0.0
555,0.0
555,0.0
555,0.0
555,0.0
555,0.0
555,0.0
555,0.0
556,0.0
556,0.0
556,0.0
556,0.0
556,0.0
556,0.0
557,0.0
557,0.0
557,0.0
557,0.0
557,0.0
557,0.0
557,0.0
557,0.0
557,0.0
557,0.0
557,0.0
557,0.0
557,0.0
558,0.0
558,0.0
558,0.0
558,0.0
558,0.0
558,0.0
559,0.0
559,0.0
559,0.0
559,0.0
559,0.0
559,0.0
559,0.0
559,0.0
559,0.0
559,0.0
559,0.0
559,0.0
559,0.0
560,0.0
560,0.0
560,0.0
560,0.0
560,0.0
560,0.0
561,0.0
561,0.0
561,0.0
561,0.0
561,0.0
561,0.0
561,0.0
561,0.0
561,0.0
561,0.0
561,0.0
561,0.0
561,0.0
562,0.0
562,0.0
562,0.0
562,0.0
562,0.0
562,0.0
563,0.0
563,0.0
563,0.0
563,0.0
563,0.0
563,0.0
563,0.0
563,0.0
563,0.0
563,0.0
563,0.0
563,0.0
563,0.0
564,0.0
564,0.0
564,0.0
564,0.0
564,0.0
564,0.0
564,0.0
564,0.0
564,0.0
564,0.0
564,0.0
564,0.0
564,0.0
565,0.0
565,0.0
565,0.0
565,0.0
565,0.0
565,0.0
566,0.0
566,0.0
566,0.0
566,0.0
566,0.0
566,0.0
566,0.0
566,0.0
566,0.0
566,0.0
566,0.0
566,0.0
566,0.0
567,0.0
567,0.0
567,0.0
567,0.0
567,0.0
567,0.0
567,0.0
568,0.0
568,0.0
568,0.0
568,0.0
568,0.0
568,0.0
568,0.0
568,0.0
568,0.0
568,0.0
568,0.0
568,0.0
569,0.0
569,0.0
569,0.0
569,0.0
569,0.0
569,0.0
569,0.0
570,0.0
570,0.0
570,0.0
570,0.0
570,0.0
570,0.0
570,0.0
570,0.0
570,0.0
570,0.0
570,0.0
570,0.0
571,0.0
571,0.0
571,0.0
571,0.0
571,0.0
571,0.0
571,0.0
571,0.0
571,0.0
571,0.0
571,0.0
571,0.0
571,0.0
572,0.0
572,0.0
572,0.0
572,0.0
572,0.0
572,0.0
572,0.0
573,0.0
573,0.0
573,0.0
573,0.0
573,0.0
573,0.0
573,0.0
573,0.0
573,0.0
573,0.0
573,0.0
573,0.0
574,0.0
574,0.0
574,0.0
574,0.0
574,0.0
574,0.0
574,0.0
575,0.0
575,0.0
575,0.0
575,0.0
575,0.0
575,0.0
575,0.0
575,0.0
575,0.0
575,0.0
575,0.0
575,0.0
576,0.0
576,0.0
576,0.0
576,0.0
576,0.0
576,0.0
576,0.0
577,0.0
577,0.0
577,0.0
577,0.0
577,0.0
577,0.0
577,0.0
577,0.0
577,0.0
577,0.0
577,0.0
577,0.0
577,0.0
578,0.0
578,0.0
578,0.0
578,0.0
578,0.0
578,0.0
579,0.0
579,0.0
579,0.0
579,0.0
579,0.0
579,0.0
579,0.0
579,0.0
579,0.0
579,0.0
579,0.0
579,0.0
579,0.0
580,0.0
580,0.0
580,0.0
580,0.0
580,0.0
580,0.0
580,0.0
580,0.0
580,0.0
580,0.0
580,0.0
580,0.0
580,0.0
581,0.0
581,0.0
581,0.0
581,0.0
581,0.0
581,0.0
582,0.0
582,0.0
582,0.0
582,0.0
582,0.0
582,0.0
582,0.0
582,0.0
582,0.0
582,0.0
582,0.0
582,0.0
582,0.0
583,0.0
583,0.0
583,0.0
583,0.0
583,0.0
583,0.0
584,0.0
584,0.0
584,0.0
584,0.0
584,0.0
584,0.0
584,0.0
584,0.0
584,0.0
584,0.0
584,0.0
584,0.0
584,0.0
585,0.0
585,0.0
585,0.0
585,0.0
585,0.0
585,0.0
586,0.0
586,0.0
586,0.0
586,0.0
586,0.0
586,0.0
586,0.0
586,0.0
586,0.0
586,0.0
586,0.0
586,0.0
586,0.0
587,0.0
587,0.0
587,0.0
587,0.0
587,0.0
587,0.0
587,0.0
587,0.0
587,0.0
587,0.0
587,0.0
587,0.0
587,0.0
588,0.0
588,0.0
588,0.0
588,0.0
588,0.0
588,0.0
589,0.0
589,0.0
589,0.0
589,0.0
589,0.0
589,0.0
589,0.0
589,0.0
589,0.0
589,0.0
589,0.0
589,0.0
589,0.0
590,0.0
590,0.0
590,0.0
590,0.0
590,0.0
590,0.0
591,0.0
591,0.0
591,0.0
591,0.0
591,0.0
591,0.0
591,0.0
591,0.0
591,0.0
591,0.0
591,0.0
591,0.0
591,0.0
592,0.0
592,0.0
592,0.0
592,0.0
592,0.0
592,0.0
593,0.0
593,0.0
593,0.0
593,0.0
593,0.0
593,0.0
593,0.0
593,0.0
593,0.0
593,0.0
593,0.0
593,0.0
593,0.0
594,0.0
594,0.0
594,0.0
594,0.0
594,0.0
594,0.0
594,0.0
595,0.0
595,0.0
595,0.0
595,0.0
595,0.0
595,0.0
595,0.0
595,0.0
595,0.0
595,0.0
595,0.0
595,0.0
596,0.0
596,0.0
596,0.0
596,0.0
596,0.0
596,0.0
596,0.0
596,0.0
596,0.0
596,0.0
596,0.0
596,0.0
596,0.0
597,0.0
597,0.0
597,0.0
597,0.0
597,0.0
597,0.0
597,0.0
598,0.0
598,0.0
598,0.0
598,0.0
598,0.0
598,0.0
598,0.0
598,0.0
598,0.0
598,0.0
598,0.0
598,0.0
599,0.0
599,0.0
599,0.0
599,0.0
599,0.0
599,0.0
599,0.0
600,0.0
600,0.0
600,0.0
600,0.0
600,0.0
600,0.0
600,0.0
600,0.0
600,0.0
600,0.0
600,0.0
600,0.0
601,0.0
601,0.0
601,0.0
601,0.0
601,0.0
601,0.0
601,0.0
602,0.0
602,0.0
602,0.0
602,0.0
602,0.0
602,0.0
602,0.0
602,0.0
602,0.0
602,0.0
602,0.0
602,0.0
602,0.0
603,0.0
603,0.0
603,0.0
603,0.0
603,0.0
603,0.0
603,0.0
603,0.0
603,0.0
603,0.0
603,0.0
603,0.0
604,0.0
604,0.0
604,0.0
604,0.0
604,0.0
604,0.0
604,0.0
605,0.0
605,0.0
605,0.0
605,0.0
605,0.0
605,0.0
605,0.0
605,0.0
605,0.0
605,0.0
605,0.0
605,0.0
605,0.0
606,0.0
606,0.0
606,0.0
606,0.0
606,0.0
606,0.0
607,0.0
607,0.0
607,0.0
607,0.0
607,0.0
607,0.0
607,0.0
607,0.0
607,0.0
607,0.0
607,0.0
607,0.0
607,0.0
608,0.0
608,0.0
608,0.0
608,0.0
608,0.0
608,0.0
609,0.0
609,0.0
609,0.0
609,0.0
609,0.0
609,0.0
609,0.0
609,0.0
609,0.0
609,0.0
609,0.0
609,0.0
609,0.0
610,0.0
610,0.0
610,0.0
610,0.0
610,0.0
610,0.0
611,0.0
611,0.0
611,0.0
611,0.0
611,0.0
611,0.0
611,0.0
611,0.0
611,0.0
611,0.0
611,0.0
611,0.0
611,0.0
612,0.0
612,0.0
612,0.0
612,0.0
612,0.0
612,0.0
612,0.0
612,0.0
612,0.0
612,0.0
612,0.0
612,0.0
612,0.0
613,0.0
613,0.0
613,0.0
613,0.0
613,0.0
613,0.0
614,0.0
614,0.0
614,0.0
614,0.0
614,0.0
614,0.0
614,0.0
614,0.0
614,0.0
614,0.0
614,0.0
614,0.0
614,0.0
615,0.0
615,0.0
615,0.0
615,0.0
615,0.0
615,0.0
616,0.0
616,0.0
616,0.0
616,0.0
616,0.0
616,0.0
616,0.0
616,0.0
616,0.0
616,0.0
616,0.0
616,0.0
616,0.0
617,0.0
617,0.0
617,0.0
617,0.0
617,0.0
617,0.0
617,0.0
618,0.0
618,0.0
618,0.0
618,0.0
618,0.0
618,0.0
618,0.0
618,0.0
618,0.0
618,0.0
618,0.0
618,0.0
619,0.0
619,0.0
619,0.0
619,0.0
619,0.0
619,0.0
619,0.0
619,0.0
619,0.0
619,0.0
619,0.0
619,0.0
619,0.0
620,0.0
620,0.0
620,0.0
620,0.0
620,0.0
620,0.0
621,0.0
621,0.0
621,0.0
621,0.0
621,0.0
621,0.0
621,0.0
621,0.0
621,0.0
621,0.0
621,0.0
621,0.0
621,0.0
622,0.0
622,0.0
622,0.0
622,0.0
622,0.0
622,0.0
622,0.0
623,0.0
623,0.0
623,0.0
623,0.0
623,0.0
623,0.0
623,0.0
623,0.0
623,0.0
623,0.0
623,0.0
623,0.0
624,0.0
624,0.0
624,0.0
624,0.0
624,0.0
624,0.0
624,0.0
625,0.0
625,0.0
625,0.0
625,0.0
625,0.0
625,0.0
625,0.0
625,0.0
625,0.0
625,0.0
625,0.0
625,0.0
625,0.0
626,0.0
626,0.0
626,0.0
626,0.0
626,0.0
626,0.0
627,0.0
627,0.0
627,0.0
627,0.0
627,0.0
627,0.0
627,0.0
627,0.0
627,0.0
627,0.0
627,0.0
627,0.0
627,0.0
628,0.0
628,0.0
628,0.0
628,0.0
628,0.0
628,0.0
628,0.0
628,0.0
628,0.0
628,0.0
628,0.0
628,0.0
628,0.0
629,0.0
629,0.0
629,0.0
629,0.0
629,0.0
629,0.0
630,0.0
630,0.0
630,0.0
630,0.0
630,0.0
630,0.0
630,0.0
630,0.0
630,0.0
630,0.0
630,0.0
630,0.0
630,0.0
631,0.0
631,0.0
631,0.0
631,0.0
631,0.0
631,0.0
632,0.0
632,0.0
632,0.0
632,0.0
632,0.0
632,0.0
632,0.0
632,0.0
632,0.0
632,0.0
632,0.0
632,0.0
632,0.0
633,0.0
633,0.0
633,0.0
633,0.0
633,0.0
633,0.0
634,0.0
634,0.0
634,0.0
634,0.0
634,0.0
634,0.0
634,0.0
634,0.0
634,0.0
634,0.0
634,0.0
634,0.0
634,0.0
635,0.0
635,0.0
635,0.0
635,0.0
635,0.0
635,0.0
635,0.0
635,0.0
635,0.0
635,0.0
635,0.0
635,0.0
635,0.0
636,0.0
636,0.0
636,0.0
636,0.0
636,0.0
636,0.0
637,0.0
637,0.0
637,0.0
637,0.0
637,0.0
637,0.0
637,0.0
637,0.0
637,0.0
637,0.0
637,0.0
637,0.0
637,0.0
638,0.0
638,0.0
638,0.0
638,0.0
638,0.0
638,0.0
639,0.0
639,0.0
639,0.0
639,0.0
639,0.0
639,0.0
639,0.0
639,0.0
639,0.0
639,0.0
639,0.0
639,0.0
639,0.0
640,0.0
640,0.0
640,0.0
640,0.0
640,0.0
640,0.0
640,0.0
641,0.0
641,0.0
641,0.0
641,0.0
641,0.0
641,0.0
641,0.0
641,0.0
641,0.0
641,0.0
641,0.0
641,0.0
642,0.0
642,0.0
642,0.0
642,0.0
642,0.0
642,0.0
642,0.0
643,0.0
643,0.0
643,0.0
643,0.0
643,0.0
643,0.0
643,0.0
643,0.0
643,0.0
643,0.0
643,0.0
643,0.0
643,0.0
644,0.0
644,0.0
644,0.0
644,0.0
644,0.0
644,0.0
644,0.0
644,0.0
644,0.0
644,0.0
644,0.0
644,0.0
645,0.0
645,0.0
645,0.0
645,0.0
645,0.0
645,0.0
645,0.0
646,0.0
646,0.0
646,0.0
646,0.0
646,0.0
646,0.0
646,0.0
646,0.0
646,0.0
646,0.0
646,0.0
646,0.0
647,0.0
647,0.0
647,0.0
647,0.0
647,0.0
647,0.0
647,0.0
648,0.0
648,0.0
648,0.0
648,0.0
648,0.0
648,0.0
648,0.0
648,0.0
648,0.0
648,0.0
648,0.0
648,0.0
648,0.0
649,0.0
649,0.0
649,0.0
649,0.0
649,0.0
649,0.0
650,0.0
650,0.0
650,0.0
650,0.0
650,0.0
650,0.0
650,0.0
650,0.0
650,0.0
650,0.0
650,0.0
650,0.0
650,0.0
651,0.0
651,0.0
651,0.0
651,0.0
651,0.0
651,0.0
652,0.0
652,0.0
652,0.0
652,0.0
652,0.0
652,0.0
652,0.0
652,0.0
652,0.0
652,0.0
652,0.0
652,0.0
652,0.0
653,0.0
653,0.0
653,0.0
653,0.0
653,0.0
653,0.0
653,0.0
653,0.0
653,0.0
653,0.0
653,0.0
653,0.0
653,0.0
654,0.0
654,0.0
654,0.0
654,0.0
654,0.0
654,0.0
655,0.0
655,0.0
655,0.0
655,0.0
655,0.0
655,0.0
655,0.0
655,0.0
655,0.0
655,0.0
655,0.0
655,0.0
655,0.0
656,0.0
656,0.0
656,0.0
656,0.0
656,0.0
656,0.0
657,0.0
657,0.0
657,0.0
657,0.0
657,0.0
657,0.0
657,0.0
657,0.0
657,0.0
657,0.0
657,0.0
657,0.0
657,0.0
658,0.0
658,0.0
658,0.0
658,0.0
658,0.0
658,0.0
659,0.0
659,0.0
659,0.0
659,0.0
659,0.0
659,0.0
659,0.0
659,0.0
659,0.0
659,0.0
659,0.0
659,0.0
659,0.0
660,0.0
660,0.0
660,0.0
660,0.0
660,0.0
660,0.0
660,0.0
660,0.0
660,0.0
660,0.0
660,0.0
660,0.0
660,0.0
661,0.0
661,0.0
661,0.0
661,0.0
661,0.0
661,0.0
662,0.0
662,0.0
662,0.0
662,0.0
662,0.0
662,0.0
662,0.0
662,0.0
662,0.0
662,0.0
662,0.0
662,0.0
662,0.0
663,0.0
663,0.0
663,0.0
663,0.0
663,0.0
663,0.0
663,0.0
664,0.0
664,0.0
664,0.0
664,0.0
664,0.0
664,0.0
664,0.0
664,0.0
664,0.0
664,0.0
664,0.0
664,0.0
665,0.0
665,0.0
665,0.0
665,0.0
665,0.0
665,0.0
665,0.0
666,0.0
666,0.0
666,0.0
666,0.0
666,0.0
666,0.0
666,0.0
666,0.0
666,0.0
666,0.0
666,0.0
666,0.0
667,0.0
667,0.0
667,0.0
667,0.0
667,0.0
667,0.0
667,0.0
668,0.0
668,0.0
668,0.0
668,0.0
668,0.0
668,0.0
668,0.0
668,0.0
668,0.0
668,0.0
668,0.0
668,0.0
668,0.0
669,0.0
669,0.0
669,0.0
669,0.0
669,0.0
669,0.0
669,0.0
669,0.0
669,0.0
669,0.0
669,0.0
669,0.0
670,0.0
670,0.0
670,0.0
670,0.0
670,0.0
670,0.0
670,0.0
671,0.0
671,0.0
671,0.0
671,0.0
671,0.0
671,0.0
671,0.0
671,0.0
671,0.0
671,0.0
671,0.0
671,0.0
671,0.0
672,0.0
672,0.0
672,0.0
672,0.0
672,0.0
672,0.0
673,0.0
673,0.0
673,0.0
673,0.0
673,0.0
673,0.0
673,0.0
673,0.0
673,0.0
673,0.0
673,0.0
673,0.0
673,0.0
674,0.0
674,0.0
674,0.0
674,0.0
674,0.0
674,0.0
675,0.0
675,0.0
675,0.0
675,0.0
675,0.0
675,0.0
675,0.0
675,0.0
675,0.0
675,0.0
675,0.0
675,0.0
675,0.0
676,0.0
676,0.0
676,0.0
676,0.0
676,0.0
676,0.0
676,0.0
676,0.0
676,0.0
676,0.0
676,0.0
676,0.0
676,0.0
677,0.0
677,0.0
677,0.0
677,0.0
677,0.0
677,0.0
678,0.0
678,0.0
678,0.0
678,0.0
678,0.0
678,0.0
678,0.0
678,0.0
678,0.0
678,0.0
678,0.0
678,0.0
678,0.0
679,0.0
679,0.0
679,0.0
679,0.0
679,0.0
679,0.0
680,0.0
680,0.0
680,0.0
680,0.0
680,0.0
680,0.0
680,0.0
680,0.0
680,0.0
680,0.0
680,0.0
680,0.0
680,0.0
681,0.0
681,0.0
681,0.0
681,0.0
681,0.0
681,0.0
682,0.0
682,0.0
682,0.0
682,0.0
682,0.0
682,0.0
682,0.0
682,0.0
682,0.0
682,0.0
682,0.0
682,0.0
682,0.0
683,0.0
683,0.0
683,0.0
683,0.0
683,0.0
683,0.0
683,0.0
684,0.0
684,0.0
684,0.0
684,0.0
684,0.0
684,0.0
684,0.0
684,0.0
684,0.0
684,0.0
684,0.0
684,0.0
685,0.0
685,0.0
685,0.0
685,0.0
685,0.0
685,0.0
685,0.0
685,0.0
685,0.0
685,0.0
685,0.0
685,0.0
685,0.0
686,0.0
686,0.0
686,0.0
686,0.0
686,0.0
686,0.0
687,0.0
687,0.0
687,0.0
687,0.0
687,0.0
687,0.0
687,0.0
687,0.0
687,0.0
687,0.0
687,0.0
687,0.0
687,0.0
688,0.0
688,0.0
688,0.0
688,0.0
688,0.0
688,0.0
688,0.0
689,0.0
689,0.0
689,0.0
689,0.0
689,0.0
689,0.0
689,0.0
689,0.0
689,0.0
689,0.0
689,0.0
689,0.0
690,0.0
690,0.0
690,0.0
690,0.0
690,0.0
690,0.0
690,0.0
691,0.0
691,0.0
691,0.0
691,0.0
691,0.0
691,0.0
691,0.0
691,0.0
691,0.0
691,0.0
691,0.0
691,0.0
691,0.0
692,0.0
692,0.0
692,0.0
692,0.0
692,0.0
692,0.0
692,0.0
692,0.0
692,0.0
692,0.0
692,0.0
692,0.0
693,0.0
693,0.0
693,0.0
693,0.0
693,0.0
693,0.0
693,0.0
694,0.0
694,0.0
694,0.0
694,0.0
694,0.0
694,0.0
694,0.0
694,0.0
694,0.0
694,0.0
694,0.0
694,0.0
694,0.0
695,0.0
695,0.0
695,0.0
695,0.0
695,0.0
695,0.0
696,0.0
696,0.0
696,0.0
696,0.0
696,0.0
696,0.0
696,0.0
696,0.0
696,0.0
696,0.0
696,0.0
696,0.0
696,0.0
697,0.0
697,0.0
697,0.0
697,0.0
697,0.0
697,0.0
698,0.0
698,0.0
698,0.0
698,0.0
698,0.0
698,0.0
698,0.0
698,0.0
698,0.0
698,0.0
698,0.0
698,0.0
698,0.0
699,0.0
699,0.0
699,0.0
699,0.0
699,0.0
699,0.0
700,0.0
700,0.0
700,0.0
700,0.0
700,0.0
700,0.0
700,0.0
700,0.0
700,0.0
700,0.0
700,0.0
700,0.0
700,0.0
701,0.0
701,0.0
701,0.0
701,0.0
701,0.0
701,0.0
701,0.0
701,0.0
701,0.0
701,0.0
701,0.0
701,0.0
701,0.0
702,0.0
702,0.0
702,0.0
702,0.0
702,0.0
702,0.0
703,0.0
703,0.0
703,0.0
703,0.0
703,0.0
703,0.0
703,0.0
703,0.0
703,0.0
703,0.0
703,0.0
703,0.0
703,0.0
704,0.0
704,0.0
704,0.0
704,0.0
704,0.0
704,0.0
705,0.0
705,0.0
705,0.0
705,0.0
705,0.0
705,0.0
705,0.0
705,0.0
705,0.0
705,0.0
705,0.0
705,0.0
705,0.0
706,0.0
706,0.0
706,0.0
706,0.0
706,0.0
706,0.0
706,0.0
707,0.0
707,0.0
707,0.0
707,0.0
707,0.0
707,0.0
707,0.0
707,0.0
707,0.0
707,0.0
707,0.0
707,0.0
708,0.0
708,0.0
708,0.0
708,0.0
708,0.0
708,0.0
708,0.0
708,0.0
708,0.0
708,0.0
708,0.0
708,0.0
708,0.0
709,0.0
709,0.0
709,0.0
709,0.0
709,0.0
709,0.0
709,0.0
710,0.0
710,0.0
710,0.0
710,0.0
710,0.0
710,0.0
710,0.0
710,0.0
710,0.0
710,0.0
710,0.0
710,0.0
711,0.0
711,0.0
711,0.0
711,0.0
711,0.0
711,0.0
711,0.0
712,0.0
712,0.0
712,0.0
712,0.0
712,0.0
712,0.0
712,0.0
712,0.0
712,0.0
712,0.0
712,0.0
712,0.0
713,0.0
713,0.0
713,0.0
713,0.0
713,0.0
713,0.0
713,0.0
714,0.0
714,0.0
714,0.0
714,0.0
714,0.0
714,0.0
714,0.0
714,0.0
714,0.0
714,0.0
714,0.0
714,0.0
714,0.0
715,0.0
715,0.0
715,0.0
715,0.0
715,0.0
715,0.0
716,0.0
716,0.0
716,0.0
716,0.0
716,0.0
716,0.0
716,0.0
716,0.0
716,0.0
716,0.0
716,0.0
716,0.0
716,0.0
717,0.0
717,0.0
717,0.0
717,0.0
717,0.0
717,0.0
717,0.0
717,0.0
717,0.0
717,0.0
717,0.0
717,0.0
717,0.0
718,0.0
718,0.0
718,0.0
718,0.0
718,0.0
718,0.0
719,0.0
719,0.0
719,0.0
719,0.0
719,0.0
719,0.0
719,0.0
719,0.0
719,0.0
719,0.0
719,0.0
719,0.0
719,0.0
720,0.0
720,0.0
720,0.0
720,0.0
720,0.0
720,0.0
721,0.0
721,0.0
721,0.0
721,0.0
721,0.0
721,0.0
721,0.0
721,0.0
721,0.0
721,0.0
721,0.0
721,0.0
721,0.0
722,0.0
722,0.0
722,0.0
722,0.0
722,0.0
722,0.0
723,0.0
723,0.0
723,0.0
723,0.0
723,0.0
723,0.0
723,0.0
723,0.0
723,0.0
723,0.0
723,0.0
723,0.0
723,0.0
724,0.0
724,0.0
724,0.0
724,0.0
724,0.0
724,0.0
724,0.0
724,0.0
724,0.0
724,0.0
724,0.0
724,0.0
724,0.0
725,0.0
725,0.0
725,0.0
725,0.0
725,0.0
725,0.0
726,0.0
726,0.0
726,0.0
726,0.0
726,0.0
726,0.0
726,0.0
726,0.0
726,0.0
726,0.0
726,0.0
726,0.0
726,0.0
727,0.0
727,0.0
727,0.0
727,0.0
727,0.0
727,0.0
728,0.0
728,0.0
728,0.0
728,0.0
728,0.0
728,0.0
728,0.0
728,0.0
728,0.0
728,0.0
728,0.0
728,0.0
728,0.0
729,0.0
729,0.0
729,0.0
729,0.0
729,0.0
729,0.0
729,0.0
730,0.0
730,0.0
730,0.0
730,0.0
730,0.0
730,0.0
730,0.0
730,0.0
730,0.0
730,0.0
730,0.0
730,0.0
731,0.0
731,0.0
731,0.0
731,0.0
731,0.0
731,0.0
731,0.0
732,0.0
732,0.0
732,0.0
732,0.0
732,0.0
732,0.0
732,0.0
732,0.0
732,0.0
732,0.0
732,0.0
732,0.0
733,0.0
733,0.0
733,0.0
733,0.0
733,0.0
733,0.0
733,0.0
733,0.0
733,0.0
733,0.0
733,0.0
733,0.0
733,0.0
734,0.0
734,0.0
734,0.0
734,0.0
734,0.0
734,0.0
734,0.0
735,0.0
735,0.0
735,0.0
735,0.0
735,0.0
735,0.0
735,0.0
735,0.0
735,0.0
735,0.0
735,0.0
735,0.0
736,0.0
736,0.0
736,0.0
736,0.0
736,0.0
736,0.0
736,0.0
737,0.0
737,0.0
737,0.0
737,0.0
737,0.0
737,0.0
737,0.0
737,0.0
737,0.0
737,0.0
737,0.0
737,0.0
737,0.0
738,0.0
738,0.0
738,0.0
738,0.0
738,0.0
738,0.0
739,0.0
739,0.0
739,0.0
739,0.0
739,0.0
739,0.0
739,0.0
739,0.0
739,0.0
739,0.0
739,0.0
739,0.0
739,0.0
740,0.0
740,0.0
740,0.0
740,0.0
740,0.0
740,0.0
741,0.0
741,0.0
741,0.0
741,0.0
741,0.0
741,0.0
741,0.0
741,0.0
741,0.0
741,0.0
741,0.0
741,0.0
741,0.0
742,0.0
742,0.0
742,0.0
742,0.0
742,0.0
742,0.0
742,0.0
742,0.0
742,0.0
742,0.0
742,0.0
742,0.0
742,0.0
743,0.0
743,0.0
743,0.0
743,0.0
743,0.0
743,0.0
744,0.0
744,0.0
744,0.0
744,0.0
744,0.0
744,0.0
744,0.0
744,0.0
744,0.0
744,0.0
744,0.0
744,0.0
744,0.0
745,0.0
745,0.0
745,0.0
745,0.0
745,0.0
745,0.0
746,0.0
746,0.0
746,0.0
746,0.0
746,0.0
746,0.0
746,0.0
746,0.0
746,0.0
746,0.0
746,0.0
746,0.0
746,0.0
747,0.0
747,0.0
747,0.0
747,0.0
747,0.0
747,0.0
748,0.0
748,0.0
748,0.0
748,0.0
748,0.0
748,0.0
748,0.0
748,0.0
748,0.0
748,0.0
748,0.0
748,0.0
748,0.0
749,0.0
749,0.0
749,0.0
749,0.0
749,0.0
749,0.0
749,0.0
749,0.0
749,0.0
749,0.0
749,0.0
749,0.0
749,0.0
750,0.0
750,0.0
750,0.0
750,0.0
750,0.0
750,0.0
751,0.0
751,0.0
751,0.0
751,0.0
751,0.0
751,0.0
751,0.0
751,0.0
751,0.0
751,0.0
751,0.0
751,0.0
751,0.0
752,0.0
752,0.0
752,0.0
752,0.0
752,0.0
752,0.0
752,0.0
753,0.0
753,0.0
753,0.0
753,0.0
753,0.0
753,0.0
753,0.0
753,0.0
753,0.0
753,0.0
753,0.0
753,0.0
754,0.0
754,0.0
754,0.0
754,0.0
754,0.0
754,0.0
754,0.0
755,0.0
755,0.0
755,0.0
755,0.0
755,0.0
755,0.0
755,0.0
755,0.0
755,0.0
755,0.0
755,0.0
755,0.0
756,0.0
756,0.0
756,0.0
756,0.0
756,0.0
756,0.0
756,0.0
757,0.0
757,0.0
757,0.0
757,0.0
757,0.0
757,0.0
757,0.0
757,0.0
757,0.0
757,0.0
757,0.0
757,0.0
757,0.0
758,0.0
758,0.0
758,0.0
758,0.0
758,0.0
758,0.0
758,0.0
758,0.0
758,0.0
758,0.0
758,0.0
758,0.0
759,0.0
759,0.0
759,0.0
759,0.0
759,0.0
759,0.0
759,0.0
760,0.0
760,0.0
760,0.0
760,0.0
760,0.0
760,0.0
760,0.0
760,0.0
760,0.0
760,0.0
760,0.0
760,0.0
760,0.0
761,0.0
761,0.0
761,0.0
761,0.0
761,0.0
761,0.0
762,0.0
762,0.0
762,0.0
762,0.0
762,0.0
762,0.0
762,0.0
762,0.0
762,0.0
762,0.0
762,0.0
762,0.0
762,0.0
763,0.0
763,0.0
763,0.0
763,0.0
763,0.0
763,0.0
764,0.0
764,0.0
764,0.0
764,0.0
764,0.0
764,0.0
764,0.0
764,0.0
764,0.0
764,0.0
764,0.0
764,0.0
764,0.0
765,0.0
765,0.0
765,0.0
765,0.0
765,0.0
765,0.0
765,0.0
765,0.0
765,0.0
765,0.0
765,0.0
765,0.0
765,0.0
766,0.0
766,0.0
766,0.0
766,0.0
766,0.0
766,0.0
767,0.0
767,0.0
767,0.0
767,0.0
767,0.0
767,0.0
767,0.0
767,0.0
767,0.0
767,0.0
767,0.0
767,0.0
767,0.0
768,0.0
768,0.0
768,0.0
768,0.0
768,0.0
768,0.0
769,0.0
769,0.0
769,0.0
769,0.0
769,0.0
769,0.0
769,0.0
769,0.0
769,0.0
769,0.0
769,0.0
769,0.0
769,0.0
770,0.0
770,0.0
770,0.0
770,0.0
770,0.0
770,0.0
771,0.0
771,0.0
771,0.0
771,0.0
771,0.0
771,0.0
771,0.0
771,0.0
771,0.0
771,0.0
771,0.0
771,0.0
771,0.0
772,0.0
772,0.0
772,0.0
772,0.0
772,0.0
772,0.0
772,0.0
773,0.0
773,0.0
773,0.0
773,0.0
773,0.0
773,0.0
773,0.0
773,0.0
773,0.0
773,0.0
773,0.0
773,0.0
774,0.0
774,0.0
774,0.0
774,0.0
774,0.0
774,0.0
774,0.0
774,0.0
774,0.0
774,0.0
774,0.0
774,0.0
774,0.0
775,0.0
775,0.0
775,0.0
775,0.0
775,0.0
775,0.0
776,0.0
776,0.0
776,0.0
776,0.0
776,0.0
776,0.0
776,0.0
776,0.0
776,0.0
776,0.0
776,0.0
776,0.0
776,0.0
777,0.0
777,0.0
777,0.0
777,0.0
777,0.0
777,0.0
777,0.0
778,0.0
778,0.0
778,0.0
778,0.0
778,0.0
778,0.0
778,0.0
778,0.0
778,0.0
778,0.0
778,0.0
778,0.0
779,0.0
779,0.0
779,0.0
779,0.0
779,0.0
779,0.0
779,0.0
780,0.0
780,0.0
780,0.0
780,0.0
780,0.0
780,0.0
780,0.0
780,0.0
780,0.0
780,0.0
780,0.0
780,0.0
780,0.0
781,0.0
781,0.0
781,0.0
781,0.0
781,0.0
781,0.0
781,0.0
781,0.0
781,0.0
781,0.0
781,0.0
781,0.0
782,0.0
782,0.0
782,0.0
782,0.0
782,0.0
782,0.0
782,0.0
783,0.0
783,0.0
783,0.0
783,0.0
783,0.0
783,0.0
783,0.0
783,0.0
783,0.0
783,0.0
783,0.0
783,0.0
783,0.0
784,0.0
784,0.0
784,0.0
784,0.0
784,0.0
784,0.0
785,0.0
785,0.0
785,0.0
785,0.0
785,0.0
785,0.0
785,0.0
785,0.0
785,0.0
785,0.0
785,0.0
785,0.0
785,0.0
786,0.0
786,0.0
786,0.0
786,0.0
786,0.0
786,0.0
787,0.0
787,0.0
787,0.0
787,0.0
787,0.0
787,0.0
787,0.0
787,0.0
787,0.0
787,0.0
787,0.0
787,0.0
787,0.0
788,0.0
788,0.0
788,0.0
788,0.0
788,0.0
788,0.0
789,0.0
789,0.0
789,0.0
789,0.0
789,0.0
789,0.0
789,0.0
789,0.0
789,0.0
789,0.0
789,0.0
789,0.0
789,0.0
790,0.0
790,0.0
790,0.0
790,0.0
790,0.0
790,0.0
790,0.0
790,0.0
790,0.0
790,0.0
790,0.0
790,0.0
790,0.0
791,0.0
791,0.0
791,0.0
791,0.0
791,0.0
791,0.0
792,0.0
792,0.0
792,0.0
792,0.0
792,0.0
792,0.0
792,0.0
792,0.0
792,0.0
792,0.0
792,0.0
792,0.0
792,0.0
793,0.0
793,0.0
793,0.0
793,0.0
793,0.0
793,0.0
794,0.0
794,0.0
794,0.0
794,0.0
794,0.0
794,0.0
794,0.0
794,0.0
794,0.0
794,0.0
794,0.0
794,0.0
794,0.0
795,0.0
795,0.0
795,0.0
795,0.0
795,0.0
795,0.0
795,0.0
796,0.0
796,0.0
796,0.0
796,0.0
796,0.0
796,0.0
796,0.0
796,0.0
796,0.0
796,0.0
796,0.0
796,0.0
797,0.0
797,0.0
797,0.0
797,0.0
797,0.0
797,0.0
797,0.0
797,0.0
797,7.5
797,7.5
797,7.5
797,7.5
797,7.5
798,7.5
798,11.2
798,11.2
798,11.2
798,11.2
798,11.2
799,11.2
799,27.6
799,27.6
799,27.6
799,27.6
799,27.6
799,27.6
799,27.6
799,33.5
799,33.5
799,33.5
799,33.5
799,33.5
800,33.5
800,37.1
800,37.1
800,37.1
800,37.1
800,37.1
800,37.1
801,37.1
801,60.3
801,60.3
801,60.3
801,60.3
801,60.3
801,60.3
801,55.4
801,55.4
801,55.4
801,55.4
801,55.4
802,55.4
802,78.9
802,78.9
802,78.9
802,78.9
802,78.9
802,78.9
803,78.9
803,51.9
803,51.9
803,51.9
803,51.9
803,51.9
803,51.9
803,48.5
803,48.5
803,48.5
803,48.5
803,48.5
803,48.5
804,37.7
804,37.7
804,37.7
804,37.7
804,37.7
804,37.7
805,37.7
805,49.3
805,49.3
805,49.3
805,49.3
805,49.3
805,49.3
805,41.1
805,41.1
805,41.1
805,41.1
805,41.1
805,41.1
806,41.1
806,41.6
806,41.6
806,41.6
806,41.6
806,41.6
806,41.6
806,45.9
806,45.9
806,45.9
806,45.9
806,45.9
807,45.9
807,41.3
807,41.3
807,41.3
807,41.3
807,41.3
807,41.3
808,41.3
808,44.5
808,44.5
808,44.5
808,44.5
808,44.5
808,44.5
808,41.3
808,41.3
808,41.3
808,41.3
808,41.3
808,41.3
809,41.3
809,44.5
809,44.5
809,44.5
809,44.5
809,44.5
810,44.5
810,38.6
810,38.6
810,38.6
810,38.6
810,38.6
810,38.6
810,43.0
810,43.0
810,43.0
810,43.0
810,43.0
810,43.0
811,43.0
811,45.9
811,45.9
811,45.9
811,45.9
811,45.9
812,45.9
812,37.7
812,37.7
812,37.7
812,37.7
812,37.7
812,37.7
812,43.7
812,43.7
812,43.7
812,43.7
812,43.7
812,43.7
813,43.7
813,45.0
813,45.0
813,45.0
813,45.0
813,45.0
813,45.0
813,42.9
813,42.9
813,42.9
813,42.9
813,42.9
813,42.9
814,42.9
814,43.8
814,43.8
814,43.8
814,43.8
814,43.8
815,43.8
815,42.1
815,42.1
815,42.1
815,42.1
815,42.1
815,42.1
815,43.8
815,43.8
815,43.8
815,43.8
815,43.8
815,43.8
816,43.8
816,41.3
816,41.3
816,41.3
816,41.3
816,41.3
817,41.3
817,43.6
817,43.6
817,43.6
817,43.6
817,43.6
817,43.6
817,43.6
817,42.0
817,42.0
817,42.0
817,42.0
817,42.0
818,42.0
818,48.0
818,48.0
818,48.0
818,48.0
818,48.0
819,48.0
819,40.2
819,40.2
819,40.2
819,40.2
819,40.2
819,40.2
819,40.2
819,43.0
819,43.0
819,43.0
819,43.0
819,43.0
820,43.0
820,39.5
820,39.5
820,39.5
820,39.5
820,39.5
820,39.5
821,45.9
821,45.9
821,45.9
821,45.9
821,45.9
821,45.9
821,45.9
821,43.0
821,43.0
821,43.0
821,43.0
821,43.0
822,43.0
822,44.8
822,44.8
822,44.8
822,44.8
822,44.8
822,44.8
822,44.8
822,39.8
822,39.8
822,39.8
822,39.8
822,39.8
823,39.8
823,43.6
823,43.6
823,43.6
823,43.6
823,43.6
823,43.6
824,43.8
824,43.8
824,43.8
824,43.8
824,43.8
824,43.8
824,43.8
824,42.1
824,42.1
824,42.1
824,42.1
824,42.1
825,42.1
825,42.9
825,42.9
825,42.9
825,42.9
825,42.9
825,42.9
826,42.9
826,46.4
826,46.4
826,46.4
826,46.4
826,46.4
826,46.4
826,40.0
826,40.0
826,40.0
826,40.0
826,40.0
827,40.0
827,41.1
827,41.1
827,41.1
827,41.1
827,41.1
827,41.1
828,41.1
828,47.9
828,47.9
828,47.9
828,47.9
828,47.9
828,47.9
828,40.9
828,40.9
828,40.9
828,40.9
828,40.9
828,40.9
829,39.5
829,39.5
829,39.5
829,39.5
829,39.5
829,39.5
829,39.5
829,51.3
829,51.3
829,51.3
829,51.3
829,51.3
830,51.3
830,37.9
830,37.9
830,37.9
830,37.9
830,37.9
830,37.9
831,37.9
831,45.5
831,45.5
831,45.5
831,45.5
831,45.5
831,45.5
831,43.4
831,43.4
831,43.4
831,43.4
831,43.4
832,43.4
832,41.6
832,41.6
832,41.6
832,41.6
832,41.6
832,41.6
833,41.6
833,44.8
833,44.8
833,44.8
833,44.8
833,44.8
833,44.8
833,39.8
833,39.8
833,39.8
833,39.8
833,39.8
833,39.8
834,39.8
834,40.9
834,40.9
834,40.9
834,40.9
834,40.9
835,40.9
835,48.6
835,48.6
835,48.6
835,48.6
835,48.6
835,48.6
835,39.1
835,39.1
835,39.1
835,39.1
835,39.1
835,39.1
836,39.1
836,46.3
836,46.3
836,46.3
836,46.3
836,46.3
837,46.3
837,41.6
837,41.6
837,41.6
837,41.6
837,41.6
837,41.6
837,40.4
837,40.4
837,40.4
837,40.4
837,40.4
837,40.4
838,40.4
838,45.2
838,45.2
838,45.2
838,45.2
838,45.2
838,45.2
838,43.9
838,43.9
838,43.9
838,43.9
838,43.9
838,43.9
839,43.9
839,41.4
839,41.4
839,41.4
839,41.4
839,41.4
840,41.4
840,42.9
840,42.9
840,42.9
840,42.9
840,42.9
840,42.9
840,46.4
840,46.4
840,46.4
840,46.4
840,46.4
840,46.4
841,46.4
841,41.8
841,41.8
841,41.8
841,41.8
841,41.8
842,41.8
842,41.4
842,41.4
842,41.4
842,41.4
842,41.4
842,41.4
842,44.7
842,44.7
842,44.7
842,44.7
842,44.7
842,44.7
843,44.7
843,37.8
843,37.8
843,37.8
843,37.8
843,37.8
844,37.8
844,43.0
844,43.0
844,43.0
844,43.0
844,43.0
844,43.0
844,46.8
844,46.8
844,46.8
844,46.8
844,46.8
844,46.8
845,46.8
845,45.9
845,45.9
845,45.9
845,45.9
845,45.9
845,45.9
845,39.3
845,39.3
845,39.3
845,39.3
845,39.3
845,39.3
846,39.3
846,45.6
846,45.6
846,45.6
846,45.6
846,45.6
847,45.6
847,42.5
847,42.5
847,42.5
847,42.5
847,42.5
847,42.5
847,38.7
847,38.7
847,38.7
847,38.7
847,38.7
847,38.7
848,38.7
848,45.9
848,45.9
848,45.9
848,45.9
848,45.9
849,45.9
849,42.1
849,42.1
849,42.1
849,42.1
849,42.1
849,42.1
849,42.9
849,42.9
849,42.9
849,42.9
849,42.9
849,42.9
850,42.9
850,42.0
850,42.0
850,42.0
850,42.0
850,42.0
851,42.0
851,44.5
851,44.5
851,44.5
851,44.5
851,44.5
851,44.5
851,44.5
851,40.4
851,40.4
851,40.4
851,40.4
851,40.4
852,40.4
852,46.1
852,46.1
852,46.1
852,46.1
852,46.1
852,46.1
852,43.2
852,43.2
852,43.2
852,43.2
852,43.2
852,43.2
853,43.2
853,42.3
853,42.3
853,42.3
853,42.3
853,42.3
854,42.3
854,42.1
854,42.1
854,42.1
854,42.1
854,42.1
854,42.1
854,42.1
854,45.5
854,45.5
854,45.5
854,45.5
854,45.5
855,45.5
855,44.3
855,44.3
855,44.3
855,44.3
855,44.3
856,44.3
856,40.0
856,40.0
856,40.0
856,40.0
856,40.0
856,40.0
856,40.0
856,41.1
856,41.1
856,41.1
856,41.1
856,41.1
857,41.1
857,45.2
857,45.2
857,45.2
857,45.2
857,45.2
857,45.2
858,44.8
858,44.8
858,44.8
858,44.8
858,44.8
858,44.8
858,44.8
858,43.4
858,43.4
858,43.4
858,43.4
858,43.4
859,43.4
859,44.3
859,44.3
859,44.3
859,44.3
859,44.3
859,44.3
860,44.3
860,45.4
860,45.4
860,45.4
860,45.4
860,45.4
860,45.4
860,37.7
860,37.7
860,37.7
860,37.7
860,37.7
861,37.7
861,48.0
861,48.0
861,48.0
861,48.0
861,48.0
861,48.0
861,48.0
861,41.1
861,41.1
861,41.1
861,41.1
861,41.1
862,41.1
862,41.4
862,41.4
862,41.4
862,41.4
862,41.4
862,41.4
863,41.4
863,44.6
863,44.6
863,44.6
863,44.6
863,44.6
863,44.6
863,44.1
863,44.1
863,44.1
863,44.1
863,44.1
864,44.1
864,41.6
864,41.6
864,41.6
864,41.6
864,41.6
864,41.6
865,41.6
865,40.4
865,40.4
865,40.4
865,40.4
865,40.4
865,40.4
865,45.2
865,45.2
865,45.2
865,45.2
865,45.2
865,45.2
866,45.2
866,43.9
866,43.9
866,43.9
866,43.9
866,43.9
867,43.9
867,45.9
867,45.9
867,45.9
867,45.9
867,45.9
867,45.9
867,42.0
867,42.0
867,42.0
867,42.0
867,42.0
867,42.0
868,42.0
868,43.4
868,43.4
868,43.4
868,43.4
868,43.4
869,43.4
869,41.6
869,41.6
869,41.6
869,41.6
869,41.6
869,41.6
869,43.0
869,43.0
869,43.0
869,43.0
869,43.0
869,43.0
870,43.0
870,42.1
870,42.1
870,42.1
870,42.1
870,42.1
870,42.1
870,45.5
870,45.5
870,45.5
870,45.5
870,45.5
870,45.5
871,45.5
871,44.3
871,44.3
871,44.3
871,44.3
871,44.3
872,44.3
872,40.9
872,40.9
872,40.9
872,40.9
872,40.9
872,40.9
872,46.6
872,46.6
872,46.6
872,46.6
872,46.6
872,46.6
873,46.6
873,41.1
873,41.1
873,41.1
873,41.1
873,41.1
874,41.1
874,44.1
874,44.1
874,44.1
874,44.1
874,44.1
874,44.1
874,41.6
874,41.6
874,41.6
874,41.6
874,41.6
874,41.6
875,41.6
875,45.7
875,45.7
875,45.7
875,45.7
875,45.7
876,45.7
876,43.6
876,43.6
876,43.6
876,43.6
876,43.6
876,43.6
876,43.6
876,41.8
876,41.8
876,41.8
876,41.8
876,41.8
877,41.8
877,43.2
877,43.2
877,43.2
877,43.2
877,43.2
877,43.2
877,45.0
877,45.0
877,45.0
877,45.0
877,45.0
877,45.0
878,45.0
878,43.6
878,43.6
878,43.6
878,43.6
878,43.6
879,43.6
879,40.0
879,40.0
879,40.0
879,40.0
879,40.0
879,40.0
879,40.0
879,44.6
879,44.6
879,44.6
879,44.6
879,44.6
880,44.6
880,43.2
880,43.2
880,43.2
880,43.2
880,43.2
881,43.2
881,43.2
881,43.2
881,43.2
881,43.2
881,43.2
881,43.2
881,43.2
881,43.2
881,43.2
881,43.2
881,43.2
881,43.2
882,43.2
882,43.2
882,43.2
882,43.2
882,43.2
882,43.2
882,43.2
883,43.2
883,42.3
883,42.3
883,42.3
883,42.3
883,42.3
883,42.3
883,43.9
883,43.9
883,43.9
883,43.9
883,43.9
884,43.9
884,45.0
884,45.0
884,45.0
884,45.0
884,45.0
884,45.0
885,45.0
885,44.5
885,44.5
885,44.5
885,44.5
885,44.5
885,44.5
885,42.0
885,42.0
885,42.0
885,42.0
885,42.0
885,42.0
886,42.0
886,44.3
886,44.3
886,44.3
886,44.3
886,44.3
886,44.3
886,43.6
886,43.6
886,43.6
886,43.6
886,43.6
887,43.6
887,40.0
887,40.0
887,40.0
887,40.0
887,40.0
887,40.0
888,40.0
888,43.8
888,43.8
888,43.8
888,43.8
888,43.8
888,43.8
888,42.1
888,42.1
888,42.1
888,42.1
888,42.1
888,42.1
889,47.3
889,47.3
889,47.3
889,47.3
889,47.3
889,47.3
890,47.3
890,38.4
890,38.4
890,38.4
890,38.4
890,38.4
890,38.4
890,47.1
890,47.1
890,47.1
890,47.1
890,47.1
890,47.1
891,47.1
891,38.2
891,38.2
891,38.2
891,38.2
891,38.2
892,38.2
892,47.9
892,47.9
892,47.9
892,47.9
892,47.9
892,47.9
892,43.6
892,43.6
892,43.6
892,43.6
892,43.6
892,43.6
893,43.6
893,41.8
893,41.8
893,41.8
893,41.8
893,41.8
893,41.8
893,42.3
893,42.3
893,42.3
893,42.3
893,42.3
893,42.3
894,42.3
894,46.6
894,46.6
894,46.6
894,46.6
894,46.6
895,46.6
895,42.0
895,42.0
895,42.0
895,42.0
895,42.0
895,42.0
895,40.7
895,40.7
895,40.7
895,40.7
895,40.7
895,40.7
896,40.7
896,44.6
896,44.6
896,44.6
896,44.6
896,44.6
897,44.6
897,43.2
897,43.2
897,43.2
897,43.2
897,43.2
897,43.2
897,43.2
897,43.2
897,43.2
897,43.2
897,43.2
897,43.2
898,43.2
898,45.0
898,45.0
898,45.0
898,45.0
898,45.0
899,45.0
899,41.8
899,41.8
899,41.8
899,41.8
899,41.8
899,41.8
899,41.8
899,46.8
899,46.8
899,46.8
899,46.8
899,46.8
900,46.8
900,41.3
900,41.3
900,41.3
900,41.3
900,41.3
900,41.3
901,43.4
901,43.4
901,43.4
901,43.4
901,43.4
901,43.4
901,43.4
901,43.4
901,43.4
901,43.4
901,43.4
901,43.4
902,43.4
902,44.3
902,44.3
902,44.3
902,44.3
902,44.3
902,44.3
902,44.3
902,44.5
902,44.5
902,44.5
902,44.5
902,44.5
903,44.5
903,41.1
903,41.1
903,41.1
903,41.1
903,41.1
904,41.1
904,43.2
904,43.2
904,43.2
904,43.2
904,43.2
904,43.2
904,43.2
904,43.2
904,43.2
904,43.2
904,43.2
904,43.2
905,43.2
905,43.2
905,43.2
905,43.2
905,43.2
905,43.2
905,43.2
906,43.2
906,41.4
906,41.4
906,41.4
906,41.4
906,41.4
906,41.4
906,42.9
906,42.9
906,42.9
906,42.9
906,42.9
907,42.9
907,44.6
907,44.6
907,44.6
907,44.6
907,44.6
907,44.6
908,44.6
908,45.0
908,45.0
908,45.0
908,45.0
908,45.0
908,45.0
908,41.8
908,41.8
908,41.8
908,41.8
908,41.8
908,41.8
909,44.1
909,44.1
909,44.1
909,44.1
909,44.1
909,44.1
909,44.1
909,45.2
909,45.2
909,45.2
909,45.2
909,45.2
910,45.2
910,43.8
910,43.8
910,43.8
910,43.8
910,43.8
910,43.8
911,43.8
911,42.0
911,42.0
911,42.0
911,42.0
911,42.0
911,42.0
911,40.7
911,40.7
911,40.7
911,40.7
911,40.7
911,40.7
912,43.8
912,43.8
912,43.8
912,43.8
912,43.8
912,43.8
913,43.8
913,44.8
913,44.8
913,44.8
913,44.8
913,44.8
913,44.8
913,40.7
913,40.7
913,40.7
913,40.7
913,40.7
913,40.7
914,40.7
914,45.5
914,45.5
914,45.5
914,45.5
914,45.5
915,45.5
915,41.6
915,41.6
915,41.6
915,41.6
915,41.6
915,41.6
915,44.8
915,44.8
915,44.8
915,44.8
915,44.8
915,44.8
916,44.8
916,42.5
916,42.5
916,42.5
916,42.5
916,42.5
917,42.5
917,44.1
917,44.1
917,44.1
917,44.1
917,44.1
917,44.1
917,44.1
917,42.5
917,42.5
917,42.5
917,42.5
917,42.5
918,42.5
918,43.2
918,43.2
918,43.2
918,43.2
918,43.2
918,43.2
918,40.5
918,40.5
918,40.5
918,40.5
918,40.5
918,40.5
919,40.5
919,37.3
919,37.3
919,37.3
919,37.3
919,37.3
920,37.3
920,46.1
920,46.1
920,46.1
920,46.1
920,46.1
920,46.1
920,38.0
920,38.0
920,38.0
920,38.0
920,38.0
920,38.0
921,38.0
921,41.6
921,41.6
921,41.6
921,41.6
921,41.6
922,41.6
922,39.8
922,39.8
922,39.8
922,39.8
922,39.8
922,39.8
922,39.8
922,36.7
922,36.7
922,36.7
922,36.7
922,36.7
923,36.7
923,38.5
923,38.5
923,38.5
923,38.5
923,38.5
923,38.5
924,33.7
924,33.7
924,33.7
924,33.7
924,33.7
924,33.7
924,33.7
924,38.7
924,38.7
924,38.7
924,38.7
924,38.7
925,38.7
925,29.7
925,29.7
925,29.7
925,29.7
925,29.7
925,29.7
925,29.7
925,31.5
925,31.5
925,31.5
925,31.5
925,31.5
926,31.5
926,30.4
926,30.4
926,30.4
926,30.4
926,30.4
927,30.4
927,26.6
927,26.6
927,26.6
927,26.6
927,26.6
927,26.6
927,26.6
927,24.1
927,24.1
927,24.1
927,24.1
927,24.1
928,24.1
928,23.1
928,23.1
928,23.1
928,23.1
928,23.1
928,23.1
929,23.1
929,15.2
929,15.2
929,15.2
929,15.2
929,15.2
929,15.2
929,18.6
929,18.6
929,18.6
929,18.6
929,18.6
930,18.6
930,15.2
930,15.2
930,15.2
930,15.2
930,15.2
930,15.2
931,15.2
931,9.6
931,9.6
931,9.6
931,9.6
931,9.6
931,9.6
931,0.0
931,0.0
931,0.0
931,0.0
931,0.0
931,0.0
932,2.7
932,2.7
932,2.7
932,2.7
932,2.7
932,2.7
933,2.7
933,1.6
933,1.6
933,1.6
933,1.6
933,1.6
933,1.6
933,0.0
933,0.0
933,0.0
933,0.0
933,0.0
933,0.0
934,0.0
934,0.0
934,0.0
934,0.0
934,0.0
934,0.0
934,0.0
934,0.0
934,0.0
934,0.0
934,0.0
934,0.0
935,0.0
935,0.0
935,0.0
935,0.0
935,0.0
935,0.0
935,0.0
936,0.0
936,0.0
936,0.0
936,0.0
936,0.0
936,0.0
936,0.0
936,0.0
936,0.0
936,0.0
936,0.0
936,0.0
936,0.0
937,0.0
937,0.0
937,0.0
937,0.0
937,0.0
937,0.0
938,0.0
938,0.0
938,0.0
938,0.0
938,0.0
938,0.0
938,0.0
938,0.0
938,0.0
938,0.0
938,0.0
938,0.0
938,0.0
939,0.0
939,0.0
939,0.0
939,0.0
939,0.0
939,0.0
940,0.0
940,0.0
940,0.0
940,0.0
940,0.0
940,0.0
940,0.0
940,0.0
940,0.0
940,0.0
940,0.0
940,0.0
940,0.0
941,0.0
941,0.0
941,0.0
941,0.0
941,0.0
941,0.0
941,0.0
941,0.0
941,0.0
941,0.0
941,0.0
941,0.0
941,0.0
942,0.0
942,0.0
942,0.0
942,0.0
942,0.0
942,0.0
943,0.0
943,0.0
943,0.0
943,0.0
943,0.0
943,0.0
943,0.0
943,0.0
943,0.0
943,0.0
943,0.0
943,0.0
943,0.0
944,0.0
944,0.0
944,0.0
944,0.0
944,0.0
944,0.0
945,0.0
945,0.0
945,0.0
945,0.0
945,0.0
945,0.0
945,0.0
945,0.0
945,0.0
945,0.0
945,0.0
945,0.0
945,0.0
946,0.0
946,0.0
946,0.0
946,0.0
946,0.0
946,0.0
947,0.0
947,0.0
947,0.0
947,0.0
947,0.0
947,0.0
947,0.0
947,0.0
947,0.0
947,0.0
947,0.0
947,0.0
947,0.0
948,0.0
948,0.0
948,0.0
948,0.0
948,0.0
948,0.0
948,0.0
949,0.0
949,0.0
949,0.0
949,0.0
949,0.0
949,0.0
949,0.0
949,0.0
949,0.0
949,0.0
949,0.0
949,0.0
950,0.0
950,0.0
950,0.0
950,0.0
950,0.0
950,0.0
950,0.0
950,0.0
950,0.0
950,0.0
950,0.0
950,0.0
950,0.0
951,0.0
951,0.0
951,0.0
951,0.0
951,0.0
951,0.0
951,0.0
952,0.0
952,0.0
952,0.0
952,0.0
952,0.0
952,0.0
952,0.0
952,0.0
952,0.0
952,0.0
952,0.0
952,0.0
953,0.0
953,0.0
953,0.0
953,0.0
953,0.0
953,0.0
953,0.0
954,0.0
954,0.0
954,0.0
954,0.0
954,0.0
954,0.0
954,0.0
954,0.0
954,0.0
954,0.0
954,0.0
954,0.0
955,0.0
955,0.0
955,0.0
955,0.0
955,0.0
955,0.0
955,0.0
956,0.0
956,0.0
956,0.0
956,0.0
956,0.0
956,0.0
956,0.0
956,0.0
956,0.0
956,0.0
956,0.0
956,0.0
956,0.0
957,0.0
957,0.0
957,0.0
957,0.0
957,0.0
957,0.0
957,0.0
957,0.0
957,0.0
957,0.0
957,0.0
957,0.0
958,0.0
958,0.0
958,0.0
958,0.0
958,0.0
958,0.0
958,0.0
959,0.0
959,0.0
959,0.0
959,0.0
959,0.0
959,0.0
959,0.0
959,0.0
959,0.0
959,0.0
959,0.0
959,0.0
959,0.0
960,0.0
960,0.0
960,0.0
960,0.0
960,0.0
960,0.0
961,0.0
961,0.0
961,0.0
961,0.0
961,0.0
961,0.0
961,0.0
961,0.0
961,0.0
961,0.0
961,0.0
961,0.0
961,0.0
962,0.0
962,0.0
962,0.0
962,0.0
962,0.0
962,0.0
963,0.0
963,0.0
963,0.0
963,0.0
963,0.0
963,0.0
963,0.0
963,0.0
963,0.0
963,0.0
963,0.0
963,0.0
963,0.0
964,0.0
964,0.0
964,0.0
964,0.0
964,0.0
964,0.0
965,0.0
965,0.0
965,0.0
965,0.0
965,0.0
965,0.0
965,0.0
965,0.0
965,0.0
965,0.0
965,0.0
965,0.0
965,0.0
966,0.0
966,0.0
966,0.0
966,0.0
966,0.0
966,0.0
966,0.0
966,0.0
966,0.0
966,0.0
966,0.0
966,0.0
966,0.0
967,0.0
967,0.0
967,0.0
967,0.0
967,0.0
967,0.0
968,0.0
968,0.0
968,0.0
968,0.0
968,0.0
968,0.0
968,0.0
968,0.0
968,0.0
968,0.0
968,0.0
968,0.0
968,0.0
969,0.0
969,0.0
969,0.0
969,0.0
969,0.0
969,0.0
970,0.0
970,0.0
970,0.0
970,0.0
970,0.0
970,0.0
970,0.0
970,0.0
970,0.0
970,0.0
970,0.0
970,0.0
970,0.0
971,0.0
971,0.0
971,0.0
971,0.0
971,0.0
971,0.0
971,0.0
972,0.0
972,0.0
972,0.0
972,0.0
972,0.0
972,0.0
972,0.0
972,0.0
972,0.0
972,0.0
972,0.0
972,0.0
973,0.0
973,0.0
973,0.0
973,0.0
973,0.0
973,0.0
973,0.0
973,0.0
973,0.0
973,0.0
973,0.0
973,0.0
973,0.0
974,0.0
974,0.0
974,0.0
974,0.0
974,0.0
974,0.0
975,0.0
975,0.0
975,0.0
975,0.0
975,0.0
975,0.0
975,0.0
975,0.0
975,0.0
975,0.0
975,0.0
975,0.0
975,0.0
976,0.0
976,0.0
976,0.0
976,0.0
976,0.0
976,0.0
976,0.0
977,0.0
977,0.0
977,0.0
977,0.0
977,0.0
977,0.0
977,0.0
977,0.0
977,0.0
977,0.0
977,0.0
977,0.0
978,0.0
978,0.0
978,0.0
978,0.0
978,0.0
978,0.0
978,0.0
979,0.0
979,0.0
979,0.0
979,0.0
979,0.0
979,0.0
979,0.0
979,0.0
979,0.0
979,0.0
979,0.0
979,0.0
979,0.0
980,0.0
980,0.0
980,0.0
980,0.0
980,0.0
980,0.0
981,0.0
981,0.0
981,0.0
981,0.0
981,0.0
981,0.0
981,0.0
981,0.0
981,0.0
981,0.0
981,0.0
981,0.0
981,0.0
982,0.0
982,0.0
982,0.0
982,0.0
982,0.0
982,0.0
982,0.0
982,0.0
982,0.0
982,0.0
982,0.0
982,0.0
983,0.0
983,0.0
983,0.0
983,0.0
983,0.0
983,0.0
983,0.0
984,0.0
984,0.0
984,0.0
984,0.0
984,0.0
984,0.0
984,0.0
984,0.0
984,0.0
984,0.0
984,0.0
984,0.0
984,0.0
985,0.0
985,0.0
985,0.0
985,0.0
985,0.0
985,0.0
986,0.0
986,0.0
986,0.0
986,0.0
986,0.0
986,0.0
986,0.0
986,0.0
986,0.0
986,0.0
986,0.0
986,0.0
986,0.0
987,0.0
987,0.0
987,0.0
987,0.0
987,0.0
987,0.0
988,0.0
988,0.0
988,0.0
988,0.0
988,0.0
988,0.0
988,0.0
988,0.0
988,0.0
988,0.0
988,0.0
988,0.0
988,0.0
989,0.0
989,0.0
989,0.0
989,0.0
989,0.0
989,0.0
989,0.0
989,0.0
989,0.0
989,0.0
989,0.0
989,0.0
989,0.0
990,0.0
990,0.0
990,0.0
990,0.0
990,0.0
990,0.0
991,0.0
991,0.0
991,0.0
991,0.0
991,0.0
991,0.0
991,0.0
991,0.0
991,0.0
991,0.0
991,0.0
991,0.0
991,0.0
992,0.0
992,0.0
992,0.0
992,0.0
992,0.0
992,0.0
993,0.0
993,0.0
993,0.0
993,0.0
993,0.0
993,0.0
993,0.0
993,0.0
993,0.0
993,0.0
993,0.0
993,0.0
993,0.0
994,0.0
994,0.0
994,0.0
994,0.0
994,0.0
994,0.0
994,0.0
995,0.0
995,0.0
995,0.0
995,0.0
995,0.0
995,0.0
995,0.0
995,0.0
995,0.0
995,0.0
995,0.0
995,0.0
996,0.0
996,0.0
996,0.0
996,0.0
996,0.0
996,0.0
996,0.0
997,0.0
997,0.0
997,0.0
997,0.0
997,0.0
997,0.0
997,0.0
997,0.0
997,0.0
997,0.0
997,0.0
997,0.0
998,0.0
998,0.0
998,0.0
998,0.0
998,0.0
998,0.0
998,0.0
998,0.0
998,0.0
998,0.0
998,0.0
998,0.0
998,0.0
999,0.0
999,0.0
999,0.0
999,0.0
999,0.0
999,0.0
999,0.0
1000,0.0
1000,0.0
1000,0.0
1000,0.0
1000,0.0
1000,0.0
1000,0.0
1000,0.0
1000,0.0
1000,0.0
1000,0.0
1000,0.0
1001,0.0
1001,0.0
1001,0.0
1001,0.0
1001,0.0
1001,0.0
1001,0.0
1002,0.0
1002,0.0
1002,0.0
1002,0.0
1002,0.0
1002,0.0
1002,0.0
1002,0.0
1002,0.0
1002,0.0
1002,0.0
1002,0.0
1002,0.0
1003,0.0
1003,0.0
1003,0.0
1003,0.0
1003,0.0
1003,0.0
1004,0.0
1004,0.0
1004,0.0
1004,0.0
1004,0.0
1004,0.0
1004,0.0
1004,0.0
1004,0.0
1004,0.0
1004,0.0
1004,0.0
1004,0.0
1005,0.0
1005,0.0
1005,0.0
1005,0.0
1005,0.0
1005,0.0
1006,0.0
1006,0.0
1006,0.0
1006,0.0
1006,0.0
1006,0.0
1006,0.0
1006,0.0
1006,0.0
1006,0.0
1006,0.0
1006,0.0
1006,0.0
1007,0.0
1007,0.0
1007,0.0
1007,0.0
1007,0.0
1007,0.0
1007,0.0
1007,0.0
1007,0.0
1007,0.0
1007,0.0
1007,0.0
1007,0.0
1008,0.0
1008,0.0
1008,0.0
1008,0.0
1008,0.0
1008,0.0
1009,0.0
1009,0.0
1009,0.0
1009,0.0
1009,0.0
1009,0.0
1009,0.0
1009,0.0
1009,0.0
1009,0.0
1009,0.0
1009,0.0
1009,0.0
1010,0.0
1010,0.0
1010,0.0
1010,0.0
1010,0.0
1010,0.0
1011,0.0
1011,0.0
1011,0.0
1011,0.0
1011,0.0
1011,0.0
1011,0.0
1011,0.0
1011,0.0
1011,0.0
1011,0.0
1011,0.0
1011,0.0
1012,0.0
1012,0.0
1012,0.0
1012,0.0
1012,0.0
1012,0.0
1012,0.0
1013,0.0
1013,0.0
1013,0.0
1013,0.0
1013,0.0
1013,0.0
1013,0.0
1013,0.0
1013,0.0
1013,0.0
1013,0.0
1013,0.0
1014,0.0
1014,0.3
1014,0.3
1014,0.3
1014,0.3
1014,0.3
1014,0.3
1014,0.3
1014,4.5
1014,4.5
1014,4.5
1014,4.5
1014,4.5
1015,4.5
1015,1.6
1015,1.6
1015,1.6
1015,1.6
1015,1.6
1015,1.6
1016,1.6
1016,5.4
1016,5.4
1016,5.4
1016,5.4
1016,5.4
1016,5.4
1016,9.0
1016,9.0
1016,9.0
1016,9.0
1016,9.0
1017,9.0
1017,8.9
1017,8.9
1017,8.9
1017,8.9
1017,8.9
1017,8.9
1018,8.9
1018,14.6
1018,14.6
1018,14.6
1018,14.6
1018,14.6
1018,14.6
1018,17.6
1018,17.6
1018,17.6
1018,17.6
1018,17.6
1019,17.6
1019,30.7
1019,30.7
1019,30.7
1019,30.7
1019,30.7
1019,30.7
1020,30.7
1020,29.4
1020,29.4
1020,29.4
1020,29.4
1020,29.4
1020,29.4
1020,35.4
1020,35.4
1020,35.4
1020,35.4
1020,35.4
1020,35.4
1021,35.4
1021,44.2
1021,44.2
1021,44.2
1021,44.2
1021,44.2
1022,44.2
1022,57.4
1022,57.4
1022,57.4
1022,57.4
1022,57.4
1022,57.4
1022,56.0
1022,56.0
1022,56.0
1022,56.0
1022,56.0
1022,56.0
1023,56.0
1023,68.8
1023,68.8
1023,68.8
1023,68.8
1023,68.8
1023,68.8
1023,47.3
1023,47.3
1023,47.3
1023,47.3
1023,47.3
1023,47.3
1024,47.3
1024,41.4
1024,41.4
1024,41.4
1024,41.4
1024,41.4
1025,41.4
1025,48.4
1025,48.4
1025,48.4
1025,48.4
1025,48.4
1025,48.4
1025,45.2
1025,45.2
1025,45.2
1025,45.2
1025,45.2
1025,45.2
1026,45.2
1026,43.8
1026,43.8
1026,43.8
1026,43.8
1026,43.8
1027,43.8
1027,44.7
1027,44.7
1027,44.7
1027,44.7
1027,44.7
1027,44.7
1027,44.7
1027,44.0
1027,44.0
1027,44.0
1027,44.0
1027,44.0
1028,44.0
1028,42.2
1028,42.2
1028,42.2
1028,42.2
1028,42.2
1029,42.2
1029,41.8
1029,41.8
1029,41.8
1029,41.8
1029,41.8
1029,41.8
1029,41.8
1029,44.1
1029,44.1
1029,44.1
1029,44.1
1029,44.1
1030,44.1
1030,45.2
1030,45.2
1030,45.2
1030,45.2
1030,45.2
1031,45.2
1031,42.0
1031,42.0
1031,42.0
1031,42.0
1031,42.0
1031,42.0
1031,42.0
1031,43.4
1031,43.4
1031,43.4
1031,43.4
1031,43.4
1032,43.4
1032,47.9
1032,47.9
1032,47.9
1032,47.9
1032,47.9
1032,47.9
1032,47.9
1032,45.2
1032,45.2
1032,45.2
1032,45.2
1032,45.2
1033,45.2
1033,41.8
1033,41.8
1033,41.8
1033,41.8
1033,41.8
1034,41.8
1034,44.8
1034,44.8
1034,44.8
1034,44.8
1034,44.8
1034,44.8
1034,44.8
1034,38.8
1034,38.8
1034,38.8
1034,38.8
1034,38.8
1035,38.8
1035,42.1
1035,42.1
1035,42.1
1035,42.1
1035,42.1
1036,42.1
1036,51.0
1036,51.0
1036,51.0
1036,51.0
1036,51.0
1036,51.0
1036,51.0
1036,40.9
1036,40.9
1036,40.9
1036,40.9
1036,40.9
1037,40.9
1037,42.0
1037,42.0
1037,42.0
1037,42.0
1037,42.0
1037,42.0
1038,42.0
1038,45.2
1038,45.2
1038,45.2
1038,45.2
1038,45.2
1038,45.2
1038,45.6
1038,45.6
1038,45.6
1038,45.6
1038,45.6
1039,45.6
1039,42.3
1039,42.3
1039,42.3
1039,42.3
1039,42.3
1039,42.3
1039,42.3
1039,46.5
1039,46.5
1039,46.5
1039,46.5
1039,46.5
1040,46.5
1040,38.9
1040,38.9
1040,38.9
1040,38.9
1040,38.9
1040,38.9
1041,46.8
1041,46.8
1041,46.8
1041,46.8
1041,46.8
1041,46.8
1041,46.8
1041,42.2
1041,42.2
1041,42.2
1041,42.2
1041,42.2
1042,42.2
1042,46.3
1042,46.3
1042,46.3
1042,46.3
1042,46.3
1042,46.3
1043,46.3
1043,43.2
1043,43.2
1043,43.2
1043,43.2
1043,43.2
1043,43.2
1043,44.0
1043,44.0
1043,44.0
1043,44.0
1043,44.0
1044,44.0
1044,42.2
1044,42.2
1044,42.2
1044,42.2
1044,42.2
1044,42.2
1045,42.2
1045,45.4
1045,45.4
1045,45.4
1045,45.4
1045,45.4
1045,45.4
1045,48.4
1045,48.4
1045,48.4
1045,48.4
1045,48.4
1045,48.4
1046,48.4
1046,42.2
1046,42.2
1046,42.2
1046,42.2
1046,42.2
1047,42.2
1047,38.1
1047,38.1
1047,38.1
1047,38.1
1047,38.1
1047,38.1
1047,48.4
1047,48.4
1047,48.4
1047,48.4
1047,48.4
1047,48.4
1048,48.4
1048,40.6
1048,40.6
1048,40.6
1048,40.6
1048,40.6
1048,40.6
1048,46.1
1048,46.1
1048,46.1
1048,46.1
1048,46.1
1048,46.1
1049,42.2
1049,42.2
1049,42.2
1049,42.2
1049,42.2
1049,42.2
1050,42.2
1050,44.5
1050,44.5
1050,44.5
1050,44.5
1050,44.5
1050,44.5
1050,43.8
1050,43.8
1050,43.8
1050,43.8
1050,43.8
1050,43.8
1051,43.8
1051,47.4
1051,47.4
1051,47.4
1051,47.4
1051,47.4
1052,47.4
1052,43.6
1052,43.6
1052,43.6
1052,43.6
1052,43.6
1052,43.6
1052,42.5
1052,42.5
1052,42.5
1052,42.5
1052,42.5
1052,42.5
1053,42.5
1053,45.7
1053,45.7
1053,45.7
1053,45.7
1053,45.7
1054,45.7
1054,38.9
1054,38.9
1054,38.9
1054,38.9
1054,38.9
1054,38.9
1054,38.9
1054,46.8
1054,46.8
1054,46.8
1054,46.8
1054,46.8
1055,46.8
1055,43.1
1055,43.1
1055,43.1
1055,43.1
1055,43.1
1055,43.1
1055,44.7
1055,44.7
1055,44.7
1055,44.7
1055,44.7
1055,44.7
1056,44.7
1056,40.4
1056,40.4
1056,40.4
1056,40.4
1056,40.4
1057,40.4
1057,48.6
1057,48.6
1057,48.6
1057,48.6
1057,48.6
1057,48.6
1057,48.6
1057,42.5
1057,42.5
1057,42.5
1057,42.5
1057,42.5
1058,42.5
1058,41.3
1058,41.3
1058,41.3
1058,41.3
1058,41.3
1059,41.3
1059,45.2
1059,45.2
1059,45.2
1059,45.2
1059,45.2
1059,45.2
1059,45.2
1059,44.7
1059,44.7
1059,44.7
1059,44.7
1059,44.7
1060,44.7
1060,45.7
1060,45.7
1060,45.7
1060,45.7
1060,45.7
1060,45.7
1061,45.7
1061,43.4
1061,43.4
1061,43.4
1061,43.4
1061,43.4
1061,43.4
1061,44.1
1061,44.1
1061,44.1
1061,44.1
1061,44.1
1062,44.1
1062,44.1
1062,44.1
1062,44.1
1062,44.1
1062,44.1
1062,44.1
1063,44.1
1063,45.0
1063,45.0
1063,45.0
1063,45.0
1063,45.0
1063,45.0
1063,41.6
1063,41.6
1063,41.6
1063,41.6
1063,41.6
1063,41.6
1064,43.8
1064,43.8
1064,43.8
1064,43.8
1064,43.8
1064,43.8
1064,43.8
1064,44.7
1064,44.7
1064,44.7
1064,44.7
1064,44.7
1065,44.7
1065,40.4
1065,40.4
1065,40.4
1065,40.4
1065,40.4
1065,40.4
1066,40.4
1066,46.8
1066,46.8
1066,46.8
1066,46.8
1066,46.8
1066,46.8
1066,45.7
1066,45.7
1066,45.7
1066,45.7
1066,45.7
1067,45.7
1067,46.1
1067,46.1
1067,46.1
1067,46.1
1067,46.1
1067,46.1
1068,46.1
1068,39.3
1068,39.3
1068,39.3
1068,39.3
1068,39.3
1068,39.3
1068,43.6
1068,43.6
1068,43.6
1068,43.6
1068,43.6
1068,43.6
1069,43.6
1069,46.3
1069,46.3
1069,46.3
1069,46.3
1069,46.3
1070,46.3
1070,43.2
1070,43.2
1070,43.2
1070,43.2
1070,43.2
1070,43.2
1070,43.1
1070,43.1
1070,43.1
1070,43.1
1070,43.1
1070,43.1
1071,43.1
1071,45.6
1071,45.6
1071,45.6
1071,45.6
1071,45.6
1071,45.6
1071,43.2
1071,43.2
1071,43.2
1071,43.2
1071,43.2
1071,43.2
1072,42.2
1072,42.2
1072,42.2
1072,42.2
1072,42.2
1072,42.2
1073,42.2
1073,47.2
1073,47.2
1073,47.2
1073,47.2
1073,47.2
1073,47.2
1073,43.4
1073,43.4
1073,43.4
1073,43.4
1073,43.4
1073,43.4
1074,43.4
1074,41.5
1074,41.5
1074,41.5
1074,41.5
1074,41.5
1075,41.5
1075,44.5
1075,44.5
1075,44.5
1075,44.5
1075,44.5
1075,44.5
1075,42.9
1075,42.9
1075,42.9
1075,42.9
1075,42.9
1075,42.9
1076,42.9
1076,45.4
1076,45.4
1076,45.4
1076,45.4
1076,45.4
1077,45.4
1077,45.7
1077,45.7
1077,45.7
1077,45.7
1077,45.7
1077,45.7
1077,45.7
1077,41.6
1077,41.6
1077,41.6
1077,41.6
1077,41.6
1078,41.6
1078,45.6
1078,45.6
1078,45.6
1078,45.6
1078,45.6
1079,45.6
1079,45.0
1079,45.0
1079,45.0
1079,45.0
1079,45.0
1079,45.0
1079,45.0
1079,42.5
1079,42.5
1079,42.5
1079,42.5
1079,42.5
1080,42.5
1080,43.1
1080,43.1
1080,43.1
1080,43.1
1080,43.1
1080,43.1
1080,43.1
1080,42.0
1080,42.0
1080,42.0
1080,42.0
1080,42.0
1081,42.0
1081,47.9
1081,47.9
1081,47.9
1081,47.9
1081,47.9
1082,47.9
1082,39.8
1082,39.8
1082,39.8
1082,39.8
1082,39.8
1082,39.8
1082,39.8
1082,43.4
1082,43.4
1082,43.4
1082,43.4
1082,43.4
1083,43.4
1083,45.2
1083,45.2
1083,45.2
1083,45.2
1083,45.2
1083,45.2
1084,48.2
1084,48.2
1084,48.2
1084,48.2
1084,48.2
1084,48.2
1084,48.2
1084,39.3
1084,39.3
1084,39.3
1084,39.3
1084,39.3
1085,39.3
1085,44.5
1085,44.5
1085,44.5
1085,44.5
1085,44.5
1085,44.5
1086,44.5
1086,42.9
1086,42.9
1086,42.9
1086,42.9
1086,42.9
1086,42.9
1086,47.2
1086,47.2
1086,47.2
1086,47.2
1086,47.2
1087,47.2
1087,42.5
1087,42.5
1087,42.5
1087,42.5
1087,42.5
1087,42.5
1087,42.5
1087,46.6
1087,46.6
1087,46.6
1087,46.6
1087,46.6
1088,46.6
1088,41.8
1088,41.8
1088,41.8
1088,41.8
1088,41.8
1088,41.8
1089,41.8
1089,43.1
1089,43.1
1089,43.1
1089,43.1
1089,43.1
1089,43.1
1089,42.0
1089,42.0
1089,42.0
1089,42.0
1089,42.0
1090,42.0
1090,46.1
1090,46.1
1090,46.1
1090,46.1
1090,46.1
1090,46.1
1091,46.1
1091,37.7
1091,37.7
1091,37.7
1091,37.7
1091,37.7
1091,37.7
1091,42.7
1091,42.7
1091,42.7
1091,42.7
1091,42.7
1091,42.7
1092,43.6
1092,43.6
1092,43.6
1092,43.6
1092,43.6
1092,43.6
1093,43.6
1093,36.6
1093,36.6
1093,36.6
1093,36.6
1093,36.6
1093,36.6
1093,40.7
1093,40.7
1093,40.7
1093,40.7
1093,40.7
1093,40.7
1094,40.7
1094,37.8
1094,37.8
1094,37.8
1094,37.8
1094,37.8
1095,37.8
1095,35.3
1095,35.3
1095,35.3
1095,35.3
1095,35.3
1095,35.3
1095,36.0
1095,36.0
1095,36.0
1095,36.0
1095,36.0
1095,36.0
1096,36.0
1096,33.5
1096,33.5
1096,33.5
1096,33.5
1096,33.5
1096,33.5
1096,27.9
1096,27.9
1096,27.9
1096,27.9
1096,27.9
1096,27.9
1097,27.9
1097,25.9
1097,25.9
1097,25.9
1097,25.9
1097,25.9
1098,25.9
1098,26.6
1098,26.6
1098,26.6
1098,26.6
1098,26.6
1098,26.6
1098,27.8
1098,27.8
1098,27.8
1098,27.8
1098,27.8
1098,27.8
1099,27.8
1099,21.5
1099,21.5
1099,21.5
1099,21.5
1099,21.5
1100,21.5
1100,15.1
1100,15.1
1100,15.1
1100,15.1
1100,15.1
1100,15.1
1100,15.1
1100,13.1
1100,13.1
1100,13.1
1100,13.1
1100,13.1
1101,13.1
1101,11.2
1101,11.2
1101,11.2
1101,11.2
1101,11.2
1102,11.2
1102,11.3
1102,11.3
1102,11.3
1102,11.3
1102,11.3
1102,11.3
1102,11.3
1102,0.0
1102,0.0
1102,0.0
1102,0.0
1102,0.0
1103,0.0
1103,0.0
1103,0.0
1103,0.0
1103,0.0
1103,0.0
1103,0.0
1103,0.0
1103,0.0
1103,0.0
1103,0.0
1103,0.0
1103,0.0
1104,0.0
1104,0.0
1104,0.0
1104,0.0
1104,0.0
1104,0.0
1105,0.0
1105,0.0
1105,0.0
1105,0.0
1105,0.0
1105,0.0
1105,0.0
1105,0.0
1105,0.0
1105,0.0
1105,0.0
1105,0.0
1105,0.0
1106,0.0
1106,0.0
1106,0.0
1106,0.0
1106,0.0
1106,0.0
1107,0.0
1107,0.0
1107,0.0
1107,0.0
1107,0.0
1107,0.0
1107,0.0
1107,0.0
1107,0.0
1107,0.0
1107,0.0
1107,0.0
1107,0.0
1108,0.0
1108,0.0
1108,0.0
1108,0.0
1108,0.0
1108,0.0
1108,0.0
1109,0.0
1109,0.0
1109,0.0
1109,0.0
1109,0.0
1109,0.0
1109,0.0
1109,0.0
1109,0.0
1109,0.0
1109,0.0
1109,0.0
1110,0.0
1110,0.0
1110,0.0
1110,0.0
1110,0.0
1110,0.0
1110,0.0
1111,0.0
1111,0.0
1111,0.0
1111,0.0
1111,0.0
1111,0.0
1111,0.0
1111,0.0
1111,0.0
1111,0.0
1111,0.0
1111,0.0
1111,0.0
1112,0.0
1112,0.0
1112,0.0
1112,0.0
1112,0.0
1112,0.0
1112,0.0
1112,0.0
1112,0.0
1112,0.0
1112,0.0
1112,0.0
1112,0.0
1113,0.0
1113,0.0
1113,0.0
1113,0.0
1113,0.0
1113,0.0
1114,0.0
1114,0.0
1114,0.0
1114,0.0
1114,0.0
1114,0.0
1114,0.0
1114,0.0
1114,0.0
1114,0.0
1114,0.0
1114,0.0
1114,0.0
1115,0.0
1115,0.0
1115,0.0
1115,0.0
1115,0.0
1115,0.0
1116,0.0
1116,0.0
1116,0.0
1116,0.0
1116,0.0
1116,0.0
1116,0.0
1116,0.0
1116,0.0
1116,0.0
1116,0.0
1116,0.0
1116,0.0
1117,0.0
1117,0.0
1117,0.0
1117,0.0
1117,0.0
1117,0.0
1118,0.0
1118,0.0
1118,0.0
1118,0.0
1118,0.0
1118,0.0
1118,0.0
1118,0.0
1118,0.0
1118,0.0
1118,0.0
1118,0.0
1118,0.0
1119,0.0
1119,0.0
1119,0.0
1119,0.0
1119,0.0
1119,0.0
1120,0.0
1120,0.0
1120,0.0
1120,0.0
1120,0.0
1120,0.0
1120,0.0
1120,0.0
1120,0.0
1120,0.0
1120,0.0
1120,0.0
1120,0.0
1121,0.0
1121,0.0
1121,0.0
1121,0.0
1121,0.0
1121,0.0
1121,0.0
1121,0.0
1121,0.0
1121,0.0
1121,0.0
1121,0.0
1121,0.0
1122,0.0
1122,0.0
1122,0.0
1122,0.0
1122,0.0
1122,0.0
1123,0.0
1123,0.0
1123,0.0
1123,0.0
1123,0.0
1123,0.0
1123,0.0
1123,0.0
1123,0.0
1123,0.0
1123,0.0
1123,0.0
1123,0.0
1124,0.0
1124,0.0
1124,0.0
1124,0.0
1124,0.0
1124,0.0
1125,0.0
1125,0.0
1125,0.0
1125,0.0
1125,0.0
1125,0.0
1125,0.0
1125,0.0
1125,0.0
1125,0.0
1125,0.0
1125,0.0
1125,0.0
1126,0.0
1126,0.0
1126,0.0
1126,0.0
1126,0.0
1126,0.0
1126,0.0
1127,0.0
1127,0.0
1127,0.0
1127,0.0
1127,0.0
1127,0.0
1127,0.0
1127,0.0
1127,0.0
1127,0.0
1127,0.0
1127,0.0
1128,0.0
