0,0
0,0
0,43.1
0,43.1
0,43.6
0,43.8
0,44.5
0,44.5
0,43.8
0,43.1
0,44.0
1,44.0
1,44.0
1,44.0
1,44.0
1,43.3
1,43.6
1,44.5
1,44.5
1,43.8
1,43.3
2,43.3
2,44.0
2,43.1
2,43.8
2,43.8
2,44.5
2,43.1
2,43.1
2,43.6
2,43.6
3,43.6
3,43.8
3,43.3
3,43.8
3,43.8
3,44.5
3,44.0
3,44.3
3,44.3
3,43.8
3,44.3
4,44.3
4,43.6
4,44.5
4,43.3
4,43.3
4,44.0
4,42.9
4,42.9
4,43.8
4,44.0
5,44.0
5,44.0
5,43.3
5,43.6
5,43.6
5,44.3
5,43.3
5,43.3
5,44.0
6,44.3
6,43.8
6,43.8
6,43.1
6,42.9
6,42.9
6,43.3
6,44.0
6,44.0
6,44.0
7,43.8
7,43.3
7,43.3
7,42.9
7,43.1
7,44.0
7,44.0
7,44.0
7,43.8
7,43.8
8,43.6
8,43.1
8,43.6
8,43.6
8,44.3
8,43.8
8,43.8
8,43.6
8,44.0
8,43.6
9,43.6
9,43.8
9,44.0
9,44.0
9,43.8
9,44.5
9,44.3
9,44.3
9,43.8
9,43.6
10,43.6
10,44.3
10,44.5
10,43.3
10,43.3
10,44.0
10,44.0
10,44.0
10,43.8
11,44.0
11,44.3
11,44.3
11,44.0
11,44.9
11,44.9
11,45.2
11,43.3
11,42.9
11,42.9
11,44.0
11,43.3
12,43.8
12,43.8
12,44.3
12,44.3
12,44.3
12,43.6
12,43.3
12,43.8
12,43.8
13,44.3
13,44.7
13,44.7
13,43.6
13,44.7
13,42.7
13,42.7
13,43.6
13,44.5
13,44.5
14,44.0
14,43.8
14,43.6
14,43.6
14,44.3
14,43.8
14,43.8
14,43.6
14,44.3
14,43.8
15,43.8
15,45.2
15,44.3
15,44.3
15,44.0
15,44.3
15,44.7
15,44.7
15,44.3
15,44.0
16,44.0
16,44.0
16,43.8
16,44.0
16,44.0
16,43.6
16,44.3
16,43.8
16,43.8
17,43.8
17,44.0
17,44.0
17,44.7
17,43.6
17,44.3
17,44.3
17,44.3
17,44.5
17,44.5
17,43.8
17,43.3
18,44.7
18,44.7
18,43.1
18,43.8
18,43.8
18,44.0
18,44.3
18,43.6
18,43.6
19,44.3
19,44.7
19,44.7
19,44.9
19,44.3
19,43.6
19,43.6
19,44.7
19,44.3
19,44.3
20,44.7
20,43.8
20,44.7
20,44.7
20,43.8
20,44.3
20,44.3
20,44.9
20,43.1
20,44.0
21,44.0
21,44.0
21,43.6
21,43.6
21,44.0
21,43.1
21,44.5
21,44.5
21,43.6
21,43.6
22,43.6
22,44.3
22,43.3
22,44.3
22,44.3
22,44.0
22,43.8
22,43.8
22,44.3
22,44.3
23,43.8
23,43.8
23,43.8
23,43.8
23,43.8
23,44.0
23,45.2
23,44.7
23,44.7
24,43.6
24,43.6
24,43.6
24,44.0
24,43.6
24,43.6
24,43.6
24,44.7
24,43.6
24,43.6
24,44.3
24,44.5
25,44.5
25,44.5
25,43.3
25,44.5
25,44.5
25,44.3
25,43.8
25,44.0
25,44.0
26,44.9
26,43.1
26,43.1
26,45.4
26,43.6
26,43.6
26,43.6
26,43.8
26,44.3
26,44.3
27,42.9
27,44.5
27,44.5
27,44.5
27,44.3
27,44.3
27,44.3
27,44.0
27,44.5
27,44.7
28,44.7
28,44.3
28,43.6
28,43.6
28,44.0
28,44.0
28,44.5
28,44.5
28,43.6
28,44.0
29,44.7
29,44.7
29,43.6
29,44.5
29,44.5
29,44.3
29,44.0
29,45.2
29,45.2
30,44.3
30,43.8
30,43.8
30,43.8
30,43.6
30,44.5
30,44.5
30,45.2
30,44.0
30,44.0
30,44.3
30,44.5
31,44.5
31,44.5
31,43.8
31,44.0
31,44.0
31,43.8
31,44.3
31,44.7
31,44.7
32,43.3
32,44.3
32,44.3
32,43.8
32,44.5
32,44.5
32,44.5
32,44.9
32,44.3
32,44.7
33,44.7
33,44.5
33,43.8
33,43.8
33,44.3
33,44.3
33,43.3
33,43.3
33,44.3
33,44.3
34,44.3
34,43.8
34,44.7
34,43.1
34,43.1
34,44.3
34,44.0
34,44.0
34,44.0
34,44.3
35,44.3
35,43.3
35,45.4
35,44.7
35,44.7
35,44.5
35,44.5
35,44.5
35,44.5
36,43.6
36,44.0
36,44.0
36,43.3
36,44.7
36,43.8
36,43.8
36,44.0
36,44.5
36,44.5
37,44.0
37,44.5
37,43.6
37,43.6
37,43.6
37,44.3
37,44.3
37,44.7
37,44.3
37,44.3
37,44.3
38,44.5
38,44.0
38,44.0
38,44.7
38,44.0
38,44.3
38,44.3
38,44.0
38,44.0
38,44.0
39,44.9
39,43.6
39,43.6
39,44.5
39,44.9
39,44.0
39,44.0
39,43.8
39,44.7
39,44.7
40,44.5
40,44.5
40,44.0
40,44.0
40,44.9
40,44.7
40,44.0
40,44.0
40,44.0
40,43.8
41,43.8
41,43.8
41,44.0
41,44.0
41,44.9
41,44.0
41,44.3
41,44.3
41,44.3
41,44.0
42,44.0
42,44.0
42,44.0
42,44.0
42,44.0
42,43.8
42,43.8
42,44.9
42,44.9
43,44.3
43,43.8
43,44.7
43,44.7
43,45.4
43,44.0
43,44.0
43,44.9
43,44.7
43,44.5
43,44.5
44,45.4
44,45.2
44,45.2
44,44.7
44,44.3
44,43.8
44,43.8
44,43.3
44,44.7
44,44.7
45,44.5
45,43.3
45,44.3
45,44.3
45,44.7
45,44.7
45,44.7
45,45.9
45,44.9
45,44.3
46,44.3
46,43.8
46,43.6
46,43.6
46,44.9
46,44.5
46,43.8
46,43.8
46,44.9
46,44.5
47,44.3
47,44.3
47,43.6
47,43.8
47,43.8
47,44.0
47,44.0
47,43.6
47,43.6
48,43.1
48,44.3
48,44.3
48,43.3
48,44.0
48,45.2
48,45.2
48,44.3
48,44.7
48,44.7
49,44.7
49,43.6
49,43.8
49,43.8
49,43.6
49,45.4
49,45.4
49,44.0
49,43.8
49,44.5
50,44.5
50,44.5
50,44.3
50,44.3
50,44.0
50,43.8
50,43.8
50,43.8
50,43.6
50,44.9
50,44.9
51,44.7
51,44.7
51,45.2
51,45.2
51,44.3
51,43.8
51,43.8
51,44.7
51,43.8
51,44.0
52,44.0
52,44.9
52,44.5
52,44.5
52,44.9
52,44.3
52,44.3
52,44.3
52,43.3
52,43.6
53,43.6
53,44.9
53,44.3
53,44.9
53,44.9
53,44.7
53,43.8
53,43.8
53,45.2
53,44.0
54,45.2
54,45.2
54,44.3
54,44.3
54,44.3
54,44.5
54,44.3
54,44.5
54,44.5
55,44.5
55,43.3
55,43.3
55,44.0
55,44.3
55,44.3
55,45.4
55,45.2
55,44.7
55,44.7
56,44.9
56,44.9
56,44.3
56,44.3
56,44.9
56,44.7
56,44.7
56,44.7
56,44.7
56,44.7
57,44.5
57,44.3
57,44.3
57,44.3
57,44.0
57,43.6
57,43.6
57,44.9
57,45.2
57,44.3
57,44.3
58,44.3
58,44.0
58,44.0
58,44.3
58,45.9
58,44.3
58,44.3
58,45.9
58,44.3
58,44.3
59,44.9
59,43.1
59,44.5
59,44.5
59,45.2
59,44.7
59,44.7
59,44.9
59,44.5
59,44.7
60,44.7
60,44.5
60,44.5
60,44.5
60,44.0
60,45.6
60,45.6
60,44.3
60,43.8
60,44.3
61,44.3
61,44.3
61,45.4
61,45.2
61,45.2
61,44.9
61,44.7
61,44.7
61,45.2
61,44.7
62,44.5
62,44.5
62,45.2
62,44.5
62,44.5
62,44.7
62,43.6
62,44.7
62,44.7
63,42.7
63,44.3
63,44.3
63,44.3
63,44.5
63,44.7
63,44.7
63,44.7
63,44.9
63,44.9
64,44.9
64,44.5
64,44.3
64,44.3
64,43.8
64,44.3
64,44.3
64,44.5
64,44.9
64,44.0
65,44.0
65,44.0
65,44.7
65,44.7
65,44.0
65,45.2
65,44.9
65,44.9
65,44.7
65,45.4
66,45.4
66,44.0
66,44.0
66,44.0
66,45.4
66,44.3
66,45.4
66,45.4
66,44.3
66,45.4
67,45.4
67,44.7
67,44.7
67,43.6
67,43.6
67,43.8
67,43.8
67,44.0
67,44.0
67,44.7
67,43.8
68,43.8
68,44.9
68,44.5
68,44.5
68,44.0
68,44.5
68,45.2
68,45.2
68,44.9
68,44.9
69,44.9
69,44.9
69,44.7
69,45.2
69,45.2
69,45.4
69,45.4
69,45.4
69,44.5
70,44.3
70,43.8
70,43.8
70,44.7
70,45.2
70,45.2
70,44.5
70,45.6
70,45.2
70,45.2
71,44.3
71,44.7
71,44.7
71,44.7
71,44.3
71,44.3
71,45.2
71,43.6
71,44.7
71,44.7
72,44.9
72,44.3
72,45.6
72,45.6
72,44.3
72,44.7
72,44.7
72,44.0
72,44.3
72,44.3
73,44.9
73,44.7
73,44.7
73,44.7
73,44.9
73,44.0
73,44.0
73,44.3
73,44.9
73,44.9
74,44.9
74,44.7
74,45.2
74,45.2
74,44.0
74,45.2
74,44.5
74,44.5
74,45.4
74,44.9
75,44.9
75,44.5
75,45.4
75,44.7
75,44.7
75,44.9
75,43.8
75,43.8
75,44.5
76,45.2
76,44.5
76,44.5
76,44.9
76,44.3
76,44.3
76,44.9
76,44.7
76,43.1
76,43.1
76,43.8
76,44.9
77,44.9
77,43.8
77,44.5
77,44.0
77,44.0
77,44.7
77,44.3
77,44.3
77,44.7
78,44.5
78,44.3
78,44.3
78,44.9
78,44.0
78,44.0
78,44.9
78,43.6
78,44.7
78,44.7
79,44.0
79,44.0
79,44.0
79,44.3
79,45.4
79,44.7
79,44.7
79,44.7
79,44.5
79,44.5
80,44.3
80,44.0
80,43.3
80,43.3
80,44.0
80,44.5
80,44.5
80,44.7
80,45.4
80,44.3
81,44.3
81,45.4
81,44.7
81,44.7
81,45.4
81,44.3
81,44.3
81,44.3
81,44.9
81,44.3
81,45.2
82,45.2
82,44.9
82,44.5
82,44.5
82,44.7
82,44.3
82,45.2
82,45.2
82,44.7
82,44.3
83,44.3
83,44.9
83,44.0
83,44.3
83,44.3
83,44.9
83,44.7
83,44.7
83,44.9
84,44.0
84,44.7
84,44.7
84,44.9
84,45.4
84,45.4
84,44.3
84,45.9
84,44.9
84,44.9
85,44.5
85,44.7
85,44.7
85,44.3
85,44.9
85,44.0
85,44.0
85,45.2
85,45.2
85,45.2
86,44.9
86,44.7
86,45.4
86,45.4
86,44.7
86,44.0
86,44.0
86,44.0
86,44.5
86,44.7
87,44.7
87,44.0
87,44.5
87,44.5
87,45.2
87,44.7
87,44.0
87,44.0
87,45.6
87,44.5
88,44.5
88,43.8
88,44.7
88,45.2
88,45.2
88,44.5
88,43.3
88,43.3
88,44.7
89,44.0
89,44.9
89,44.9
89,43.8
89,44.7
89,44.7
89,43.8
89,45.2
89,44.7
89,44.7
89,44.9
89,44.0
90,44.7
90,44.7
90,43.8
90,44.5
90,44.5
90,44.3
90,44.3
90,43.6
90,43.6
91,44.0
91,44.7
91,44.7
91,44.0
91,44.5
91,43.6
91,43.6
91,44.5
91,44.7
91,44.7
92,44.5
92,44.0
92,44.5
92,44.5
92,44.7
92,44.9
92,44.9
92,44.0
92,44.7
92,44.0
93,44.0
93,44.5
93,44.3
93,44.5
93,44.5
93,44.3
93,44.5
93,45.4
93,45.4
94,44.5
94,44.5
94,44.5
94,44.5
94,45.2
94,44.7
94,44.7
94,44.7
94,45.6
94,45.6
94,45.4
95,45.4
95,43.8
95,43.8
95,44.0
95,44.7
95,44.7
95,44.9
95,44.7
95,44.5
95,44.5
96,44.3
96,44.9
96,44.9
96,44.5
96,43.8
96,45.2
96,45.2
96,44.0
96,44.0
96,44.0
97,44.5
97,44.9
97,44.9
97,44.9
97,44.5
97,43.8
97,43.8
97,44.9
97,44.9
97,44.7
98,44.7
98,44.7
98,44.0
98,44.0
98,44.7
98,44.9
98,44.7
98,44.7
98,44.9
98,44.3
99,44.3
99,45.6
99,44.9
99,43.8
99,43.8
99,44.3
99,44.9
99,44.9
99,44.0
100,44.0
100,44.3
100,44.3
100,44.7
100,44.3
100,44.3
100,44.5
100,45.2
100,44.3
100,44.3
101,44.9
101,44.9
101,44.9
101,44.7
101,43.3
101,44.9
101,44.9
101,44.0
101,43.8
101,43.8
101,46.1
102,44.5
102,44.3
102,44.3
102,45.2
102,45.2
102,44.9
102,44.9
102,43.8
102,44.7
102,44.7
103,44.5
103,44.0
103,44.9
103,44.9
103,45.2
103,44.7
103,44.7
103,44.5
103,45.6
103,43.3
104,43.3
104,44.0
104,44.5
104,44.5
104,44.9
104,44.7
104,44.5
104,44.5
104,44.9
104,44.5
105,44.5
105,44.7
105,44.9
105,45.2
105,45.2
105,45.2
105,44.7
105,44.9
105,44.9
106,43.8
106,44.9
106,43.8
106,43.8
106,44.3
106,44.5
106,44.5
106,44.5
106,44.9
106,44.9
106,44.9
107,44.0
107,44.9
107,44.9
107,44.3
107,44.3
107,44.7
107,44.7
107,44.5
107,45.2
107,45.2
108,45.2
108,44.3
108,45.2
108,45.2
108,45.4
108,44.3
108,44.3
108,45.4
108,44.5
108,44.5
109,44.5
109,44.7
109,45.6
109,45.6
109,45.2
109,44.0
109,44.0
109,45.2
109,44.7
109,43.6
110,43.6
110,43.3
110,44.7
110,44.3
110,44.3
110,44.7
110,44.5
110,44.5
110,44.7
110,44.7
111,46.1
111,46.1
111,44.5
111,44.9
111,44.9
111,44.3
111,43.8
111,43.8
111,44.7
112,44.7
112,44.9
112,44.9
112,44.7
112,44.5
112,44.5
112,44.5
112,43.3
112,44.7
112,44.7
113,45.2
113,43.8
113,43.8
113,44.9
113,44.5
113,45.4
113,45.4
113,44.5
113,43.6
113,44.3
114,44.3
114,44.0
114,44.7
114,44.7
114,43.6
114,44.3
114,44.7
114,44.7
114,44.5
114,43.6
114,43.6
115,43.8
115,44.5
115,44.5
115,44.5
115,44.5
115,45.6
115,44.5
115,44.5
115,44.3
115,44.5
116,44.5
116,44.9
116,44.5
116,44.3
116,44.3
116,44.0
116,43.8
116,43.8
116,44.9
117,45.2
117,44.7
117,44.7
117,43.8
117,44.0
117,44.0
117,44.0
117,46.1
117,44.5
117,44.5
118,44.5
118,45.2
118,45.2
118,44.9
118,44.0
118,43.8
118,43.8
118,44.7
118,45.6
118,45.6
119,44.7
119,44.9
119,45.6
119,45.6
119,44.7
119,43.8
119,43.8
119,44.5
119,44.7
119,43.8
120,43.8
120,44.5
120,44.7
120,44.7
120,44.5
120,44.9
120,44.9
120,44.9
120,44.5
120,44.5
121,44.5
121,44.5
121,44.5
121,44.5
121,44.5
121,44.7
121,44.7
121,44.0
121,44.0
121,45.2
121,44.9
122,44.9
122,44.5
122,44.9
122,44.9
122,44.0
122,45.2
122,44.5
122,44.5
122,44.9
122,43.8
123,43.8
123,44.7
123,44.7
123,44.7
123,44.7
123,44.7
123,44.7
123,44.7
123,44.7
124,45.4
124,44.7
124,44.7
124,44.0
124,44.9
124,44.9
124,44.3
124,44.0
124,43.8
124,43.8
125,43.3
125,44.3
125,44.3
125,44.0
125,43.8
125,44.7
125,44.7
125,44.0
125,45.4
125,44.9
126,44.9
126,44.9
126,44.3
126,44.3
126,45.4
126,44.7
126,44.7
126,44.0
126,44.5
126,44.7
127,44.7
127,44.7
127,44.7
127,44.7
127,44.7
127,44.5
127,44.5
127,44.5
127,43.6
127,44.7
128,45.2
128,45.2
128,44.0
128,44.9
128,44.9
128,44.3
128,44.3
128,44.3
128,45.4
129,44.7
129,44.0
129,44.0
129,44.3
129,45.2
129,45.2
129,44.5
129,44.3
129,45.9
129,45.9
129,45.2
129,44.9
130,44.9
130,45.6
130,44.3
130,44.5
130,44.5
130,43.8
130,44.0
130,44.0
130,44.5
131,44.7
131,45.2
131,45.2
131,45.6
131,44.9
131,43.8
131,43.8
131,44.3
131,44.9
131,44.9
132,44.3
132,44.3
132,44.7
132,44.7
132,44.7
132,44.7
132,44.7
132,44.0
132,44.5
132,44.5
133,44.3
133,45.6
133,44.5
133,44.5
133,43.3
133,44.5
133,44.5
133,45.2
133,44.9
133,44.9
134,44.9
134,44.3
134,43.6
134,43.6
134,44.9
134,44.0
134,44.0
134,44.0
134,43.8
134,44.9
135,44.9
135,44.7
135,45.2
135,44.3
135,44.3
135,44.5
135,43.8
135,43.8
135,44.0
136,44.5
136,44.0
136,44.0
136,44.7
136,45.2
136,44.0
136,44.0
136,45.9
136,44.3
136,44.3
137,44.0
137,45.4
137,43.8
137,43.8
137,43.8
137,44.0
137,44.0
137,44.3
137,44.5
137,44.5
137,44.5
138,43.6
138,44.7
138,44.7
138,44.7
138,44.7
138,44.7
138,44.9
138,44.5
138,44.5
138,44.5
139,44.3
139,44.0
139,44.0
139,45.4
139,44.5
139,43.8
139,43.8
139,44.7
139,45.4
139,45.4
140,45.6
140,45.6
140,44.3
140,44.3
140,44.3
140,44.9
140,44.9
140,44.9
140,44.7
140,43.8
141,43.8
141,44.3
141,44.5
141,44.5
141,44.5
141,44.7
141,43.3
141,43.3
141,44.3
141,44.3
142,44.3
142,44.9
142,44.3
142,44.3
142,44.3
142,44.5
142,44.7
142,44.7
142,45.2
143,44.9
143,45.2
143,45.2
143,44.5
143,45.2
143,45.2
143,45.4
143,44.5
143,44.5
143,44.5
144,44.5
144,45.2
144,45.2
144,45.2
144,43.8
144,43.6
144,43.6
144,44.5
144,43.8
144,43.8
144,44.9
145,43.8
145,44.9
145,44.9
145,44.3
145,44.3
145,44.3
145,44.9
145,44.0
145,43.8
145,43.8
146,44.0
146,44.7
146,44.7
146,44.9
146,45.2
146,44.3
146,44.3
146,44.3
146,44.3
146,44.5
147,44.5
147,44.3
147,44.7
147,44.7
147,45.9
147,44.9
147,44.7
147,44.7
147,44.3
147,44.3
148,44.3
148,44.5
148,44.5
148,44.5
148,44.5
148,44.9
148,44.5
148,44.5
148,44.7
148,44.5
149,44.7
149,44.7
149,44.7
149,44.0
149,44.0
149,44.9
149,44.3
149,44.3
149,44.3
150,45.4
150,45.2
150,45.2
150,43.8
150,45.2
150,44.5
150,44.5
150,44.9
150,44.0
150,44.0
151,44.9
151,45.6
151,44.7
151,44.7
151,44.7
151,45.2
151,45.2
151,43.6
151,44.7
151,44.7
152,44.5
152,44.7
152,44.7
152,44.7
152,44.3
152,44.9
152,44.9
152,44.7
152,44.7
152,45.4
152,45.4
153,43.8
153,45.9
153,45.9
153,44.3
153,44.3
153,44.3
153,44.3
153,44.9
153,44.7
153,44.7
154,44.7
154,44.7
154,44.7
154,44.9
154,45.2
154,44.7
154,44.7
154,43.6
154,45.6
154,45.6
155,44.5
155,45.6
155,45.2
155,45.2
155,44.5
155,44.3
155,44.3
155,45.2
155,43.8
155,44.9
156,44.9
156,44.9
156,44.3
156,44.3
156,45.4
156,46.3
156,45.2
156,45.2
156,44.7
157,45.4
157,44.7
157,44.7
157,44.5
157,44.3
157,44.0
157,44.0
157,44.7
157,44.7
157,44.7
158,44.7
158,45.2
158,44.3
158,44.3
158,44.3
158,44.5
158,44.5
158,45.2
158,45.2
158,44.3
158,44.3
159,44.3
159,43.6
159,43.6
159,44.9
159,45.2
159,44.5
159,44.5
159,44.9
159,44.0
159,44.0
160,44.9
160,44.7
160,44.0
160,44.0
160,44.3
160,45.2
160,45.2
160,45.2
160,44.9
160,44.3
161,44.3
161,44.0
161,43.8
161,43.8
161,45.2
161,44.5
161,45.4
161,45.4
161,44.7
161,44.3
162,44.3
162,45.4
162,44.5
162,45.2
162,45.2
162,44.3
162,44.7
162,44.5
162,44.5
163,44.9
163,44.3
163,44.3
163,44.7
163,45.2
163,45.2
163,45.2
163,45.4
163,44.9
163,44.9
164,44.7
164,45.2
164,44.9
164,44.9
164,44.9
164,45.9
164,43.3
164,43.3
164,44.9
164,44.5
164,44.5
165,44.3
165,44.7
165,46.1
165,46.1
165,44.7
165,44.9
165,44.9
165,44.5
165,44.5
165,44.5
166,44.5
166,44.3
166,45.4
166,45.4
166,44.0
166,45.2
166,44.9
166,44.9
166,44.7
166,44.0
167,44.0
167,44.7
167,44.9
167,44.7
167,44.7
167,44.9
167,44.7
167,44.7
167,45.2
167,44.9
168,44.9
168,44.9
168,44.9
168,44.3
168,44.3
168,44.3
168,44.0
168,44.0
168,43.8
169,44.3
169,44.5
169,44.5
169,44.5
169,44.7
169,44.7
169,44.7
169,44.7
169,43.3
169,43.8
170,43.8
170,44.5
170,44.7
170,44.7
170,45.2
170,44.5
170,44.5
170,44.3
170,43.8
170,44.0
171,44.0
171,45.2
171,44.7
171,44.7
171,44.5
171,44.7
171,44.7
171,44.7
171,44.7
171,44.9
171,44.9
172,44.0
172,44.5
172,44.7
172,44.7
172,45.6
172,45.2
172,45.2
172,45.4
172,44.9
172,44.3
173,44.3
173,43.6
173,44.5
173,44.5
173,44.7
173,44.7
173,44.5
173,44.5
173,44.0
173,44.0
174,44.0
174,45.4
174,45.2
174,44.3
174,44.3
174,44.0
174,44.5
174,44.5
174,44.3
175,45.4
175,44.9
175,44.9
175,44.7
175,44.3
175,44.3
175,45.4
175,44.5
175,44.9
175,44.9
176,44.9
176,44.7
176,44.7
176,44.7
176,44.9
176,44.9
176,44.9
176,44.3
176,44.5
176,44.5
177,44.9
177,45.4
177,44.3
177,44.3
177,44.7
177,44.3
177,44.3
177,44.7
177,44.7
177,44.9
178,44.9
178,44.3
178,44.5
178,44.5
178,44.5
178,45.2
178,44.7
178,44.7
178,44.7
178,45.4
179,45.4
179,44.5
179,44.7
179,45.4
179,45.4
179,44.9
179,44.7
179,44.7
179,44.7
179,44.9
179,44.5
180,44.5
180,44.0
180,44.9
180,44.9
180,44.0
180,45.6
180,44.9
180,44.9
180,45.2
180,44.7
181,44.7
181,44.7
181,44.7
181,45.2
181,45.2
181,44.0
181,44.7
181,44.7
181,44.5
181,44.7
182,44.3
182,44.3
182,44.7
182,44.9
182,44.9
182,44.5
182,44.3
182,44.3
182,44.5
183,44.5
183,44.7
183,44.7
183,44.9
183,44.7
183,44.7
183,44.5
183,44.5
183,43.8
183,43.8
184,44.0
184,44.5
184,44.5
184,44.9
184,45.2
184,45.4
184,45.4
184,44.5
184,44.7
184,44.7
185,44.3
185,44.9
185,44.9
185,44.3
185,44.3
185,44.7
185,44.7
185,44.9
185,45.6
185,45.6
186,44.5
186,44.3
186,44.9
186,44.9
186,44.5
186,44.9
186,44.3
186,44.3
186,44.7
186,45.4
187,45.4
187,45.4
187,44.5
187,44.5
187,43.8
187,44.5
187,44.9
187,44.9
187,44.9
187,44.9
188,44.9
188,45.2
188,44.5
188,44.9
188,44.9
188,44.7
188,44.0
188,44.0
188,44.7
188,44.3
188,45.2
189,45.2
189,45.2
189,44.5
189,44.5
189,45.2
189,44.5
189,44.5
189,44.5
189,44.9
189,44.7
190,44.7
190,45.2
190,44.7
190,44.7
190,44.7
190,44.5
190,43.8
190,43.8
190,44.9
191,44.7
191,44.3
191,44.3
191,44.7
191,44.3
191,44.9
191,44.9
191,44.5
191,44.5
191,44.5
192,44.5
192,43.1
192,43.1
192,44.3
192,44.0
192,44.5
192,44.5
192,43.8
192,44.0
192,44.0
193,44.5
193,44.5
193,44.5
193,44.5
193,44.5
193,43.8
193,43.8
193,44.5
193,44.9
193,44.9
194,44.7
194,44.5
194,44.3
194,44.3
194,44.0
194,44.5
194,45.4
194,45.4
194,44.5
194,44.0
195,44.3
195,44.3
195,44.0
195,44.5
195,44.5
195,44.9
195,44.5
195,44.9
195,44.9
195,44.7
195,45.6
196,45.6
196,44.7
196,45.6
196,45.4
196,45.4
196,44.5
196,45.4
196,45.4
196,44.7
197,44.9
197,45.6
197,45.6
197,44.9
197,44.9
197,44.9
197,45.6
197,44.7
197,44.0
197,44.0
198,46.1
198,44.3
198,44.3
198,44.9
198,44.0
198,45.6
198,45.6
198,44.5
198,44.7
198,44.7
199,44.0
199,44.9
199,44.9
199,44.7
199,44.9
199,44.5
199,44.5
199,44.3
199,45.4
199,45.4
200,43.8
200,43.8
200,44.9
200,44.9
200,44.3
200,44.0
200,44.0
200,44.5
200,44.9
200,44.0
201,44.0
201,44.9
201,43.6
201,43.6
201,43.3
201,44.0
201,44.9
201,44.9
201,44.7
201,44.9
202,44.9
202,45.2
202,44.7
202,44.3
202,44.3
202,45.6
202,44.9
202,44.9
202,44.5
203,45.2
203,44.7
203,44.7
203,44.3
203,44.7
203,44.7
203,43.6
203,45.2
203,44.5
203,44.5
203,44.3
203,45.2
204,45.2
204,44.5
204,44.9
204,44.5
204,44.5
204,44.7
204,44.5
204,44.5
204,45.9
204,44.3
205,44.9
205,44.9
205,44.7
205,44.9
205,44.9
205,45.6
205,44.9
205,44.9
205,44.9
206,44.5
206,44.0
206,44.0
206,44.9
206,44.3
206,44.3
206,44.3
206,45.2
206,44.5
206,44.5
207,44.9
207,45.2
207,45.2
207,44.5
207,44.9
207,44.7
207,44.7
207,43.6
207,45.2
207,45.2
208,43.6
208,45.9
208,44.7
208,44.7
208,44.7
208,44.7
208,44.5
208,44.5
208,43.8
208,44.9
209,44.9
209,45.6
209,44.5
209,44.7
209,44.7
209,44.7
209,45.9
209,45.9
209,44.5
210,44.0
210,44.7
210,44.7
210,44.0
210,43.6
210,43.6
210,44.5
210,44.5
210,44.9
210,44.9
211,44.3
211,44.0
211,44.0
211,45.2
211,44.7
211,44.7
211,44.5
211,44.7
211,45.4
211,45.4
212,44.0
212,44.0
212,44.0
212,44.7
212,44.3
212,44.3
212,44.3
212,44.7
212,44.3
212,44.3
212,44.7
212,44.3
213,44.3
213,44.0
213,44.7
213,44.0
213,44.0
213,44.7
213,44.7
213,44.7
213,45.4
214,44.5
214,44.7
214,44.7
214,44.7
214,45.2
214,45.2
214,44.7
214,44.3
214,44.5
214,44.5
215,44.3
215,43.6
215,43.6
215,44.9
215,44.3
215,45.4
215,45.4
215,45.9
215,45.4
215,45.4
216,43.8
216,44.9
216,44.3
216,44.3
216,44.7
216,45.2
216,45.2
216,43.6
216,44.3
216,44.5
217,44.5
217,44.9
217,43.8
217,43.8
217,45.2
217,44.9
217,44.7
217,44.7
217,44.3
217,44.3
218,44.3
218,44.7
218,43.6
218,43.6
218,44.5
218,45.2
218,44.5
218,44.5
218,44.3
218,43.8
219,43.8
219,44.7
219,44.3
219,44.9
219,44.9
219,44.7
219,45.2
219,45.2
219,44.7
219,44.3
220,45.2
220,45.2
220,44.7
220,44.5
220,44.5
220,44.9
220,44.5
220,44.5
220,44.5
221,44.5
221,44.9
221,44.9
221,45.2
221,44.5
221,44.5
221,44.5
221,44.3
221,45.2
221,45.2
222,43.6
222,43.8
222,43.8
222,44.9
222,45.6
222,43.8
222,43.8
222,44.0
222,45.2
222,45.2
222,45.2
223,44.3
223,43.6
223,43.6
223,44.9
223,45.6
223,45.6
223,43.8
223,46.3
223,45.6
223,45.6
224,45.2
224,44.5
224,44.5
224,43.6
224,44.5
224,44.7
224,44.7
224,45.2
224,44.0
224,44.0
225,44.0
225,44.3
225,44.7
225,44.7
225,44.9
225,45.4
225,45.4
225,44.5
225,44.9
225,44.3
226,44.3
226,44.0
226,44.0
226,44.0
226,45.2
226,44.3
226,44.0
226,44.0
226,44.3
226,44.9
227,44.9
227,44.9
227,44.7
227,44.3
227,44.3
227,44.5
227,44.5
227,44.5
227,44.7
227,44.0
228,44.5
228,44.5
228,44.7
228,44.5
228,44.5
228,44.9
228,45.2
228,45.2
228,45.2
229,45.9
229,44.3
229,44.3
229,45.4
229,45.6
229,45.6
229,44.5
229,44.5
229,44.3
229,44.3
230,45.4
230,45.4
230,45.4
230,44.3
230,44.5
230,45.4
230,45.4
230,44.0
230,45.2
230,45.2
231,44.9
231,44.0
231,43.8
231,43.8
231,44.3
231,44.5
231,44.5
231,45.4
231,44.5
231,44.9
231,44.9
232,45.6
232,45.4
232,45.4
232,44.7
232,44.5
232,44.3
232,44.3
232,44.3
232,44.9
232,44.7
233,44.7
233,45.2
233,44.3
233,44.5
233,44.5
233,44.7
233,44.7
233,44.7
233,44.7
234,44.7
234,44.7
234,44.7
234,44.5
234,44.0
234,44.0
234,45.9
234,43.6
234,43.6
234,44.7
235,45.4
235,44.3
235,44.3
235,44.5
235,45.2
235,45.2
235,44.7
235,44.5
235,44.9
235,44.9
236,44.3
236,43.8
236,43.8
236,44.3
236,44.7
236,44.0
236,44.0
236,43.8
236,45.4
236,45.4
237,44.5
237,44.5
237,45.2
237,45.2
237,45.9
237,44.3
237,44.3
237,44.7
237,43.3
237,44.5
237,44.5
238,43.3
238,44.5
238,44.5
238,44.7
238,43.8
238,44.0
238,44.0
238,45.2
238,44.7
238,44.7
239,44.9
239,44.0
239,44.0
239,44.0
239,44.7
239,44.9
239,44.9
239,44.9
239,44.7
239,44.5
240,44.5
240,44.5
240,45.6
240,45.6
240,44.5
240,45.2
240,44.0
240,44.0
240,44.5
240,44.9
241,44.5
241,44.5
241,44.3
241,44.7
241,44.7
241,44.0
241,43.3
241,45.2
241,45.2
242,44.7
242,45.2
242,45.2
242,44.7
242,45.9
242,45.6
242,45.6
242,44.7
242,44.7
242,44.7
243,44.0
243,45.2
243,43.1
243,43.1
243,44.0
243,43.6
243,43.6
243,44.7
243,44.7
243,44.3
244,44.3
244,44.7
244,43.6
244,43.6
244,42.9
244,44.9
244,44.5
244,44.5
244,44.9
244,44.5
244,44.5
245,44.5
245,45.2
245,44.7
245,44.7
245,44.5
245,44.7
245,44.7
245,44.9
245,44.7
245,44.3
246,44.3
246,44.7
246,44.5
246,43.8
246,43.8
246,44.9
246,44.0
246,44.0
246,44.0
247,43.8
247,44.0
247,44.0
247,45.4
247,44.7
247,43.3
247,43.3
247,43.6
247,44.7
247,44.7
248,44.7
248,44.0
248,44.0
248,45.2
248,44.9
248,44.7
248,44.7
248,44.5
248,45.4
248,45.4
249,44.7
249,44.0
249,44.7
249,44.7
249,44.0
249,44.7
249,44.7
249,45.6
249,44.5
249,44.5
250,44.5
250,44.5
250,45.9
250,45.9
250,44.5
250,44.3
250,43.8
250,43.8
250,44.3
250,44.7
250,44.9
251,44.9
251,44.0
251,44.7
251,44.7
251,43.8
251,44.3
251,44.5
251,44.5
251,45.4
251,43.8
252,43.8
252,44.5
252,44.7
252,44.7
252,44.3
252,43.8
252,45.4
252,45.4
252,44.5
252,44.3
253,44.3
253,44.3
253,44.9
253,44.3
253,44.3
253,46.1
253,44.3
253,44.3
253,44.5
254,45.4
254,43.6
254,43.6
254,44.5
254,43.8
254,43.8
254,44.9
254,44.0
254,44.9
254,44.9
255,44.5
255,43.8
255,43.8
255,44.9
255,44.5
255,44.7
255,44.7
255,44.0
255,44.9
255,44.9
256,44.3
256,44.9
256,44.5
256,44.5
256,44.9
256,44.7
256,44.7
256,44.7
256,44.7
256,44.7
257,44.7
257,44.9
257,44.7
257,44.7
257,44.3
257,44.5
257,44.9
257,44.9
257,44.3
257,44.7
257,43.8
258,43.8
258,44.0
258,44.5
258,44.3
258,44.3
258,44.5
258,43.8
258,43.8
258,44.3
258,44.3
259,44.3
259,44.3
259,44.3
259,44.7
259,44.7
259,44.9
259,44.0
259,44.9
259,44.9
260,44.9
260,44.5
260,45.4
260,45.4
260,43.3
260,44.3
260,44.3
260,44.0
260,45.2
260,45.2
261,45.2
261,44.5
261,44.9
261,44.9
261,43.3
261,44.0
261,44.7
261,44.7
261,44.3
261,43.8
262,43.8
262,44.3
262,45.2
262,43.8
262,43.8
262,44.7
262,44.9
262,44.9
262,44.5
262,44.9
263,43.8
263,43.8
263,45.2
263,44.0
263,44.0
263,44.7
263,44.9
263,43.8
263,43.8
263,44.5
263,45.4
264,45.4
264,44.0
264,44.0
264,44.3
264,44.3
264,44.5
264,44.9
264,44.9
264,45.2
264,44.5
265,44.9
265,44.9
265,44.0
265,44.9
265,44.9
265,44.0
265,43.6
265,44.0
265,44.0
266,44.5
266,43.6
266,43.6
266,44.5
266,44.3
266,44.9
266,44.9
266,44.0
266,44.9
266,44.9
267,44.3
267,44.5
267,45.4
267,45.4
267,44.9
267,44.3
267,44.3
267,44.7
267,44.7
267,43.8
268,43.8
268,44.9
268,44.0
268,44.0
268,44.9
268,44.9
268,44.7
268,44.7
268,45.2
268,44.3
269,44.3
269,44.5
269,44.0
269,44.0
269,44.0
269,44.5
269,44.3
269,44.3
269,43.6
270,44.5
270,44.9
270,44.9
270,44.5
270,44.0
270,44.0
270,44.0
270,44.9
270,43.6
270,43.6
270,44.5
270,44.3
271,44.3
271,43.8
271,44.9
271,45.2
271,45.2
271,43.3
271,44.7
271,44.7
271,45.2
272,44.5
272,44.9
272,44.9
272,44.7
272,44.5
272,44.5
272,43.6
272,45.2
272,43.3
272,43.3
273,45.2
273,44.0
273,44.0
273,44.0
273,43.3
273,45.4
273,45.4
273,44.3
273,43.8
273,43.8
274,44.0
274,44.0
274,43.8
274,43.8
274,44.5
274,44.3
274,44.3
274,43.6
274,45.2
274,44.0
275,44.0
275,44.0
275,44.3
275,44.3
275,43.6
275,43.6
275,45.2
275,45.2
275,44.7
275,44.5
276,44.5
276,44.5
276,44.5
276,44.3
276,44.3
276,45.2
276,43.3
276,43.3
276,44.3
276,44.0
277,45.4
277,45.4
277,45.2
277,44.0
277,44.0
277,43.3
277,43.8
277,44.3
277,44.3
278,45.2
278,44.3
278,44.3
278,44.7
278,44.5
278,44.5
278,44.7
278,44.3
278,44.7
278,44.7
278,44.5
278,44.3
279,44.3
279,44.3
279,45.4
279,43.6
279,43.6
279,45.2
279,44.7
279,44.9
279,44.9
280,44.9
280,44.3
280,44.3
280,43.1
280,44.3
280,44.0
280,44.0
280,43.8
280,44.7
280,44.7
281,44.7
281,45.6
281,45.6
281,44.9
281,44.3
281,43.8
281,43.8
281,44.0
281,44.9
281,44.5
282,44.5
282,44.3
282,44.7
282,44.7
282,43.3
282,44.3
282,44.3
282,44.3
282,44.0
282,43.8
283,43.8
283,43.3
283,44.0
283,43.3
283,43.3
283,43.3
283,43.8
283,43.8
283,44.9
283,43.8
284,44.7
284,44.7
284,45.2
284,44.5
284,44.7
284,44.7
284,44.3
284,44.0
284,44.0
284,44.5
285,44.5
285,43.8
285,43.8
285,43.8
285,44.5
285,44.5
285,45.4
285,44.7
285,43.6
285,43.6
286,44.3
286,44.3
286,44.3
286,44.3
286,44.5
286,45.6
286,45.6
286,45.2
286,44.7
286,44.3
287,44.3
287,44.3
287,44.9
287,44.9
287,43.8
287,43.8
287,44.9
287,44.9
287,44.7
287,44.3
288,44.3
288,44.5
288,44.3
288,44.3
288,44.3
288,44.7
288,44.0
288,44.0
288,44.7
288,45.4
289,44.5
289,44.5
289,44.7
289,44.7
289,44.7
289,43.3
289,43.8
289,44.0
289,44.0
290,44.7
290,44.7
290,44.7
290,44.5
290,44.7
290,44.3
290,44.3
290,44.7
290,44.7
290,44.7
291,43.8
291,44.9
291,44.7
291,44.7
291,44.7
291,44.3
291,44.3
291,44.5
291,45.2
291,44.0
291,44.0
292,44.0
292,42.9
292,42.9
292,44.3
292,44.3
292,43.8
292,43.8
292,43.6
292,44.7
292,44.7
293,44.7
293,44.5
293,44.5
293,44.5
293,44.3
293,44.5
293,44.5
293,44.5
293,44.3
293,44.7
294,44.7
294,44.5
294,44.5
294,44.5
294,44.7
294,44.9
294,45.2
294,45.2
294,45.2
294,43.8
295,43.8
295,44.5
295,43.6
295,43.8
295,43.8
295,43.8
295,43.3
295,43.3
295,42.9
295,44.5
296,43.8
296,43.8
296,44.0
296,43.8
296,43.8
296,44.3
296,43.3
296,44.7
296,44.7
297,43.8
297,44.0
297,44.0
297,44.9
297,44.0
297,43.8
297,43.8
297,44.3
297,44.5
297,44.7
298,44.7
298,44.7
298,44.9
298,44.9
298,44.7
298,43.8
298,44.9
298,44.9
298,43.3
298,44.5
298,44.5
299,44.7
299,44.5
299,44.5
299,44.5
299,44.7
299,44.5
299,44.5
299,43.8
299,43.8
299,44.9
300,44.9
300,43.6
300,44.5
300,44.5
300,44.0
300,45.4
300,43.6
300,43.6
300,44.3
300,44.0
301,44.0
301,44.0
301,44.3
301,44.3
301,44.3
301,44.5
301,43.8
301,43.8
301,43.8
302,44.5
302,43.8
302,43.8
302,43.6
302,44.5
302,44.5
302,44.3
302,44.9
302,44.5
302,44.5
303,44.0
303,44.0
303,44.0
303,43.8
303,43.1
303,43.8
303,43.8
303,43.3
303,43.6
303,43.6
304,44.0
304,44.0
304,44.7
304,44.7
304,43.8
304,44.3
304,44.3
304,44.7
304,44.0
304,44.0
304,44.0
305,44.7
305,43.8
305,43.8
305,44.0
305,43.6
305,44.0
305,44.0
305,44.3
305,44.5
305,44.5
306,44.9
306,44.0
306,44.3
306,44.3
306,44.7
306,43.8
306,43.8
306,44.0
306,44.7
306,43.3
307,43.3
307,43.6
307,44.7
307,44.7
307,44.0
307,44.3
307,44.5
307,44.5
307,44.0
307,44.7
308,44.5
308,44.5
308,45.6
308,45.2
308,45.2
308,44.5
308,44.9
308,44.5
308,44.5
309,44.9
309,44.5
309,44.5
309,44.0
309,44.7
309,44.0
309,44.0
309,44.3
309,44.5
309,44.5
310,44.7
310,43.3
310,44.7
310,44.7
310,44.3
310,44.9
310,44.9
310,44.0
310,43.6
310,43.6
311,44.5
311,44.3
311,44.7
311,44.7
311,44.7
311,44.5
311,44.5
311,44.5
311,45.2
311,44.0
311,44.0
312,43.6
312,43.8
312,44.0
312,44.0
312,44.0
312,44.5
312,44.5
312,44.9
312,43.3
312,43.3
313,45.2
313,44.5
313,44.3
313,44.3
313,44.9
313,44.5
313,45.4
313,45.4
313,44.5
313,44.3
314,44.3
314,44.9
314,44.0
314,44.3
314,44.3
314,44.0
314,43.6
314,43.6
314,44.7
315,43.8
315,44.0
315,44.0
315,45.2
315,44.5
315,44.5
315,44.5
315,44.9
315,44.3
315,44.3
316,43.8
316,43.8
316,43.8
316,44.5
316,44.5
316,43.8
316,43.8
316,44.0
316,44.0
316,44.0
317,43.3
317,44.5
317,44.0
317,44.0
317,43.8
317,44.3
317,44.3
317,45.2
317,44.3
317,44.0
318,44.0
318,44.5
318,44.7
318,44.7
318,44.7
318,44.7
318,44.0
318,44.0
318,43.6
318,43.8
319,43.8
319,43.6
319,43.8
319,44.3
319,44.3
319,43.8
319,43.6
319,43.6
319,44.3
319,44.7
319,44.3
320,44.3
320,44.3
320,44.7
320,44.7
320,44.5
320,44.3
320,43.3
320,43.3
320,44.3
320,44.5
321,44.5
321,44.3
321,43.8
321,44.0
321,44.0
321,45.2
321,44.0
321,44.0
321,44.0
322,43.8
322,43.8
322,43.8
322,44.3
322,44.0
322,44.5
322,44.5
322,44.0
322,44.0
322,44.0
323,43.8
323,44.5
323,44.7
323,44.7
323,44.7
323,44.7
323,44.7
323,45.4
323,43.8
323,43.8
324,43.8
324,44.9
324,44.5
324,45.6
324,45.6
324,44.5
324,45.2
324,45.2
324,44.9
324,44.3
325,44.3
325,45.2
325,44.7
325,44.3
325,44.3
325,44.7
325,44.0
325,44.0
325,44.3
325,44.3
325,43.1
326,43.1
326,43.8
326,42.7
326,42.7
326,43.6
326,44.0
326,43.3
326,43.3
326,44.3
326,44.7
327,44.7
327,44.5
327,44.0
327,44.5
327,44.5
327,44.5
327,44.3
327,44.3
327,44.3
328,44.0
328,44.5
328,44.5
328,44.5
328,43.6
328,43.6
328,44.7
328,44.0
328,44.9
328,44.9
329,43.6
329,44.3
329,44.3
329,44.0
329,43.3
329,44.5
329,44.5
329,43.6
329,44.3
329,44.3
330,45.6
330,43.8
330,43.6
330,43.6
330,44.5
330,44.0
330,44.0
330,44.9
330,44.0
330,44.5
331,44.5
331,44.0
331,43.6
331,43.6
331,44.0
331,43.8
331,44.3
331,44.3
331,43.8
331,44.0
332,44.0
332,42.4
332,43.1
332,44.0
332,44.0
332,43.8
332,42.9
332,42.9
332,43.3
333,42.9
333,44.3
333,44.3
333,44.0
333,43.1
333,43.1
333,43.8
333,44.0
333,44.3
333,44.3
333,44.3
333,44.0
334,44.0
334,43.3
334,43.8
334,43.8
334,43.3
334,44.7
334,44.0
334,44.0
334,44.7
335,44.7
335,44.9
335,44.9
335,44.5
335,44.3
335,44.3
335,44.3
335,44.5
335,44.3
335,44.3
336,44.3
336,44.5
336,43.3
336,43.3
336,44.3
336,44.3
336,44.3
336,44.9
336,44.3
336,44.3
337,44.3
337,44.0
337,44.0
337,44.0
337,44.0
337,44.9
337,44.7
337,44.7
337,43.8
337,44.3
338,44.3
338,44.3
338,44.9
338,44.7
338,44.7
338,43.8
338,44.3
338,45.2
338,45.2
338,44.9
338,43.8
339,43.8
339,43.8
339,44.5
339,44.7
339,44.7
339,45.4
339,44.0
339,44.0
339,44.3
339,44.3
340,45.4
340,45.4
340,44.3
340,44.3
340,44.3
340,44.0
340,44.3
340,44.3
340,44.3
341,44.3
341,44.0
341,44.0
341,44.3
341,44.0
341,44.5
341,44.5
341,44.7
341,44.0
341,44.0
342,44.7
342,44.5
342,43.8
342,43.8
342,44.0
342,44.5
342,44.5
342,44.3
342,43.8
342,44.0
343,44.0
343,44.7
343,43.6
343,43.6
343,43.6
343,43.6
343,45.2
343,45.2
343,44.3
343,44.5
344,44.5
344,43.6
344,44.5
344,44.5
344,44.5
344,43.8
344,44.3
344,44.3
344,45.2
345,44.7
345,43.1
345,43.1
345,44.7
345,44.5
345,44.5
345,44.0
345,44.7
345,44.5
345,44.5
345,44.9
345,44.5
346,44.5
346,44.0
346,44.3
346,43.8
346,43.8
346,43.6
346,44.0
346,44.0
346,43.3
347,44.7
347,43.1
347,43.1
347,43.8
347,43.8
347,43.8
347,44.5
347,44.0
347,43.8
347,43.8
348,44.0
348,45.9
348,45.9
348,45.2
348,44.3
348,44.3
348,44.3
348,44.7
348,44.5
348,44.5
349,43.6
349,44.5
349,44.5
349,43.8
349,44.5
349,44.7
349,44.7
349,44.5
349,44.3
349,44.3
350,44.9
350,45.2
350,44.3
350,44.3
350,44.0
350,45.2
350,45.2
350,45.2
350,43.3
350,44.7
351,44.7
351,43.8
351,45.2
351,45.2
351,44.5
351,43.8
351,44.7
351,44.7
351,43.3
351,44.0
352,44.0
352,44.0
352,43.3
352,44.3
352,44.3
352,44.0
352,44.0
352,44.0
352,44.0
353,44.5
353,43.8
353,43.8
353,42.9
353,44.3
353,44.3
353,43.1
353,44.9
353,44.9
353,44.9
354,45.2
354,44.9
354,44.9
354,44.3
354,43.3
354,44.5
354,44.5
354,43.8
354,43.8
354,43.8
354,44.9
355,43.8
355,44.0
355,44.0
355,44.3
355,44.3
355,44.3
355,44.3
355,44.0
355,44.0
355,44.0
356,44.3
356,44.5
356,44.5
356,43.6
356,44.9
356,44.3
356,44.3
356,43.8
356,44.7
356,44.7
357,44.0
357,44.3
357,45.2
357,45.2
357,44.0
357,44.5
357,44.5
357,44.0
357,44.9
357,44.0
358,44.0
358,45.2
358,44.7
358,44.7
358,43.3
358,44.7
358,44.5
358,44.5
358,44.3
358,44.5
359,44.5
359,44.0
359,44.3
359,43.6
359,43.6
359,43.8
359,44.7
359,44.7
359,44.5
360,43.3
360,43.6
360,43.6
360,44.5
360,43.6
360,43.6
360,43.8
360,44.3
360,43.8
360,43.8
361,44.3
361,44.3
361,44.3
361,43.3
361,43.8
361,43.8
361,43.1
361,43.3
361,43.6
361,43.6
362,44.7
362,43.8
362,43.8
362,44.3
362,43.3
362,44.7
362,44.7
362,43.1
362,44.5
362,44.5
363,43.6
363,43.6
363,44.0
363,44.0
363,44.0
363,43.8
363,43.8
363,44.0
363,44.3
363,43.6
363,43.6
364,43.6
364,44.5
364,44.5
364,44.9
364,43.6
364,44.9
364,44.9
364,44.5
364,44.0
364,44.0
365,44.5
365,44.7
365,44.9
365,44.9
365,44.7
365,44.5
365,44.5
365,44.9
365,42.9
365,44.0
366,44.0
366,43.8
366,44.7
366,44.7
366,44.3
366,44.3
366,43.3
366,43.3
366,44.3
366,43.3
367,43.3
367,44.9
367,44.9
367,44.0
367,44.0
367,44.0
367,45.4
367,45.4
367,44.5
367,44.7
368,43.1
368,43.1
368,43.6
368,43.8
368,43.8
368,44.3
368,44.3
368,44.0
368,44.0
369,44.5
369,44.5
369,44.5
369,43.3
