0,0
0,0
0,0.0
0,0.0
0,0.0
0,0.0
0,0.0
0,0.0
0,0.0
0,0.0
0,0.0
1,0.0
1,0.0
1,0.0
1,0.0
1,0.0
1,0.0
1,0.0
1,0.0
1,0.0
1,0.0
2,0.0
2,0.0
2,0.0
2,0.0
2,0.0
2,0.0
2,0.0
2,0.0
2,0.0
3,0.0
3,0.0
3,0.0
3,0.0
3,0.0
3,0.0
3,0.0
3,0.0
3,0.0
3,0.0
3,0.0
3,0.0
4,0.0
4,0.0
4,0.0
4,0.0
4,0.0
4,0.0
4,0.0
4,0.0
4,0.0
5,0.0
5,0.0
5,0.0
5,0.0
5,0.0
5,0.0
5,0.0
5,0.0
5,0.0
5,0.0
6,0.0
6,0.0
6,0.0
6,0.0
6,0.0
6,0.0
6,0.0
6,0.0
6,0.0
6,0.0
7,0.0
7,0.0
7,0.0
7,0.0
7,0.0
7,0.0
7,0.0
7,0.0
7,0.0
7,0.0
8,0.0
8,0.0
8,0.0
8,0.0
8,0.0
8,0.0
8,0.0
8,0.0
8,0.0
8,0.0
9,0.0
9,0.0
9,0.0
9,0.0
9,0.0
9,0.0
9,0.0
9,0.0
9,0.0
9,0.0
9,0.0
10,0.0
10,0.0
10,0.0
10,0.0
10,0.0
10,0.0
10,0.0
10,0.0
10,0.0
11,0.0
11,0.0
11,0.0
11,0.0
11,0.0
11,0.0
11,0.0
11,0.0
11,0.0
11,0.0
12,0.0
12,0.0
12,0.0
12,0.0
12,0.0
12,0.0
12,0.0
12,0.0
12,0.0
12,0.0
13,0.0
13,0.0
13,0.0
13,0.0
13,0.0
13,0.0
13,0.0
13,0.0
13,0.0
13,0.0
14,0.0
14,0.0
14,0.0
14,0.0
14,0.0
14,0.0
14,0.0
14,0.0
14,0.0
14,0.0
15,0.0
15,0.0
15,0.0
15,0.0
15,0.0
15,0.0
15,0.0
15,0.0
15,0.0
16,0.0
16,0.0
16,0.0
16,0.0
16,0.0
16,0.0
16,0.0
16,0.0
16,0.0
16,0.0
17,0.0
17,0.0
17,0.0
17,0.0
17,0.0
17,0.0
17,0.0
17,0.0
17,0.0
17,0.0
17,0.0
18,0.0
18,0.0
18,0.0
18,0.0
18,0.0
18,0.0
18,0.0
18,0.0
18,0.0
18,0.0
19,0.0
19,0.0
19,0.0
19,0.0
19,0.0
19,0.0
19,0.0
19,0.0
19,0.0
19,0.0
20,0.0
20,0.0
20,0.0
20,0.0
20,0.0
20,0.0
20,0.0
20,0.0
20,0.0
20,0.0
21,0.0
21,0.0
21,0.0
21,0.0
21,0.0
21,0.0
21,0.0
21,0.0
21,0.0
21,0.0
22,0.0
22,0.0
22,0.0
22,0.0
22,0.0
22,0.0
22,0.0
22,0.0
22,0.0
22,0.0
23,0.0
23,0.0
23,0.0
23,0.0
23,0.0
23,0.0
23,0.0
23,0.0
23,0.0
24,0.0
24,0.0
24,0.0
24,0.0
24,0.0
24,0.0
24,0.0
24,0.0
24,0.0
24,0.0
25,0.0
25,0.0
25,0.0
25,0.0
25,0.0
25,0.0
25,0.0
25,0.0
25,0.0
25,0.0
26,0.0
26,0.0
26,0.0
26,0.0
26,0.0
26,0.0
26,0.0
26,0.0
26,0.0
26,0.0
26,0.0
27,0.0
27,0.0
27,0.0
27,0.0
27,0.0
27,0.0
27,0.0
27,0.0
27,0.0
27,0.0
28,0.0
28,0.0
28,0.0
28,0.0
28,0.0
28,0.0
28,0.0
28,0.0
28,0.0
28,0.0
29,0.0
29,0.0
29,0.0
29,0.0
29,0.0
29,0.0
29,0.0
29,0.0
29,0.0
29,0.0
30,0.0
30,0.0
30,0.0
30,0.0
30,0.0
30,0.0
30,0.0
30,0.0
30,0.0
31,0.0
31,0.0
31,0.0
31,0.0
31,0.0
31,0.0
31,0.0
31,0.0
31,0.0
31,0.0
32,0.0
32,0.0
32,0.0
32,0.0
32,0.0
32,0.0
32,0.0
32,0.0
32,0.0
32,0.0
32,0.0
33,0.0
33,0.0
33,0.0
33,0.0
33,0.0
33,0.0
33,0.0
33,0.0
33,0.0
33,0.0
34,0.0
34,0.0
34,0.0
34,0.0
34,0.0
34,0.0
34,0.0
34,0.0
34,0.0
34,0.0
35,0.0
35,0.0
35,0.0
35,0.0
35,0.0
35,0.0
35,0.0
35,0.0
35,0.0
35,0.0
36,0.0
36,0.0
36,0.0
36,0.0
36,0.0
36,0.0
36,0.0
36,0.0
36,0.0
37,0.0
37,0.0
37,0.0
37,0.0
37,0.0
37,0.0
37,0.0
37,0.0
37,0.0
37,0.0
38,0.0
38,0.0
38,0.0
38,0.0
38,0.0
38,0.0
38,0.0
38,0.0
38,0.0
38,0.0
39,0.0
39,0.0
39,0.0
39,0.0
39,0.0
39,0.0
39,0.0
39,0.0
39,0.0
39,0.0
39,0.0
40,0.0
40,0.0
40,0.0
40,0.0
40,0.0
40,0.0
40,0.0
40,0.0
40,0.0
40,0.0
41,0.0
41,0.0
41,0.0
41,0.0
41,0.0
41,0.0
41,0.0
41,0.0
41,0.0
41,0.0
42,0.0
42,0.0
42,0.0
42,0.0
42,0.0
42,0.0
42,0.0
42,0.0
42,0.0
42,0.0
43,0.0
43,0.0
43,0.0
43,0.0
43,0.0
43,0.0
43,0.0
43,0.0
43,0.0
43,0.0
44,0.0
44,0.0
44,0.0
44,0.0
44,0.0
44,0.0
44,0.0
44,0.0
44,0.0
45,0.0
45,0.0
45,0.0
45,0.0
45,0.0
45,0.0
45,0.0
45,0.0
45,0.0
45,0.0
46,0.0
46,0.0
46,0.0
46,0.0
46,0.0
46,0.0
46,0.0
46,0.0
46,0.0
46,0.0
47,0.0
47,0.0
47,0.0
47,0.0
47,0.0
47,0.0
47,0.0
47,0.0
47,0.0
47,0.0
47,0.0
48,0.0
48,0.0
48,0.0
48,0.0
48,0.0
48,0.0
48,0.0
48,0.0
48,0.0
48,0.0
49,0.0
49,0.0
49,0.0
49,0.0
49,0.0
49,0.0
49,0.0
49,0.0
49,0.0
49,0.0
50,0.0
50,0.0
50,0.0
50,0.0
50,0.0
50,0.0
50,0.0
50,0.0
50,0.0
50,0.0
51,0.0
51,0.0
51,0.0
51,0.0
51,0.0
51,0.0
51,0.0
51,0.0
51,0.0
52,0.0
52,0.0
52,0.0
52,0.0
52,0.0
52,0.0
52,0.0
52,0.0
52,0.0
52,0.0
52,0.0
53,0.0
53,0.0
53,0.0
53,0.0
53,0.0
53,0.0
53,0.0
53,0.0
53,0.0
53,0.0
54,0.0
54,0.0
54,0.0
54,0.0
54,0.0
54,0.0
54,0.0
54,0.0
54,0.0
54,0.0
55,0.0
55,0.0
55,0.0
55,0.0
55,0.0
55,0.0
55,0.0
55,0.0
55,0.0
56,0.0
56,0.0
56,0.0
56,0.0
56,0.0
56,0.0
56,0.0
56,0.0
56,0.0
56,0.0
57,0.0
57,0.0
57,0.0
57,0.0
57,0.0
57,0.0
57,0.0
57,0.0
57,0.0
57,0.0
58,0.0
58,0.0
58,0.0
58,0.0
58,0.0
58,0.0
58,0.0
58,0.0
58,0.0
58,0.0
59,0.0
59,0.0
59,0.0
59,0.0
59,0.0
59,0.0
59,0.0
59,0.0
59,0.0
59,0.0
60,0.0
60,0.0
60,0.0
60,0.0
60,0.0
60,0.0
60,0.0
60,0.0
60,0.0
60,0.0
60,0.0
61,0.0
61,0.0
61,0.0
61,0.0
61,0.0
61,0.0
61,0.0
61,0.0
61,0.0
61,0.0
62,0.0
62,0.0
62,0.0
62,0.0
62,0.0
62,0.0
62,0.0
62,0.0
62,0.0
63,0.0
63,0.0
63,0.0
63,0.0
63,0.0
63,0.0
63,0.0
63,0.0
63,0.0
63,0.0
64,0.0
64,0.0
64,0.0
64,0.0
64,0.0
64,0.0
64,0.0
64,0.0
64,0.0
64,0.0
65,0.0
65,0.0
65,0.0
65,0.0
65,0.0
65,0.0
65,0.0
65,0.0
65,0.0
65,0.0
66,0.0
66,0.0
66,0.0
66,0.0
66,0.0
66,0.0
66,0.0
66,0.0
66,0.0
66,0.0
67,0.0
67,0.0
67,0.0
67,0.0
67,0.0
67,0.0
67,0.0
67,0.0
67,0.0
67,0.0
68,0.0
68,0.0
68,0.0
68,0.0
68,0.0
68,0.0
68,0.0
68,0.0
68,0.0
68,0.0
68,0.0
69,0.0
69,0.0
69,0.0
69,0.0
69,0.0
69,0.0
69,0.0
69,0.0
69,0.0
69,0.0
70,0.0
70,0.0
70,0.0
70,0.0
70,0.0
70,0.0
70,0.0
70,0.0
70,0.0
70,0.0
71,0.0
71,0.0
71,0.0
71,0.0
71,0.0
71,0.0
71,0.0
71,0.0
71,0.0
72,0.0
72,0.0
72,0.0
72,0.0
72,0.0
72,0.0
72,0.0
72,0.0
72,0.0
72,0.0
73,0.0
73,0.0
73,0.0
73,0.0
73,0.0
73,0.0
73,0.0
73,0.0
73,0.0
73,0.0
74,0.0
74,0.0
74,0.0
74,0.0
74,0.0
74,0.0
74,0.0
74,0.0
74,0.0
74,0.0
74,0.0
75,0.0
75,0.0
75,0.0
75,0.0
75,0.0
75,0.0
75,0.0
75,0.0
75,0.0
76,0.0
76,0.0
76,0.0
76,0.0
76,0.0
76,0.0
76,0.0
76,0.0
76,0.0
76,0.0
77,0.0
77,0.0
77,0.0
77,0.0
77,0.0
77,0.0
77,0.0
77,0.0
77,0.0
77,0.0
78,0.0
78,0.0
78,0.0
78,0.0
78,0.0
78,0.0
78,0.0
78,0.0
78,0.0
78,0.0
79,0.0
79,0.0
79,0.0
79,0.0
79,0.0
79,0.0
79,0.0
79,0.0
79,0.0
80,0.0
80,0.0
80,0.0
80,0.0
80,0.0
80,0.0
80,0.0
80,0.0
80,0.0
80,0.0
80,0.0
80,0.0
81,0.0
81,0.0
81,0.0
81,0.0
81,0.0
81,0.0
81,0.0
81,0.0
81,0.0
82,0.0
82,0.0
82,0.0
82,0.0
82,0.0
82,0.0
82,0.0
82,0.0
82,0.0
82,0.0
83,0.0
83,0.0
83,0.0
83,0.0
83,0.0
83,0.0
83,0.0
83,0.0
83,0.0
83,0.0
84,0.0
84,0.0
84,0.0
84,0.0
84,0.0
84,0.0
84,0.0
84,0.0
84,0.0
84,0.0
85,0.0
85,0.0
85,0.0
85,0.0
85,0.0
85,0.0
85,0.0
85,0.0
85,0.0
86,0.0
86,0.0
86,0.0
86,0.0
86,0.0
86,0.0
86,0.0
86,0.0
86,0.0
86,0.0
86,0.0
87,0.0
87,0.0
87,0.0
87,0.0
87,0.0
87,0.0
87,0.0
87,0.0
87,0.0
87,0.0
88,0.0
88,0.0
88,0.0
88,0.0
88,0.0
88,0.0
88,0.0
88,0.0
88,0.0
88,0.0
89,0.0
89,0.0
89,0.0
89,0.0
89,0.0
89,0.0
89,0.0
89,0.0
89,0.0
89,0.0
90,0.0
90,0.0
90,0.0
90,0.0
90,0.0
90,0.0
90,0.0
90,0.0
90,0.0
90,0.0
91,0.0
91,0.0
91,0.0
91,0.0
91,0.0
91,0.0
91,0.0
91,0.0
91,0.0
92,0.0
92,0.0
92,0.0
92,0.0
92,0.0
92,0.0
92,0.0
92,0.0
92,0.0
92,0.0
93,0.0
93,0.0
93,0.0
93,0.0
93,0.0
93,0.0
93,0.0
93,0.0
93,0.0
93,0.0
94,0.0
94,0.0
94,0.0
94,0.0
94,0.0
94,0.0
94,0.0
94,0.0
94,0.0
94,0.0
94,0.0
95,0.0
95,0.0
95,0.0
95,0.0
95,0.0
95,0.0
95,0.0
95,0.0
95,0.0
95,0.0
96,0.0
96,0.0
96,0.0
96,0.0
96,0.0
96,0.0
96,0.0
96,0.0
96,0.0
96,0.0
97,0.0
97,0.0
97,0.0
97,0.0
97,0.0
97,0.0
97,0.0
97,0.0
97,0.0
97,0.0
98,0.0
98,0.0
98,0.0
98,0.0
98,0.0
98,0.0
98,0.0
98,0.0
98,0.0
99,0.0
99,0.0
99,0.0
99,0.0
99,0.0
99,0.0
99,0.0
99,0.0
99,0.0
99,0.0
100,0.0
100,0.0
100,0.0
100,0.0
100,0.0
100,0.0
100,0.0
100,0.0
100,0.0
100,0.0
101,0.0
101,0.0
101,0.0
101,0.0
101,0.0
101,0.0
101,0.0
101,0.0
101,0.0
101,0.0
102,0.0
102,0.0
102,0.0
102,0.0
102,0.0
102,0.0
102,0.0
102,0.0
102,0.0
102,0.0
102,0.0
103,0.0
103,0.0
103,0.0
103,0.0
103,0.0
103,0.0
103,0.0
103,0.0
103,0.0
103,0.0
104,0.0
104,0.0
104,0.0
104,0.0
104,0.0
104,0.0
104,0.0
104,0.0
104,0.0
104,0.0
105,0.0
105,0.0
105,0.0
105,0.0
105,0.0
105,0.0
105,0.0
105,0.0
105,0.0
106,0.0
106,0.0
106,0.0
106,0.0
106,0.0
106,0.0
106,0.0
106,0.0
106,0.0
106,0.0
107,0.0
107,0.0
107,0.0
107,0.0
107,0.0
107,0.0
107,0.0
107,0.0
107,0.0
107,0.0
108,0.0
108,0.0
108,0.0
108,0.0
108,0.0
108,0.0
108,0.0
108,0.0
108,0.0
108,0.0
109,0.0
109,0.0
109,0.0
109,0.0
109,0.0
109,0.0
109,0.0
109,0.0
109,0.0
109,0.0
110,0.0
110,0.0
110,0.0
110,0.0
110,0.0
110,0.0
110,0.0
110,0.0
110,0.0
110,0.0
111,0.0
111,0.0
111,0.0
111,0.0
111,0.0
111,0.0
111,0.0
111,0.0
111,0.0
111,0.0
111,0.0
112,0.0
112,0.0
112,0.0
112,0.0
112,0.0
112,0.0
112,0.0
112,0.0
112,0.0
112,0.0
113,0.0
113,0.0
113,0.0
113,0.0
113,0.0
113,0.0
113,0.0
113,0.0
113,0.0
114,0.0
114,0.0
114,0.0
114,0.0
114,0.0
114,0.0
114,0.0
114,0.0
114,0.0
114,0.0
115,0.0
115,0.0
115,0.0
115,0.0
115,0.0
115,0.0
115,0.0
115,0.0
115,0.0
115,0.0
116,0.0
116,0.0
116,0.0
116,0.0
116,0.0
116,0.0
116,0.0
116,0.0
116,0.0
116,0.0
116,0.0
117,0.0
117,0.0
117,0.0
117,0.0
117,0.0
117,0.0
117,0.0
117,0.0
117,0.0
117,0.0
118,0.0
118,0.0
118,0.0
118,0.0
118,0.0
118,0.0
118,0.0
118,0.0
118,0.0
118,0.0
119,0.0
119,0.0
119,0.0
119,0.0
119,0.0
119,0.0
119,0.0
119,0.0
119,0.0
119,0.0
120,0.0
120,0.0
120,0.0
120,0.0
120,0.0
120,0.0
120,0.0
120,0.0
120,0.0
121,0.0
121,0.0
121,0.0
121,0.0
121,0.0
121,0.0
121,0.0
121,0.0
121,0.0
121,0.0
122,0.0
122,0.0
122,0.0
122,0.0
122,0.0
122,0.0
122,0.0
122,0.0
122,0.0
122,0.0
123,0.0
123,0.0
123,0.0
123,0.0
123,0.0
123,0.0
123,0.0
123,0.0
123,0.0
123,0.0
124,0.0
124,0.0
124,0.0
124,0.0
124,0.0
124,0.0
124,0.0
124,0.0
124,0.0
124,0.0
124,0.0
125,0.0
125,0.0
125,0.0
125,0.0
125,0.0
125,0.0
125,0.0
125,0.0
125,0.0
126,0.0
126,0.0
126,0.0
126,0.0
126,0.0
126,0.0
126,0.0
126,0.0
126,0.0
126,0.0
127,0.0
127,0.0
127,0.0
127,0.0
127,0.0
127,0.0
127,0.0
127,0.0
127,0.0
127,0.0
128,0.0
128,0.0
128,0.0
128,0.0
128,0.0
128,0.0
128,0.0
128,0.0
128,0.0
128,0.0
129,0.0
129,0.0
129,0.0
129,0.0
129,0.0
129,0.0
129,0.0
129,0.0
129,0.0
130,0.0
130,0.0
130,0.0
130,0.0
130,0.0
130,0.0
130,0.0
130,0.0
130,0.0
130,0.0
130,0.0
130,0.0
131,0.0
131,0.0
131,0.0
131,0.0
131,0.0
131,0.0
131,0.0
131,0.0
131,0.0
132,0.0
132,0.0
132,0.0
132,0.0
132,0.0
132,0.0
132,0.0
132,0.0
132,0.0
132,0.0
133,0.0
133,0.0
133,0.0
133,0.0
133,0.0
133,0.0
133,0.0
133,0.0
133,0.0
133,0.0
134,0.0
134,0.0
134,0.0
134,0.0
134,0.0
134,0.0
134,0.0
134,0.0
134,0.0
134,0.0
135,0.0
135,0.0
135,0.0
135,0.0
135,0.0
135,0.0
135,0.0
135,0.0
135,0.0
136,0.0
136,0.0
136,0.0
136,0.0
136,0.0
136,0.0
136,0.0
136,0.0
136,0.0
136,0.0
137,0.0
137,0.0
137,0.0
137,0.0
137,0.0
137,0.0
137,0.0
137,0.0
137,0.0
137,0.0
138,0.0
138,0.0
138,0.0
138,0.0
138,0.0
138,0.0
138,0.0
138,0.0
138,0.0
138,0.0
138,0.0
139,0.0
139,0.0
139,0.0
139,0.0
139,0.0
139,0.0
139,0.0
139,0.0
139,0.0
139,0.0
140,0.0
140,0.0
140,0.0
140,0.0
140,0.0
140,0.0
140,0.0
140,0.0
140,0.0
140,0.0
141,0.0
141,0.0
141,0.0
141,0.0
141,0.0
141,0.0
141,0.0
141,0.0
141,0.0
141,0.0
142,0.0
142,0.0
142,0.0
142,0.0
142,0.0
142,0.0
142,0.0
142,0.0
142,0.0
142,0.0
143,0.0
143,0.0
143,0.0
143,0.0
143,0.0
143,0.0
143,0.0
143,0.0
143,0.0
144,0.0
144,0.0
144,0.0
144,0.0
144,0.0
144,0.0
144,0.0
144,0.0
144,0.0
144,0.0
145,0.0
145,0.0
145,0.0
145,0.0
145,0.0
145,0.0
145,0.0
145,0.0
145,0.0
145,0.0
146,0.0
146,0.0
146,0.0
146,0.0
146,0.0
146,0.0
146,0.0
146,0.0
146,0.0
146,0.0
146,0.0
147,0.0
147,0.0
147,0.0
147,0.0
147,0.0
147,0.0
147,0.0
147,0.0
147,0.0
147,0.0
148,0.0
148,0.0
148,0.0
148,0.0
148,0.0
148,0.0
148,0.0
148,0.0
148,0.0
148,0.0
149,0.0
149,0.0
149,0.0
149,0.0
149,0.0
149,0.0
149,0.0
149,0.0
149,0.0
149,0.0
150,0.0
150,0.0
150,0.0
150,0.0
150,0.0
150,0.0
150,0.0
150,0.0
150,0.0
150,0.0
151,0.0
151,0.0
151,0.0
151,0.0
151,0.0
151,0.0
151,0.0
151,0.0
151,0.0
152,0.0
152,0.0
152,0.0
152,0.0
152,0.0
152,0.0
152,0.0
152,0.0
152,0.0
152,0.0
153,0.0
153,0.0
153,0.0
153,0.0
153,0.0
153,0.0
153,0.0
153,0.0
153,0.0
153,0.0
154,0.0
154,0.0
154,0.0
154,0.0
154,0.0
154,0.0
154,0.0
154,0.0
154,0.0
154,0.0
154,0.0
155,0.0
155,0.0
155,0.0
155,0.0
155,0.0
155,0.0
155,0.0
155,0.0
155,0.0
155,0.0
156,0.0
156,0.0
156,0.0
156,0.0
156,0.0
156,0.0
156,0.0
156,0.0
156,0.0
156,0.0
157,0.0
157,0.0
157,0.0
157,0.0
157,0.0
157,0.0
157,0.0
157,0.0
157,0.0
158,0.0
158,0.0
158,0.0
158,0.0
158,0.0
158,0.0
158,0.0
158,0.0
158,0.0
158,0.0
159,0.0
159,0.0
159,0.0
159,0.0
159,0.0
159,0.0
159,0.0
159,0.0
159,0.0
159,0.0
160,0.0
160,0.0
160,0.0
160,0.0
160,0.0
160,0.0
160,0.0
160,0.0
160,0.0
160,0.0
161,0.0
161,0.0
161,0.0
161,0.0
161,0.0
161,0.0
161,0.0
161,0.0
161,0.0
161,0.0
162,0.0
162,0.0
162,0.0
162,0.0
162,0.0
162,0.0
162,0.0
162,0.0
162,0.0
162,0.0
162,0.0
163,0.0
163,0.0
163,0.0
163,0.0
163,0.0
163,0.0
163,0.0
163,0.0
163,0.0
163,0.0
164,0.0
164,0.0
164,0.0
164,0.0
164,0.0
164,0.0
164,0.0
164,0.0
164,0.0
165,0.0
165,0.0
165,0.0
165,0.0
165,0.0
165,0.0
165,0.0
165,0.0
165,0.0
165,0.0
166,0.0
166,0.0
166,0.0
166,0.0
166,0.0
166,0.0
166,0.0
166,0.0
166,0.0
166,0.0
167,0.0
167,0.0
167,0.0
167,0.0
167,0.0
167,0.0
167,0.0
167,0.0
167,0.0
167,0.0
168,0.0
168,0.0
168,0.0
168,0.0
168,0.0
168,0.0
168,0.0
168,0.0
168,0.0
168,0.0
169,0.0
169,0.0
169,0.0
169,0.0
169,0.0
169,0.0
169,0.0
169,0.0
169,0.0
169,0.0
170,0.0
170,0.0
170,0.0
170,0.0
170,0.0
170,0.0
170,0.0
170,0.0
170,0.0
170,0.0
170,0.0
171,0.0
171,0.0
171,0.0
171,0.0
171,0.0
171,0.0
171,0.0
171,0.0
171,0.0
171,0.0
172,0.0
172,0.0
172,0.0
172,0.0
172,0.0
172,0.0
172,0.0
172,0.0
172,0.0
172,0.0
173,0.0
173,0.0
173,0.0
173,0.0
173,0.0
173,0.0
173,0.0
173,0.0
173,0.0
174,0.0
174,0.0
174,0.0
174,0.0
174,0.0
174,0.0
174,0.0
174,0.0
174,0.0
174,0.0
175,0.0
175,0.0
175,0.0
175,0.0
175,0.0
175,0.0
175,0.0
175,0.0
175,0.0
175,0.0
176,0.0
176,0.0
176,0.0
176,0.0
176,0.0
176,0.0
176,0.0
176,0.0
176,0.0
176,0.0
177,0.0
177,0.0
177,0.0
177,0.0
177,0.0
177,0.0
177,0.0
177,0.0
177,0.0
177,0.0
178,0.0
178,0.0
178,0.0
178,0.0
178,0.0
178,0.0
178,0.0
178,0.0
178,0.0
179,0.0
179,0.0
179,0.0
179,0.0
179,0.0
179,0.0
179,0.0
179,0.0
179,0.0
179,0.0
179,0.0
179,0.0
180,0.0
180,0.0
180,0.0
180,0.0
180,0.0
180,0.0
180,0.0
180,0.0
180,0.0
181,0.0
181,0.0
181,0.0
181,0.0
181,0.0
181,0.0
181,0.0
181,0.0
181,0.0
181,0.0
182,0.0
182,0.0
182,0.0
182,0.0
182,0.0
182,0.0
182,0.0
182,0.0
182,0.0
182,0.0
183,0.0
183,0.0
183,0.0
183,0.0
183,0.0
183,0.0
183,0.0
183,0.0
183,0.0
183,0.0
184,0.0
184,0.0
184,0.0
184,0.0
184,0.0
184,0.0
184,0.0
184,0.0
184,0.0
184,0.0
185,0.0
185,0.0
185,0.0
185,0.0
185,0.0
185,0.0
185,0.0
185,0.0
185,0.0
186,0.0
186,0.0
186,0.0
186,0.0
186,0.0
186,0.0
186,0.0
186,0.0
186,0.0
186,0.0
187,0.0
187,0.0
187,0.0
187,0.0
187,0.0
187,0.0
187,0.0
187,0.0
187,0.0
187,0.0
187,0.0
188,0.0
188,0.0
188,0.0
188,0.0
188,0.0
188,0.0
188,0.0
188,0.0
188,0.0
188,0.0
189,0.0
189,0.0
189,0.0
189,0.0
189,0.0
189,0.0
189,0.0
189,0.0
189,0.0
189,0.0
190,0.0
190,0.0
190,0.0
190,0.0
190,0.0
190,0.0
190,0.0
190,0.0
190,0.0
191,0.0
191,0.0
191,0.0
191,0.0
191,0.0
191,0.0
191,0.0
191,0.0
191,0.0
191,0.0
191,0.0
192,0.0
192,0.0
192,0.0
192,0.0
192,0.0
192,0.0
192,0.0
192,0.0
192,0.0
192,0.0
193,0.0
193,0.0
193,0.0
193,0.0
193,0.0
193,0.0
193,0.0
193,0.0
193,0.0
193,0.0
194,0.0
194,0.0
194,0.0
194,0.0
194,0.0
194,0.0
194,0.0
194,0.0
194,0.0
194,0.0
195,0.0
195,0.0
195,0.0
195,0.0
195,0.0
195,0.0
195,0.0
195,0.0
195,0.0
196,0.0
196,0.0
196,0.0
196,0.0
196,0.0
196,0.0
196,0.0
196,0.0
196,0.0
196,0.0
197,0.0
197,0.0
197,0.0
197,0.0
197,0.0
197,0.0
197,0.0
197,0.0
197,0.0
197,0.0
197,0.0
198,0.0
198,0.0
198,0.0
198,0.0
198,0.0
198,0.0
198,0.0
198,0.0
198,0.0
198,0.0
199,0.0
199,0.0
199,0.0
199,0.0
199,0.0
199,0.0
199,0.0
199,0.0
199,0.0
199,0.0
200,0.0
200,0.0
200,0.0
200,0.0
200,0.0
200,0.0
200,0.0
200,0.0
200,0.0
200,0.0
201,0.0
201,0.0
201,0.0
201,0.0
201,0.0
201,0.0
201,0.0
201,0.0
201,0.0
202,0.0
202,0.0
202,0.0
202,0.0
202,0.0
202,0.0
202,0.0
202,0.0
202,0.0
202,0.0
203,0.0
203,0.0
203,0.0
203,0.0
203,0.0
203,0.0
203,0.0
203,0.0
203,0.0
203,0.0
204,0.0
204,0.0
204,0.0
204,0.0
204,0.0
204,0.0
204,0.0
204,0.0
204,0.0
204,0.0
204,0.0
205,0.0
205,0.0
205,0.0
205,0.0
205,0.0
205,0.0
205,0.0
205,0.0
205,0.0
205,0.0
206,0.0
206,0.0
206,0.0
206,0.0
206,0.0
206,0.0
206,0.0
206,0.0
206,0.0
206,0.0
207,0.0
207,0.0
207,0.0
207,0.0
207,0.0
207,0.0
207,0.0
207,0.0
207,0.0
207,0.0
208,0.0
208,0.0
208,0.0
208,0.0
208,0.0
208,0.0
208,0.0
208,0.0
208,0.0
208,0.0
209,0.0
209,0.0
209,0.0
209,0.0
209,0.0
209,0.0
209,0.0
209,0.0
209,0.0
210,0.0
210,0.0
210,0.0
210,0.0
210,0.0
210,0.0
210,0.0
210,0.0
210,0.0
210,0.0
211,0.0
211,0.0
211,0.0
211,0.0
211,0.0
211,0.0
211,0.0
211,0.0
211,0.0
211,0.0
212,0.0
212,0.0
212,0.0
212,0.0
212,0.0
212,0.0
212,0.0
212,0.0
212,0.0
212,0.0
212,0.0
213,0.0
213,0.0
213,0.0
213,0.0
213,0.0
213,0.0
213,0.0
213,0.0
213,0.0
213,0.0
214,0.0
214,0.0
214,0.0
214,0.0
214,0.0
214,0.0
214,0.0
214,0.0
214,0.0
214,0.0
215,0.0
215,0.0
215,0.0
215,0.0
215,0.0
215,0.0
215,0.0
215,0.0
215,0.0
215,0.0
216,0.0
216,0.0
216,0.0
216,0.0
216,0.0
216,0.0
216,0.0
216,0.0
216,0.0
217,0.0
217,0.0
217,0.0
217,0.0
217,0.0
217,0.0
217,0.0
217,0.0
217,0.0
217,0.0
218,0.0
218,0.0
218,0.0
218,0.0
218,0.0
218,0.0
218,0.0
218,0.0
218,0.0
218,0.0
219,0.0
219,0.0
219,0.0
219,0.0
219,0.0
219,0.0
219,0.0
219,0.0
219,0.0
219,0.0
219,0.0
220,0.0
220,0.0
220,0.0
220,0.0
220,0.0
220,0.0
220,0.0
220,0.0
220,0.0
220,0.0
221,0.0
221,0.0
221,0.0
221,0.0
221,0.0
221,0.0
221,0.0
221,0.0
221,0.0
221,0.0
222,0.0
222,0.0
222,0.0
222,0.0
222,0.0
222,0.0
222,0.0
222,0.0
222,0.0
222,0.0
223,0.0
223,0.0
223,0.0
223,0.0
223,0.0
223,0.0
223,0.0
223,0.0
223,0.0
224,0.0
224,0.0
224,0.0
224,0.0
224,0.0
224,0.0
224,0.0
224,0.0
224,0.0
224,0.0
225,0.0
225,0.0
225,0.0
225,0.0
225,0.0
225,0.0
225,0.0
225,0.0
225,0.0
225,0.0
226,0.0
226,0.0
226,0.0
226,0.0
226,0.0
226,0.0
226,0.0
226,0.0
226,0.0
226,0.0
227,0.0
227,0.0
227,0.0
227,0.0
227,0.0
227,0.0
227,0.0
227,0.0
227,0.0
227,0.0
228,0.0
228,0.0
228,0.0
228,0.0
228,0.0
228,0.0
228,0.0
228,0.0
228,0.0
228,0.0
228,0.0
229,0.0
229,0.0
229,0.0
229,0.0
229,0.0
229,0.0
229,0.0
229,0.0
229,0.0
229,0.0
230,0.0
230,0.0
230,0.0
230,0.0
230,0.0
230,0.0
230,0.0
230,0.0
230,0.0
230,0.0
231,0.0
231,0.0
231,0.0
231,0.0
231,0.0
231,0.0
231,0.0
231,0.0
231,0.0
231,0.0
232,0.0
232,0.0
232,0.0
232,0.0
232,0.0
232,0.0
232,0.0
232,0.0
232,0.0
233,0.0
233,0.0
233,0.0
233,0.0
233,0.0
233,0.0
233,0.0
233,0.0
233,0.0
233,0.0
234,0.0
234,0.0
234,0.0
234,0.0
234,0.0
234,0.0
234,0.0
234,0.0
234,0.0
234,0.0
235,0.0
235,0.0
235,0.0
235,0.0
235,0.0
235,0.0
235,0.0
235,0.0
235,0.0
235,0.0
235,0.0
236,0.0
236,0.0
236,0.0
236,0.0
236,0.0
236,0.0
236,0.0
236,0.0
236,0.0
236,0.0
237,0.0
237,0.0
237,0.0
237,0.0
237,0.0
237,0.0
237,0.0
237,0.0
237,0.0
237,0.0
238,0.0
238,0.0
238,0.0
238,0.0
238,0.0
238,0.0
238,0.0
238,0.0
238,0.0
238,0.0
239,0.0
239,0.0
239,0.0
239,0.0
239,0.0
239,0.0
239,0.0
239,0.0
239,0.0
239,0.0
240,0.0
240,0.0
240,0.0
240,0.0
240,0.0
240,0.0
240,0.0
240,0.0
240,0.0
241,0.0
241,0.0
241,0.0
241,0.0
241,0.0
241,0.0
241,0.0
241,0.0
241,0.0
241,0.0
242,0.0
242,0.0
242,0.0
242,0.0
242,0.0
242,0.0
242,0.0
242,0.0
242,0.0
242,0.0
242,0.0
243,0.0
243,0.0
243,0.0
243,0.0
243,0.0
243,0.0
243,0.0
243,0.0
243,0.0
243,0.0
244,0.0
244,0.0
244,0.0
244,0.0
244,0.0
244,0.0
244,0.0
244,0.0
244,0.0
244,0.0
245,0.0
245,0.0
245,0.0
245,0.0
245,0.0
245,0.0
245,0.0
245,0.0
245,0.0
246,0.0
246,0.0
246,0.0
246,0.0
246,0.0
246,0.0
246,0.0
246,0.0
246,0.0
246,0.0
247,0.0
247,0.0
247,0.0
247,0.0
247,0.0
247,0.0
247,0.0
247,0.0
247,0.0
247,0.0
248,0.0
248,0.0
248,0.0
248,0.0
248,0.0
248,0.0
248,0.0
248,0.0
248,0.0
248,0.0
249,0.0
249,0.0
249,0.0
249,0.0
249,0.0
249,0.0
249,0.0
249,0.0
249,0.0
249,0.0
249,0.0
250,0.0
250,0.0
250,0.0
250,0.0
250,0.0
250,0.0
250,0.0
250,0.0
250,0.0
250,0.0
251,0.0
251,0.0
251,0.0
251,0.0
251,0.0
251,0.0
251,0.0
251,0.0
251,0.0
251,0.0
252,0.0
252,0.0
252,0.0
252,0.0
252,0.0
252,0.0
252,0.0
252,0.0
252,0.0
253,0.0
253,0.0
253,0.0
253,0.0
253,0.0
253,0.0
253,0.0
253,0.0
253,0.0
253,0.0
254,0.0
254,0.0
254,0.0
254,0.0
254,0.0
254,0.0
254,0.0
254,0.0
254,0.0
254,0.0
255,0.0
255,0.0
255,0.0
255,0.0
255,0.0
255,0.0
255,0.0
255,0.0
255,0.0
255,0.0
255,0.0
256,0.0
256,0.0
256,0.0
256,0.0
256,0.0
256,0.0
256,0.0
256,0.0
256,0.0
256,0.0
257,0.0
257,0.0
257,0.0
257,0.0
257,0.0
257,0.0
257,0.0
257,0.0
257,0.0
257,0.0
258,0.0
258,0.0
258,0.0
258,0.0
258,0.0
258,0.0
258,0.0
258,0.0
258,0.0
259,0.0
259,0.0
259,0.0
259,0.0
259,0.0
259,0.0
259,0.0
259,0.0
259,0.0
259,0.0
260,0.0
260,0.0
260,0.0
260,0.0
260,0.0
260,0.0
260,0.0
260,0.0
260,0.0
260,0.0
261,0.0
261,0.0
261,0.0
261,0.0
261,0.0
261,0.0
261,0.0
261,0.0
261,0.0
261,0.0
262,0.0
262,0.0
262,0.0
262,0.0
262,0.0
262,0.0
262,0.0
262,0.0
262,0.0
262,0.0
262,0.0
263,0.0
263,0.0
263,0.0
263,0.0
263,0.0
263,0.0
263,0.0
263,0.0
263,0.0
263,0.0
264,0.0
264,0.0
264,0.0
264,0.0
264,0.0
264,0.0
264,0.0
264,0.0
264,0.0
265,0.0
265,0.0
265,0.0
265,0.0
265,0.0
265,0.0
265,0.0
265,0.0
265,0.0
265,0.0
266,0.0
266,0.0
266,0.0
266,0.0
266,0.0
266,0.0
266,0.0
266,0.0
266,0.0
266,0.0
267,0.0
267,0.0
267,0.0
267,0.0
267,0.0
267,0.0
267,0.0
267,0.0
267,0.0
267,0.0
268,0.0
268,0.0
268,0.0
268,0.0
268,0.0
268,0.0
268,0.0
268,0.0
268,0.0
269,0.0
269,0.0
269,0.0
269,0.0
269,0.0
269,0.0
269,0.0
269,0.0
269,0.0
269,0.0
269,0.0
269,0.0
270,0.0
270,0.0
270,0.0
270,0.0
270,0.0
270,0.0
270,0.0
270,0.0
270,0.0
271,0.0
271,0.0
271,0.0
271,0.0
271,0.0
271,0.0
271,0.0
271,0.0
271,0.0
271,0.0
272,0.0
272,0.0
272,0.0
272,0.0
272,0.0
272,0.0
272,0.0
272,0.0
272,0.0
272,0.0
273,0.0
273,0.0
273,0.0
273,0.0
273,0.0
273,0.0
273,0.0
273,0.0
273,0.0
273,0.0
274,0.0
274,0.0
274,0.0
274,0.0
274,0.0
274,0.0
274,0.0
274,0.0
274,0.0
274,0.0
275,0.0
275,0.0
275,0.0
275,0.0
275,0.0
275,0.0
275,0.0
275,0.0
275,0.0
276,0.0
276,0.0
276,0.0
276,0.0
276,0.0
276,0.0
276,0.0
276,0.0
276,0.0
276,0.0
276,0.0
276,0.0
277,0.0
277,0.0
277,0.0
277,0.0
277,0.0
277,0.0
277,0.0
277,0.0
277,0.0
278,0.0
278,0.0
278,0.0
278,0.0
278,0.0
278,0.0
278,0.0
278,0.0
278,0.0
278,0.0
279,0.0
279,0.0
279,0.0
279,0.0
279,0.0
279,0.0
279,0.0
279,0.0
279,0.0
280,0.0
280,0.0
280,0.0
280,0.0
280,0.0
280,0.0
280,0.0
280,0.0
280,0.0
280,0.0
280,0.0
281,0.0
281,0.0
281,0.0
281,0.0
281,0.0
281,0.0
281,0.0
281,0.0
281,0.0
281,0.0
282,0.0
282,0.0
282,0.0
282,0.0
282,0.0
282,0.0
282,0.0
282,0.0
282,0.0
282,0.0
283,0.0
283,0.0
283,0.0
283,0.0
283,0.0
283,0.0
283,0.0
283,0.0
283,0.0
283,0.0
284,0.0
284,0.0
284,0.0
284,0.0
284,0.0
284,0.0
284,0.0
284,0.0
284,0.0
284,0.0
285,0.0
285,0.0
285,0.0
285,0.0
285,0.0
285,0.0
285,0.0
285,0.0
285,0.0
286,0.0
286,0.0
286,0.0
286,0.0
286,0.0
286,0.0
286,0.0
286,0.0
286,0.0
286,0.0
287,0.0
287,0.0
287,0.0
287,0.0
287,0.0
287,0.0
287,0.0
287,0.0
287,0.0
287,0.0
287,0.0
288,0.0
288,0.0
288,0.0
288,0.0
288,0.0
288,0.0
288,0.0
288,0.0
288,0.0
288,0.0
289,0.0
289,0.0
289,0.0
289,0.0
289,0.0
289,0.0
289,0.0
289,0.0
289,0.0
289,0.0
290,0.0
290,0.0
290,0.0
290,0.0
290,0.0
290,0.0
290,0.0
290,0.0
290,0.0
290,0.0
291,0.0
291,0.0
291,0.0
291,0.0
291,0.0
291,0.0
291,0.0
291,0.0
291,0.0
292,0.0
292,0.0
292,0.0
292,0.0
292,0.0
292,0.0
292,0.0
292,0.0
292,0.0
292,0.0
292,0.0
293,0.0
293,0.0
293,0.0
293,0.0
293,0.0
293,0.0
293,0.0
293,0.0
293,0.0
293,0.0
294,0.0
294,0.0
294,0.0
294,0.0
294,0.0
294,0.0
294,0.0
294,0.0
294,0.0
294,0.0
295,0.0
295,0.0
295,0.0
295,0.0
295,0.0
295,0.0
295,0.0
295,0.0
295,0.0
296,0.0
296,0.0
296,0.0
296,0.0
296,0.0
296,0.0
296,0.0
296,0.0
296,0.0
296,0.0
297,0.0
297,0.0
297,0.0
297,0.0
297,0.0
297,0.0
297,0.0
297,0.0
297,0.0
297,0.0
298,0.0
298,0.0
298,0.0
298,0.0
298,0.0
298,0.0
298,0.0
298,0.0
298,0.0
298,0.0
298,0.0
299,0.0
299,0.0
299,0.0
299,0.0
299,0.0
299,0.0
299,0.0
299,0.0
299,0.0
299,0.0
300,0.0
300,0.0
300,0.0
300,0.0
300,0.0
300,0.0
300,0.0
300,0.0
300,0.0
300,0.0
301,0.0
301,0.0
301,0.0
301,0.0
301,0.0
301,0.0
301,0.0
301,0.0
301,0.0
301,0.0
302,0.0
302,0.0
302,0.0
302,0.0
302,0.0
302,0.0
302,0.0
302,0.0
302,0.0
303,0.0
303,0.0
303,0.0
303,0.0
303,0.0
303,0.0
303,0.0
303,0.0
303,0.0
303,0.0
304,0.0
304,0.0
304,0.0
304,0.0
304,0.0
304,0.0
304,0.0
304,0.0
304,0.0
304,0.0
305,0.0
305,0.0
305,0.0
305,0.0
305,0.0
305,0.0
305,0.0
305,0.0
305,0.0
305,0.0
306,0.0
306,0.0
306,0.0
306,0.0
306,0.0
306,0.0
306,0.0
306,0.0
306,0.0
306,0.0
306,0.0
307,0.0
307,0.0
307,0.0
307,0.0
307,0.0
307,0.0
307,0.0
307,0.0
307,0.0
307,0.0
308,0.0
308,0.0
308,0.0
308,0.0
308,0.0
308,0.0
308,0.0
308,0.0
308,0.0
308,0.0
309,0.0
309,0.0
309,0.0
309,0.0
309,0.0
309,0.0
309,0.0
309,0.0
309,0.0
310,0.0
310,0.0
310,0.0
310,0.0
310,0.0
310,0.0
310,0.0
310,0.0
310,0.0
310,0.0
311,0.0
311,0.0
311,0.0
311,0.0
311,0.0
311,0.0
311,0.0
311,0.0
311,0.0
311,0.0
312,0.0
312,0.0
312,0.0
312,0.0
312,0.0
312,0.0
312,0.0
312,0.0
312,0.0
312,0.0
313,0.0
313,0.0
313,0.0
313,0.0
313,0.0
313,0.0
313,0.0
313,0.0
313,0.0
313,0.0
314,0.0
314,0.0
314,0.0
314,0.0
314,0.0
314,0.0
314,0.0
314,0.0
314,0.0
314,0.0
314,0.0
315,0.0
315,0.0
315,0.0
315,0.0
315,0.0
315,0.0
315,0.0
315,0.0
315,0.0
315,0.0
316,0.0
316,0.0
316,0.0
316,0.0
316,0.0
316,0.0
316,0.0
316,0.0
316,0.0
317,0.0
317,0.0
317,0.0
317,0.0
317,0.0
317,0.0
317,0.0
317,0.0
317,0.0
317,0.0
318,0.0
318,0.0
318,0.0
318,0.0
318,0.0
318,0.0
318,0.0
318,0.0
318,0.0
318,0.0
319,0.0
319,0.0
319,0.0
319,0.0
319,0.0
319,0.0
319,0.0
319,0.0
319,0.0
319,0.0
320,0.0
320,0.0
320,0.0
320,0.0
320,0.0
320,0.0
320,0.0
320,0.0
320,0.0
321,0.0
321,0.0
321,0.0
321,0.0
321,0.0
321,0.0
321,0.0
321,0.0
321,0.0
321,0.0
321,0.0
321,0.0
322,0.0
322,0.0
322,0.0
322,0.0
322,0.0
322,0.0
322,0.0
322,0.0
322,0.0
322,0.0
323,0.0
323,0.0
323,0.0
323,0.0
323,0.0
323,0.0
323,0.0
323,0.0
323,0.0
324,0.0
324,0.0
324,0.0
324,0.0
324,0.0
324,0.0
324,0.0
324,0.0
324,0.0
324,0.0
325,0.0
325,0.0
325,0.0
325,0.0
325,0.0
325,0.0
325,0.0
325,0.0
325,0.0
325,0.0
326,0.0
326,0.0
326,0.0
326,0.0
326,0.0
326,0.0
326,0.0
326,0.0
326,0.0
326,0.0
327,0.0
327,0.0
327,0.0
327,0.0
327,0.0
327,0.0
327,0.0
327,0.0
327,0.0
327,0.0
328,0.0
328,0.0
328,0.0
328,0.0
328,0.0
328,0.0
328,0.0
328,0.0
328,0.0
329,0.0
329,0.0
329,0.0
329,0.0
329,0.0
329,0.0
329,0.0
329,0.0
329,0.0
329,0.0
329,0.0
329,0.0
330,0.0
330,0.0
330,0.0
330,0.0
330,0.0
330,0.0
330,0.0
330,0.0
330,0.0
331,0.0
331,0.0
331,0.0
331,0.0
331,0.0
331,0.0
331,0.0
331,0.0
331,0.0
331,0.0
332,0.0
332,0.0
332,0.0
332,0.0
332,0.0
332,0.0
332,0.0
332,0.0
332,0.0
332,0.0
333,0.0
333,0.0
333,0.0
333,0.0
333,0.0
333,0.0
333,0.0
333,0.0
333,0.0
333,0.0
334,0.0
334,0.0
334,0.0
334,0.0
334,0.0
334,0.0
334,0.0
334,0.0
334,0.0
335,0.0
335,0.0
335,0.0
335,0.0
335,0.0
335,0.0
335,0.0
335,0.0
335,0.0
335,0.0
336,0.0
336,0.0
336,0.0
336,0.0
336,0.0
336,0.0
336,0.0
336,0.0
336,0.0
336,0.0
336,0.0
337,0.0
337,0.0
337,0.0
337,0.0
337,0.0
337,0.0
337,0.0
337,0.0
337,0.0
337,0.0
338,0.0
338,0.0
338,0.0
338,0.0
338,0.0
338,0.0
338,0.0
338,0.0
338,0.0
338,0.0
339,0.0
339,0.0
339,0.0
339,0.0
339,0.0
339,0.0
339,0.0
339,0.0
339,0.0
340,0.0
340,0.0
340,0.0
340,0.0
340,0.0
340,0.0
340,0.0
340,0.0
340,0.0
340,0.0
341,0.0
341,0.0
341,0.0
341,0.0
341,0.0
341,0.0
341,0.0
341,0.0
341,0.0
341,0.0
342,0.0
342,0.0
342,0.0
342,0.0
342,0.0
342,0.0
342,0.0
342,0.0
342,0.0
342,0.0
342,0.0
343,0.0
343,0.0
343,0.0
343,0.0
343,0.0
343,0.0
343,0.0
343,0.0
343,0.0
343,0.0
344,0.0
344,0.0
344,0.0
344,0.0
344,0.0
344,0.0
344,0.0
344,0.0
344,0.0
344,0.0
345,0.0
345,0.0
345,0.0
345,0.0
345,0.0
345,0.0
345,0.0
345,0.0
345,0.0
346,0.0
346,0.0
346,0.0
346,0.0
346,0.0
346,0.0
346,0.0
346,0.0
346,0.0
346,0.0
347,0.0
347,0.0
347,0.0
347,0.0
347,0.0
347,0.0
347,0.0
347,0.0
347,0.0
347,0.0
348,0.0
348,0.0
348,0.0
348,0.0
348,0.0
348,0.0
348,0.0
348,0.0
348,0.0
348,0.0
349,0.0
349,0.0
349,0.0
349,0.0
349,0.0
349,0.0
349,0.0
349,0.0
349,0.0
349,0.0
349,0.0
350,0.0
350,0.0
350,0.0
350,0.0
350,0.0
350,0.0
350,0.0
350,0.0
350,0.0
350,0.0
351,0.0
351,0.0
351,0.0
351,0.0
351,0.0
351,0.0
351,0.0
351,0.0
351,0.0
351,0.0
352,0.0
352,0.0
352,0.0
352,0.0
352,0.0
352,0.0
352,0.0
352,0.0
352,0.0
353,0.0
353,0.0
353,0.0
353,0.0
353,0.0
353,0.0
353,0.0
353,0.0
353,0.0
353,0.0
354,0.0
354,0.0
354,0.0
354,0.0
354,0.0
354,0.0
354,0.0
354,0.0
354,0.0
354,0.0
355,0.0
355,0.0
355,0.0
355,0.0
355,0.0
355,0.0
355,0.0
355,0.0
355,0.0
355,0.0
356,0.0
356,0.0
356,0.0
356,0.0
356,0.0
356,0.0
356,0.0
356,0.0
356,0.0
356,0.0
356,0.0
357,0.0
357,0.0
357,0.0
357,0.0
357,0.0
357,0.0
357,0.0
357,0.0
357,0.0
357,0.0
358,0.0
358,0.0
358,0.0
358,0.0
358,0.0
358,0.0
358,0.0
358,0.0
358,0.0
358,0.0
359,0.0
359,0.0
359,0.0
359,0.0
359,0.0
359,0.0
359,0.0
359,0.0
359,0.0
359,0.0
360,0.0
360,0.0
360,0.0
360,0.0
360,0.0
360,0.0
360,0.0
360,0.0
360,0.0
360,0.0
361,0.0
361,0.0
361,0.0
361,0.0
361,0.0
361,0.0
361,0.0
361,0.0
361,0.0
361,0.0
362,0.0
362,0.0
362,0.0
362,0.0
362,0.0
362,0.0
362,0.0
362,0.0
362,0.0
362,0.0
363,0.0
363,0.0
363,0.0
363,0.0
363,0.0
363,0.0
363,0.0
363,0.0
363,0.0
364,0.0
364,0.0
364,0.0
364,0.0
364,0.0
364,0.0
364,0.0
364,0.0
364,0.0
364,0.0
365,0.0
365,0.0
365,0.0
365,0.0
365,0.0
365,0.0
365,0.0
365,0.0
365,0.0
365,0.0
366,0.0
366,0.0
366,0.0
366,0.0
366,0.0
366,0.0
366,0.0
366,0.0
366,0.0
366,0.0
367,0.0
367,0.0
367,0.0
367,0.0
367,0.0
367,0.0
367,0.0
367,0.0
367,0.0
367,0.0
368,0.0
368,0.0
368,0.0
368,0.0
368,0.0
368,0.0
368,0.0
368,0.0
368,0.0
368,0.0
368,0.0
369,0.0
369,0.0
369,0.0
369,0.0
369,0.0
369,0.0
369,0.0
369,0.0
369,0.0
369,0.0
370,0.0
370,0.0
370,0.0
370,0.0
370,0.0
370,0.0
370,0.0
370,0.0
370,0.0
370,0.0
371,0.0
371,0.0
371,0.0
371,0.0
371,0.0
371,0.0
371,0.0
371,0.0
371,0.0
372,0.0
372,0.0
372,0.0
372,0.0
372,0.0
372,0.0
372,0.0
372,0.0
372,0.0
372,0.0
373,0.0
373,0.0
373,0.0
373,0.0
373,0.0
373,0.0
373,0.0
373,0.0
373,0.0
373,0.0
374,0.0
374,0.0
374,0.0
374,0.0
374,0.0
374,0.0
374,0.0
374,0.0
374,0.0
374,0.0
375,0.0
375,0.0
375,0.0
375,0.0
375,0.0
375,0.0
375,0.0
375,0.0
375,0.0
375,0.0
376,0.0
376,0.0
376,0.0
376,0.0
376,0.0
376,0.0
376,0.0
376,0.0
376,0.0
376,0.0
376,0.0
377,0.0
377,0.0
377,0.0
377,0.0
377,0.0
377,0.0
377,0.0
377,0.0
377,0.0
377,0.0
378,0.0
378,0.0
378,0.0
378,0.0
378,0.0
378,0.0
378,0.0
378,0.0
378,0.0
378,0.0
379,0.0
379,0.0
379,0.0
379,0.0
379,0.0
379,0.0
379,0.0
379,0.0
379,0.0
380,0.0
380,0.0
380,0.0
380,0.0
380,0.0
380,0.0
380,0.0
380,0.0
380,0.0
380,0.0
381,0.0
381,0.0
381,0.0
381,0.0
381,0.0
381,0.0
381,0.0
381,0.0
381,0.0
381,0.0
382,0.0
382,0.0
382,0.0
382,0.0
382,0.0
382,0.0
382,0.0
382,0.0
382,0.0
382,0.0
382,0.0
383,0.0
383,0.0
383,0.0
383,0.0
383,0.0
383,0.0
383,0.0
383,0.0
383,0.0
383,0.0
384,0.0
384,0.0
384,0.0
384,0.0
384,0.0
384,0.0
384,0.0
384,0.0
384,0.0
384,0.0
385,0.0
385,0.0
385,0.0
385,0.0
385,0.0
385,0.0
385,0.0
385,0.0
385,0.0
386,0.0
386,0.0
386,0.0
386,0.0
386,0.0
386,0.0
386,0.0
386,0.0
386,0.0
386,0.0
387,0.0
387,0.0
387,0.0
387,0.0
387,0.0
387,0.0
387,0.0
387,0.0
387,0.0
387,0.0
388,0.0
388,0.0
388,0.0
388,0.0
388,0.0
388,0.0
388,0.0
388,0.0
388,0.0
388,0.0
389,0.0
389,0.0
389,0.0
389,0.0
389,0.0
389,0.0
389,0.0
389,0.0
389,0.0
389,0.0
389,0.0
390,0.0
390,0.0
390,0.0
390,0.0
390,0.0
390,0.0
390,0.0
390,0.0
390,0.0
390,0.0
391,0.0
391,0.0
391,0.0
391,0.0
391,0.0
391,0.0
391,0.0
391,0.0
391,0.0
392,0.0
392,0.0
392,0.0
392,0.0
392,0.0
392,0.0
392,0.0
392,0.0
392,0.0
392,0.0
393,0.0
393,0.0
393,0.0
393,0.0
393,0.0
393,0.0
393,0.0
393,0.0
393,0.0
393,0.0
394,0.0
394,0.0
394,0.0
394,0.0
394,0.0
394,0.0
394,0.0
394,0.0
394,0.0
394,0.0
395,0.0
395,0.0
395,0.0
395,0.0
395,0.0
395,0.0
395,0.0
395,0.0
395,0.0
395,0.0
395,0.0
396,0.0
396,0.0
396,0.0
396,0.0
396,0.0
396,0.0
396,0.0
396,0.0
396,0.0
396,0.0
397,0.0
397,0.0
397,0.0
397,0.0
397,0.0
397,0.0
397,0.0
397,0.0
397,0.0
398,0.0
398,0.0
398,0.0
398,0.0
398,0.0
398,0.0
398,0.0
398,0.0
398,0.0
398,0.0
399,0.0
399,0.0
399,0.0
399,0.0
399,0.0
399,0.0
399,0.0
399,0.0
399,0.0
399,0.0
400,0.0
400,0.0
400,0.0
400,0.0
400,0.0
400,0.0
400,0.0
400,0.0
400,0.0
400,0.0
401,0.0
401,0.0
401,0.0
401,0.0
401,0.0
401,0.0
401,0.0
401,0.0
401,0.0
401,0.0
402,0.0
402,0.0
402,0.0
402,0.0
402,0.0
402,0.0
402,0.0
402,0.0
402,0.0
402,0.0
403,0.0
403,0.0
403,0.0
403,0.0
403,0.0
403,0.0
403,0.0
403,0.0
403,0.0
404,0.0
404,0.0
404,0.0
404,0.0
404,0.0
404,0.0
404,0.0
404,0.0
404,0.0
404,0.0
404,0.0
405,0.0
405,0.0
405,0.0
405,0.0
405,0.0
405,0.0
405,0.0
405,0.0
405,0.0
405,0.0
406,0.0
406,0.0
406,0.0
406,0.0
406,0.0
406,0.0
406,0.0
406,0.0
406,0.0
406,0.0
407,0.0
407,0.0
407,0.0
407,0.0
407,0.0
407,0.0
407,0.0
407,0.0
407,0.0
407,0.0
408,0.0
408,0.0
408,0.0
408,0.0
408,0.0
408,0.0
408,0.0
408,0.0
408,0.0
408,0.0
409,0.0
409,0.0
409,0.0
409,0.0
409,0.0
409,0.0
409,0.0
409,0.0
409,0.0
409,0.0
410,0.0
410,0.0
410,0.0
410,0.0
410,0.0
410,0.0
410,0.0
410,0.0
410,0.0
411,0.0
411,0.0
411,0.0
411,0.0
411,0.0
411,0.0
411,0.0
411,0.0
411,0.0
411,0.0
411,0.0
411,0.0
412,0.0
412,0.0
412,0.0
412,0.0
412,0.0
412,0.0
412,0.0
412,0.0
412,0.0
413,0.0
413,0.0
413,0.0
413,0.0
413,0.0
413,0.0
413,0.0
413,0.0
413,0.0
413,0.0
414,0.0
414,0.0
414,0.0
414,0.0
414,0.0
414,0.0
414,0.0
414,0.0
414,0.0
414,0.0
415,0.0
415,0.0
415,0.0
415,0.0
415,0.0
415,0.0
415,0.0
415,0.0
415,0.0
415,0.0
416,0.0
416,0.0
416,0.0
416,0.0
416,0.0
416,0.0
416,0.0
416,0.0
416,0.0
417,0.0
417,0.0
417,0.0
417,0.0
417,0.0
417,0.0
417,0.0
417,0.0
417,0.0
417,0.0
418,0.0
418,0.0
418,0.0
418,0.0
418,0.0
418,0.0
418,0.0
418,0.0
418,9.8
418,9.8
419,0.0
419,4.2
419,0.0
419,0.0
419,25.9
419,0.0
419,0.0
419,17.2
419,2.2
419,17.6
419,17.6
420,13.0
420,25.5
420,25.5
420,21.1
420,33.9
420,32.5
420,32.5
420,18.4
420,41.0
420,41.0
421,36.6
421,43.0
421,45.7
421,45.7
421,45.1
421,57.4
421,57.4
421,43.6
421,42.1
421,86.0
422,86.0
422,52.1
422,61.1
422,61.1
422,77.6
422,63.2
422,90.5
422,90.5
422,73.4
422,54.6
423,54.6
423,69.8
423,29.3
423,45.4
423,45.4
423,17.2
423,32.6
423,32.6
423,31.8
423,38.1
424,48.1
424,48.1
424,41.9
424,45.4
424,45.4
424,38.6
424,38.3
424,55.7
424,55.7
425,56.8
425,54.4
425,54.4
425,51.7
425,45.2
425,55.7
425,55.7
425,63.6
425,54.4
425,54.4
426,37.4
426,36.5
426,42.7
426,42.7
426,42.4
426,38.6
426,38.6
426,66.3
426,57.4
426,44.1
427,44.1
427,54.4
427,37.3
427,37.3
427,43.5
427,53.9
427,43.8
427,43.8
427,47.1
427,47.1
427,47.1
428,29.4
428,63.4
428,43.5
428,43.5
428,50.3
428,47.1
428,47.1
428,43.5
428,32.7
428,49.2
429,49.2
429,70.7
429,47.9
429,47.9
429,37.4
429,43.6
429,43.6
429,36.2
429,46.0
429,53.0
430,53.0
430,29.1
430,52.2
430,52.2
430,70.4
430,47.6
430,44.1
430,44.1
430,43.8
430,54.2
431,54.2
431,37.0
431,46.8
431,53.9
431,53.9
431,36.8
431,67.7
431,67.7
431,34.0
432,40.1
432,53.6
432,53.6
432,36.5
432,46.3
432,46.3
432,60.4
432,40.3
432,50.3
432,50.3
433,43.5
433,36.3
433,36.3
433,46.0
433,49.5
433,49.8
433,49.8
433,50.1
433,39.7
433,39.7
434,49.8
434,53.5
434,50.6
434,50.6
434,54.4
434,26.7
434,26.7
434,49.8
434,60.6
434,33.5
434,33.5
435,53.6
435,25.9
435,25.9
435,55.6
435,42.7
435,59.9
435,59.9
435,40.0
435,46.5
435,46.5
436,50.1
436,53.9
436,33.2
436,33.2
436,56.9
436,32.9
436,32.9
436,46.0
436,53.0
436,50.1
437,50.1
437,46.8
437,46.8
437,46.8
437,50.3
437,32.9
437,49.5
437,49.5
437,42.7
437,56.6
438,56.6
438,43.2
438,53.6
438,43.5
438,43.5
438,32.7
438,38.6
438,62.9
438,62.9
439,43.0
439,60.5
439,60.5
439,43.8
439,36.5
439,28.6
439,28.6
439,84.0
439,19.6
439,19.6
440,52.8
440,46.3
440,49.7
440,49.7
440,43.0
440,56.8
440,56.8
440,36.4
440,53.3
440,46.8
441,46.8
441,46.8
441,46.8
441,46.8
441,39.7
441,42.7
441,67.2
441,67.2
441,40.6
441,40.0
441,40.0
442,25.2
442,62.7
442,56.8
442,56.8
442,22.2
442,73.4
442,73.4
442,22.8
442,52.4
442,49.5
443,49.5
443,46.3
443,49.8
443,49.8
443,39.4
443,53.1
443,46.5
443,46.5
443,57.2
443,33.2
444,33.2
444,56.7
444,47.1
444,47.1
444,47.1
444,54.1
444,58.2
444,58.2
444,27.4
445,32.8
445,52.8
445,52.8
445,60.2
445,36.8
445,36.8
445,67.7
445,27.1
445,32.3
445,32.3
446,62.9
446,36.2
446,36.2
446,31.9
446,69.4
446,36.2
446,36.2
446,56.4
446,32.7
446,32.7
447,49.2
447,49.5
447,39.2
447,39.2
447,63.1
447,36.5
447,36.5
447,56.8
447,29.6
447,45.7
448,45.7
448,45.7
448,63.4
448,63.4
448,47.1
448,19.0
448,62.5
448,62.5
448,42.7
448,53.1
449,53.1
449,50.1
449,46.8
449,39.7
449,39.7
449,49.8
449,43.0
449,43.0
449,53.4
449,39.7
449,39.2
450,39.2
450,45.7
450,38.6
450,38.6
450,66.2
450,32.7
450,59.8
450,59.8
450,18.6
450,72.9
451,36.3
451,36.3
451,42.4
451,73.6
451,73.6
451,30.2
451,43.0
451,43.0
451,42.7
452,56.5
452,36.3
452,36.3
452,46.0
452,56.6
452,39.7
452,39.7
452,56.8
452,57.5
452,57.5
453,27.0
453,56.8
453,56.8
453,43.7
453,39.7
453,39.2
453,39.2
453,63.2
453,32.9
453,32.9
454,63.6
454,40.4
454,32.9
454,32.9
454,56.2
454,43.0
454,43.0
454,49.8
454,46.5
454,39.5
455,39.5
455,60.1
455,32.9
455,32.9
455,56.6
455,36.1
455,38.9
455,38.9
455,48.9
455,42.2
456,42.2
456,52.5
456,70.7
456,12.6
456,12.6
456,69.7
456,36.5
456,36.5
456,35.7
457,59.5
457,43.0
457,43.0
457,46.3
457,35.7
457,63.9
457,63.9
457,32.0
457,71.6
457,43.9
457,43.9
458,36.2
458,32.2
458,32.2
458,56.0
458,53.3
458,29.1
458,29.1
458,49.0
458,63.2
458,63.2
459,22.8
459,48.7
459,52.3
459,52.3
459,46.0
459,53.0
459,53.0
459,32.4
459,45.4
459,59.6
460,59.6
460,50.1
460,39.7
460,39.7
460,42.7
460,63.7
460,33.3
460,33.3
460,42.7
460,42.5
461,42.5
461,52.7
461,56.8
461,43.5
461,43.5
461,32.8
461,49.2
461,49.2
461,49.5
461,39.3
462,39.3
462,56.2
462,46.5
462,35.9
462,35.9
462,42.2
462,52.5
462,42.4
462,42.4
463,45.7
463,38.7
463,38.7
463,52.2
463,52.8
463,52.8
463,39.2
463,59.6
463,18.6
463,18.6
463,58.5
463,28.2
464,28.2
464,51.3
464,58.9
464,49.4
464,49.4
464,49.8
464,43.0
464,43.0
464,49.8
464,50.0
465,39.7
465,39.7
465,39.3
465,45.7
465,45.7
465,31.9
465,72.3
465,72.3
465,46.8
466,29.3
466,59.5
466,59.5
466,25.5
466,69.8
466,69.8
466,22.1
466,44.9
466,51.9
466,51.9
467,45.4
467,41.9
467,41.9
467,59.3
467,42.7
467,56.4
467,56.4
467,25.6
467,62.8
467,62.8
468,32.3
468,45.4
468,59.6
468,59.6
468,36.0
468,31.7
468,31.7
468,69.2
468,15.0
468,65.2
469,65.2
469,38.6
469,62.5
469,62.5
469,50.0
469,30.1
469,30.1
469,48.9
469,45.7
469,42.2
470,42.2
470,35.0
470,55.2
470,55.2
470,65.9
470,22.4
470,45.2
470,45.2
470,62.8
470,39.5
471,39.5
471,53.0
471,39.2
471,49.7
471,49.7
471,46.3
471,42.5
471,46.0
471,46.0
471,35.7
471,48.7
472,48.7
472,59.3
472,39.6
472,35.5
472,35.5
472,45.2
472,52.2
472,52.2
472,42.2
472,45.4
473,45.4
473,48.9
473,45.7
473,49.2
473,49.2
473,38.9
473,56.0
473,56.0
473,35.8
474,38.4
474,58.9
474,58.9
474,42.4
474,38.6
474,38.6
474,55.7
474,46.0
474,38.9
474,38.9
475,49.0
475,70.3
475,70.3
475,23.1
475,59.7
475,32.7
475,32.7
475,35.0
475,62.5
475,35.6
476,35.6
476,66.6
476,26.2
476,26.2
476,49.0
476,42.1
476,42.1
476,34.9
476,62.3
476,28.4
477,28.4
477,44.6
477,55.2
477,52.5
477,52.5
477,46.0
477,39.0
477,39.0
477,41.9
477,45.2
478,55.7
478,55.7
478,35.4
478,48.7
478,48.7
478,52.5
478,46.0
478,46.0
478,42.4
479,45.7
479,45.7
479,45.7
479,45.7
479,56.1
479,56.1
479,36.1
479,38.8
479,48.7
479,48.7
480,56.0
480,35.7
480,35.7
480,52.4
480,42.5
480,45.7
480,45.7
480,42.1
480,41.9
480,41.9
480,59.4
481,35.6
481,59.6
481,59.6
481,28.8
481,59.4
481,21.4
481,21.4
481,61.9
481,49.2
481,49.2
482,53.0
482,28.8
482,55.7
482,55.7
482,46.0
482,31.9
482,31.9
482,59.0
482,31.9
482,51.9
483,51.9
483,52.4
483,28.4
483,28.4
483,51.7
483,55.7
483,35.4
483,35.4
483,41.6
483,51.9
484,51.9
484,45.4
484,59.5
484,25.5
484,25.5
484,59.0
484,21.3
484,21.3
484,58.2
484,55.7
485,55.7
485,38.9
485,52.5
485,49.5
485,49.5
485,42.7
485,35.4
485,35.4
485,38.1
486,65.8
486,35.7
486,35.7
486,49.0
486,31.6
486,31.6
486,44.6
486,65.8
486,39.2
486,39.2
487,38.6
487,55.7
487,55.7
487,49.5
487,32.1
487,59.3
487,59.3
487,35.7
487,41.9
487,41.9
487,59.3
488,35.7
488,55.9
488,55.9
488,49.8
488,43.0
488,43.0
488,32.3
488,52.2
488,49.2
488,49.2
489,42.5
489,52.8
489,52.8
489,39.2
489,42.2
489,27.8
489,27.8
489,58.1
489,41.6
489,41.6
490,62.4
490,32.1
490,52.2
490,52.2
490,56.4
490,46.5
490,46.5
490,46.5
490,32.4
490,52.5
491,52.5
491,28.2
491,62.0
491,62.0
491,42.4
491,45.7
491,63.2
491,63.2
491,18.6
491,55.5
492,55.5
492,35.2
492,41.3
492,55.2
492,55.2
492,34.8
492,51.7
492,59.4
492,59.4
493,32.1
493,48.7
493,48.7
493,45.4
493,56.1
493,56.8
493,56.8
493,32.9
493,35.3
493,35.3
494,59.2
494,25.3
494,25.3
494,37.5
494,61.6
494,41.9
494,41.9
494,59.0
494,39.2
494,39.2
495,42.2
495,35.0
495,55.2
495,55.2
495,28.1
495,54.5
495,54.5
495,44.9
495,37.9
495,40.8
495,40.8
496,47.5
496,72.6
496,72.6
496,21.6
496,37.6
496,37.6
496,40.6
496,29.8
496,42.7
496,42.7
497,46.2
497,53.5
497,53.5
497,40.3
497,43.5
497,43.5
497,43.5
497,54.1
497,12.8
497,12.8
498,45.4
498,28.2
498,37.5
498,37.5
498,51.2
498,34.5
498,34.5
498,51.6
498,31.3
498,37.6
499,37.6
499,30.4
499,32.9
499,32.9
499,28.8
499,56.2
499,22.3
499,22.3
499,31.6
499,31.0
500,31.0
500,27.0
500,47.3
500,30.5
500,30.5
500,33.5
500,8.6
500,8.6
500,45.0
500,31.8
501,31.8
501,21.0
501,37.5
501,30.7
501,30.7
501,19.8
501,22.3
501,22.3
501,35.6
502,18.3
502,20.6
502,20.6
502,19.8
502,47.2
502,47.2
502,0.0
502,25.0
502,28.2
502,28.2
503,14.2
503,16.6
503,16.6
503,26.3
503,0.0
503,34.7
503,34.7
503,7.5
503,20.0
503,20.0
504,23.3
504,0.0
504,3.5
504,3.5
504,9.4
504,11.8
504,11.8
504,18.3
504,18.3
504,18.3
505,0.0
505,8.4
505,0.0
505,0.0
505,3.0
505,5.5
505,5.5
505,12.1
505,0.0
505,6.1
506,6.1
506,0.0
506,0.0
506,0.0
506,0.0
506,0.0
506,0.0
506,0.0
506,0.0
506,1.7
506,1.7
507,0.0
507,0.0
507,0.0
507,0.0
507,0.0
507,0.0
507,0.0
507,0.0
507,0.0
507,0.0
508,0.0
508,0.0
508,0.0
508,0.0
508,0.0
508,0.0
508,0.0
508,0.0
508,0.0
508,0.0
509,0.0
509,0.0
509,0.0
509,0.0
509,0.0
509,0.0
509,0.0
509,0.0
509,0.0
510,0.0
510,0.0
510,0.0
510,0.0
510,0.0
510,0.0
510,0.0
510,0.0
510,0.0
510,0.0
511,0.0
511,0.0
511,0.0
511,0.0
511,0.0
511,0.0
511,0.0
511,0.0
511,0.0
511,0.0
512,0.0
512,0.0
512,0.0
512,0.0
512,0.0
512,0.0
512,0.0
512,0.0
512,0.0
512,0.0
513,0.0
513,0.0
513,0.0
513,0.0
513,0.0
513,0.0
513,0.0
513,0.0
513,0.0
513,0.0
513,0.0
514,0.0
514,0.0
514,0.0
514,0.0
514,0.0
514,0.0
514,0.0
514,0.0
514,0.0
514,0.0
515,0.0
515,0.0
515,0.0
515,0.0
515,0.0
515,0.0
515,0.0
515,0.0
515,0.0
515,0.0
516,0.0
516,0.0
516,0.0
516,0.0
516,0.0
516,0.0
516,0.0
516,0.0
516,0.0
516,0.0
517,0.0
517,0.0
517,0.0
517,0.0
517,0.0
517,0.0
517,0.0
517,0.0
517,0.0
518,0.0
518,0.0
518,0.0
518,0.0
518,0.0
518,0.0
518,0.0
518,0.0
518,0.0
518,0.0
519,0.0
519,0.0
519,0.0
519,0.0
519,0.0
519,0.0
519,0.0
519,0.0
519,0.0
519,0.0
520,0.0
520,0.0
520,0.0
520,0.0
520,0.0
520,0.0
520,0.0
520,0.0
520,0.0
520,0.0
521,0.0
521,0.0
521,0.0
521,0.0
521,0.0
521,0.0
521,0.0
521,0.0
521,0.0
521,0.0
522,0.0
522,0.0
522,0.0
522,0.0
522,0.0
522,0.0
522,0.0
522,0.0
522,0.0
522,0.0
522,0.0
523,0.0
523,0.0
523,0.0
523,0.0
523,0.0
523,0.0
523,0.0
523,0.0
523,0.0
524,0.0
524,0.0
524,0.0
524,0.0
524,0.0
524,0.0
524,0.0
524,0.0
524,0.0
524,0.0
525,0.0
525,0.0
525,0.0
525,0.0
525,0.0
525,0.0
525,0.0
525,0.0
525,0.0
525,0.0
526,0.0
526,0.0
526,0.0
526,0.0
526,0.0
526,0.0
526,0.0
526,0.0
526,0.0
526,0.0
527,0.0
527,0.0
527,0.0
527,0.0
527,0.0
527,0.0
527,0.0
527,0.0
527,0.0
527,0.0
528,0.0
528,0.0
528,0.0
528,0.0
528,0.0
