0,0
0,0
0,49.1
0,48.3
0,48.3
0,47.6
0,48.6
0,49.1
0,49.1
0,48.8
1,48.8
1,49.1
1,49.1
1,48.3
1,48.3
1,48.3
1,48.8
1,49.6
1,49.6
1,49.6
2,48.1
2,48.6
2,48.6
2,47.8
2,48.6
2,49.3
2,49.3
2,48.8
2,48.8
2,48.8
2,49.8
3,48.1
3,48.8
3,48.8
3,49.1
3,48.8
3,48.8
3,49.1
3,48.6
3,49.3
3,49.3
4,49.1
4,49.6
4,49.6
4,49.6
4,49.1
4,48.8
4,48.8
4,48.6
4,48.8
4,48.8
5,48.6
5,48.8
5,48.8
5,48.8
5,49.6
5,49.6
5,49.6
5,49.1
5,49.1
5,49.1
6,48.8
6,49.3
6,49.1
6,49.1
6,50.1
6,49.8
6,49.8
6,48.6
6,49.1
6,48.6
7,48.6
7,48.8
7,49.1
7,49.1
7,50.1
7,48.6
7,48.6
7,49.1
7,48.8
7,49.1
8,49.1
8,48.3
8,49.3
8,49.3
8,48.6
8,48.6
8,49.3
8,49.3
8,49.1
8,48.8
9,48.8
9,50.1
9,48.8
9,48.6
9,48.6
9,48.8
9,48.8
9,48.8
9,49.6
10,48.8
10,49.1
10,49.1
10,50.1
10,48.3
10,48.3
10,49.8
10,48.8
10,49.3
10,49.3
11,49.3
11,48.3
11,48.3
11,49.6
11,49.8
11,48.8
11,48.8
11,48.8
11,48.8
11,48.8
12,48.6
12,48.8
12,49.8
12,49.8
12,48.6
12,49.1
12,49.1
12,49.3
12,50.6
12,48.8
12,48.8
13,48.3
13,48.8
13,48.8
13,48.6
13,49.3
13,48.6
13,48.6
13,49.6
13,48.6
13,48.6
14,48.6
14,48.1
14,48.1
14,49.1
14,49.3
14,48.3
14,48.3
14,48.8
14,49.3
14,49.3
15,49.6
15,49.1
15,49.1
15,49.1
15,49.6
15,49.6
15,49.6
15,49.6
15,49.3
15,49.6
16,49.6
16,49.3
16,49.8
16,49.8
16,49.6
16,49.8
16,49.1
16,49.1
16,50.3
16,49.6
17,49.6
17,49.3
17,49.1
17,49.1
17,49.1
17,49.1
17,49.3
17,49.3
17,49.1
17,49.6
18,49.6
18,49.3
18,49.6
18,49.1
18,49.1
18,48.3
18,50.3
18,50.3
18,49.6
19,49.8
19,48.6
19,48.6
19,49.1
19,49.1
19,49.1
19,49.1
19,48.3
19,49.1
19,49.1
20,48.3
20,49.8
20,49.8
20,49.6
20,49.6
20,47.6
20,47.6
20,47.8
20,49.1
20,49.1
21,48.8
21,49.1
21,50.3
21,50.3
21,49.8
21,48.6
21,48.6
21,50.1
21,49.8
21,48.8
22,48.8
22,48.8
22,48.6
22,48.6
22,49.3
22,48.6
22,50.3
22,50.3
22,49.3
22,48.8
22,49.3
23,49.3
23,49.3
23,48.8
23,50.6
23,50.6
23,50.3
23,49.1
23,49.1
23,48.3
23,49.1
24,50.1
24,50.1
24,50.3
24,50.1
24,50.1
24,49.3
24,49.1
24,50.1
24,50.1
25,49.3
25,49.1
25,49.1
25,50.3
25,49.3
25,49.3
25,49.6
25,49.6
25,49.3
25,49.3
26,50.3
26,49.3
26,49.3
26,50.1
26,49.3
26,49.6
26,49.6
26,50.1
26,50.3
26,50.3
27,50.1
27,49.3
27,49.6
27,49.6
27,50.8
27,49.6
27,49.6
27,49.3
27,48.6
27,49.8
28,49.8
28,49.6
28,50.1
28,50.1
28,47.8
28,49.3
28,49.3
28,49.1
28,50.3
28,49.3
28,49.3
29,49.8
29,48.3
29,48.3
29,49.1
29,48.8
29,50.3
29,50.3
29,50.3
29,49.1
29,49.1
30,49.1
30,49.8
30,50.3
30,50.3
30,48.6
30,49.3
30,49.3
30,50.1
30,49.1
30,49.3
31,49.3
31,49.1
31,50.3
31,50.3
31,49.8
31,49.6
31,49.6
31,48.1
31,48.6
31,51.1
32,51.1
32,48.3
32,49.8
32,49.8
32,49.6
32,49.8
32,49.3
32,49.3
32,49.3
32,50.3
33,50.3
33,50.6
33,49.8
33,49.6
33,49.6
33,49.6
33,49.6
33,49.6
33,49.8
33,49.1
34,48.8
34,48.8
34,50.1
34,49.1
34,49.1
34,50.3
34,49.1
34,49.1
34,49.1
35,50.3
35,49.1
35,49.8
35,49.8
35,49.1
35,49.1
35,49.1
35,49.1
35,50.8
35,49.8
36,49.8
36,48.8
36,49.6
36,49.6
36,49.8
36,50.3
36,48.8
36,48.8
36,50.6
36,50.1
36,49.8
37,49.8
37,48.8
37,50.1
37,50.1
37,49.6
37,49.3
37,48.8
37,48.8
37,49.6
37,49.3
38,49.3
38,49.1
38,50.1
38,48.6
38,48.6
38,48.6
38,49.3
38,49.3
38,50.1
39,49.8
39,49.1
39,49.1
39,50.8
39,50.3
39,50.3
39,49.3
39,49.6
39,49.6
39,49.6
40,49.3
40,49.3
40,49.3
40,49.3
40,49.3
40,49.3
40,49.6
40,48.8
40,48.6
40,48.6
41,49.1
41,48.3
41,48.3
41,49.8
41,49.8
41,49.1
41,49.1
41,49.6
41,49.6
41,49.6
42,49.3
42,50.1
42,48.6
42,48.6
42,49.1
42,49.8
42,49.8
42,48.8
42,48.6
42,49.1
43,49.1
43,49.3
43,50.1
43,50.1
43,50.3
43,49.3
43,48.6
43,48.6
43,49.1
43,48.8
43,48.8
44,50.1
44,49.8
44,48.6
44,48.6
44,49.6
44,49.6
44,49.6
44,50.1
44,49.8
44,50.1
45,50.1
45,49.6
45,49.6
45,49.6
45,50.6
45,48.8
45,49.8
45,49.8
45,49.3
45,49.8
46,49.8
46,49.8
46,49.3
46,49.3
46,49.3
46,49.6
46,49.3
46,49.3
46,49.8
47,49.6
47,50.1
47,50.1
47,50.3
47,50.3
47,50.3
47,49.3
47,49.6
47,48.8
47,48.8
48,50.3
48,50.1
48,50.1
48,49.1
48,50.1
48,50.1
48,51.1
48,49.3
48,50.3
48,50.3
49,49.3
49,49.8
49,49.8
49,50.1
49,50.1
49,49.8
49,49.8
49,48.6
49,49.3
49,49.3
50,50.1
50,49.6
50,49.6
50,49.6
50,49.3
50,49.3
50,49.3
50,49.6
50,49.8
50,49.8
51,49.3
51,50.1
51,49.6
51,49.6
51,50.1
51,49.3
51,49.3
51,50.1
51,49.6
51,50.6
52,50.6
52,50.6
52,50.1
52,50.1
52,51.3
52,49.8
52,49.8
52,49.3
52,48.8
52,49.8
53,49.8
53,49.3
53,50.1
53,50.3
53,50.3
53,50.1
53,50.8
53,50.8
53,50.3
53,50.1
54,49.1
54,49.1
54,49.1
54,49.8
54,49.8
54,49.8
54,49.6
54,49.6
54,50.6
54,50.3
54,50.6
55,50.6
55,50.3
55,50.6
55,50.6
55,50.1
55,50.1
55,49.8
55,49.8
55,50.3
55,49.6
56,49.6
56,48.8
56,50.3
56,50.8
56,50.8
56,50.6
56,49.6
56,49.6
56,50.8
57,49.8
57,50.6
57,50.6
57,50.1
57,49.6
57,49.6
57,49.3
57,51.1
57,49.1
57,49.1
58,50.3
58,50.1
58,50.1
58,49.8
58,49.6
58,49.8
58,49.8
58,50.3
58,49.1
58,49.1
59,48.6
59,50.8
59,50.8
59,50.1
59,49.8
59,50.1
59,50.1
59,49.3
59,50.1
59,50.1
60,49.6
60,49.3
60,48.8
60,48.8
60,49.6
60,49.6
60,49.6
60,49.6
60,49.8
60,49.8
61,50.6
61,49.8
61,50.3
61,50.3
61,50.6
61,49.6
61,49.6
61,51.1
61,49.6
61,49.8
62,49.8
62,48.8
62,49.8
62,49.8
62,50.3
62,49.6
62,49.6
62,49.6
62,49.6
62,50.6
63,50.6
63,50.8
63,49.3
63,51.1
63,51.1
63,49.6
63,49.6
63,49.6
63,50.3
64,51.1
64,49.3
64,49.3
64,50.1
64,50.1
64,50.1
64,50.1
64,50.6
64,50.1
64,50.1
64,49.3
64,49.3
65,49.3
65,50.3
65,49.8
65,49.3
65,49.3
65,49.8
65,49.8
65,49.8
65,50.1
66,49.8
66,49.8
66,49.8
66,49.8
66,49.8
66,49.8
66,48.8
66,49.8
66,49.6
66,49.6
67,50.3
67,49.3
67,49.3
67,49.8
67,50.3
67,49.1
67,49.1
67,50.1
67,50.1
67,50.1
68,49.8
68,50.3
68,50.8
68,50.8
68,49.6
68,49.1
68,49.1
68,49.8
68,50.6
68,49.3
69,49.3
69,50.3
69,50.1
69,50.1
69,50.1
69,50.6
69,49.8
69,49.8
69,50.8
69,50.6
70,50.6
70,50.1
70,49.8
70,49.8
70,50.6
70,49.8
70,50.6
70,50.6
70,49.6
70,49.6
71,49.6
71,49.6
71,49.6
71,50.1
71,50.1
71,49.3
71,49.8
71,49.8
71,50.1
72,49.3
72,49.8
72,49.8
72,49.3
72,49.8
72,49.8
72,49.8
72,50.3
72,50.6
72,50.6
72,51.3
72,50.3
73,50.3
73,49.8
73,49.3
73,50.3
73,50.3
73,49.1
73,49.8
73,49.8
73,49.8
74,49.3
74,49.8
74,49.8
74,49.8
74,50.3
74,50.3
74,50.3
74,49.6
74,50.6
74,49.8
75,49.8
75,50.8
75,48.6
75,48.6
75,50.8
75,49.6
75,49.8
75,49.8
75,50.1
75,49.1
76,49.1
76,50.6
76,50.3
76,49.8
76,49.8
76,49.3
76,49.6
76,49.6
76,50.6
77,49.3
77,50.1
77,50.1
77,49.8
77,49.6
77,49.6
77,50.3
77,49.8
77,49.8
77,49.8
77,49.6
77,49.6
78,49.3
78,49.3
78,49.8
78,50.6
78,50.6
78,49.1
78,49.6
78,50.6
78,50.6
79,49.6
79,49.6
79,49.6
79,48.8
79,48.6
79,50.1
79,50.1
79,50.1
79,50.6
79,50.6
80,50.3
80,49.3
80,50.3
80,50.3
80,49.8
80,48.6
80,48.6
80,50.1
80,49.6
80,49.6
81,50.1
81,50.1
81,49.3
81,49.3
81,48.6
81,50.1
81,50.1
81,49.1
81,49.3
81,50.3
82,50.3
82,49.8
82,50.6
82,50.6
82,50.6
82,50.6
82,50.1
82,50.1
82,49.8
82,49.3
83,49.3
83,50.3
83,50.3
83,50.3
83,50.3
83,50.6
83,49.1
83,49.1
83,50.3
83,48.6
84,50.3
84,50.3
84,50.3
84,50.6
84,50.6
84,50.8
84,49.1
84,49.3
84,49.3
85,49.3
85,49.8
85,49.8
85,49.3
85,50.6
85,49.8
85,49.8
85,50.3
85,50.1
85,50.1
86,48.8
86,49.8
86,49.8
86,49.1
86,49.1
86,49.6
86,49.6
86,50.3
86,50.8
86,50.3
86,50.3
87,49.8
87,49.3
87,50.8
87,50.8
87,50.8
87,49.3
87,49.3
87,49.3
87,50.8
87,50.1
88,50.1
88,51.1
88,50.1
88,50.1
88,50.1
88,50.1
88,50.1
88,49.1
88,49.8
88,49.3
89,49.3
89,49.8
89,49.8
89,49.8
89,49.3
89,49.3
89,50.3
89,50.3
89,50.8
89,49.6
90,49.6
90,49.3
90,49.8
90,51.3
90,51.3
90,49.8
90,49.8
90,49.8
90,49.1
91,49.8
91,49.6
91,49.6
91,49.8
91,49.6
91,49.6
91,50.1
91,50.3
91,49.8
91,49.8
92,50.6
92,49.3
92,49.3
92,51.3
92,50.1
92,48.6
92,48.6
92,48.8
92,49.6
92,49.6
93,49.8
93,50.3
93,50.3
93,49.8
93,50.1
93,49.6
93,49.6
93,49.8
93,49.6
93,49.6
94,49.6
94,50.6
94,50.6
94,50.6
94,50.1
94,51.1
94,51.1
94,49.8
94,49.8
94,50.3
94,50.3
95,49.3
95,50.8
95,50.8
95,48.8
95,50.1
95,48.8
95,48.8
95,49.8
95,49.1
95,49.1
96,50.1
96,50.1
96,48.6
96,48.6
96,49.3
96,50.3
96,50.3
96,50.3
96,50.1
96,49.8
97,49.8
97,49.8
97,49.8
97,49.8
97,48.8
97,50.1
97,50.3
97,50.3
97,49.1
97,49.6
98,49.6
98,49.3
98,50.1
98,50.3
98,50.3
98,49.3
98,50.1
98,50.1
98,48.8
99,48.6
99,50.8
99,50.8
99,48.6
99,50.3
99,50.3
99,49.1
99,49.8
99,49.1
99,49.1
100,49.6
100,48.8
100,48.8
100,50.8
100,49.8
100,49.1
100,49.1
100,50.3
100,49.1
100,49.1
100,49.1
101,49.6
101,50.1
101,50.1
101,49.6
101,50.6
101,49.6
101,49.6
101,50.3
101,49.8
101,49.8
102,50.1
102,48.6
102,50.1
102,50.1
102,49.8
102,49.8
102,49.8
102,49.6
102,49.8
102,49.8
103,49.6
103,50.3
103,49.8
103,49.8
103,50.1
103,50.1
103,50.1
103,48.8
103,49.8
103,49.3
104,49.3
104,50.1
104,50.3
104,50.3
104,49.6
104,49.6
104,49.3
104,49.3
104,50.3
104,49.6
105,49.6
105,50.6
105,50.3
105,49.3
105,49.3
105,49.6
105,49.3
105,49.3
105,49.3
106,50.1
106,49.1
106,49.1
106,50.3
106,50.1
106,50.1
106,49.6
106,49.3
106,51.1
106,51.1
107,49.8
107,49.8
107,49.8
107,49.6
107,49.3
107,49.3
107,49.3
107,50.6
107,50.3
107,50.3
108,49.6
108,49.1
108,49.1
108,50.3
108,50.6
108,49.6
108,49.6
108,50.6
108,50.1
108,49.8
109,49.8
109,49.8
109,48.8
109,48.8
109,49.6
109,50.6
109,49.6
109,49.6
109,49.8
109,51.1
109,51.1
110,49.6
110,49.8
110,49.8
110,49.8
110,50.1
110,49.3
110,49.3
110,50.1
110,51.1
110,51.1
111,49.3
111,50.3
111,50.8
111,50.8
111,50.6
111,49.6
111,49.6
111,49.6
111,50.3
111,50.1
112,50.1
112,48.6
112,50.1
112,50.1
112,49.1
112,49.1
112,50.3
112,50.3
112,49.3
112,49.6
113,49.6
113,50.3
113,49.8
113,49.8
113,49.3
113,48.8
113,49.6
113,49.6
113,49.3
113,50.3
114,50.3
114,50.3
114,50.3
114,49.3
114,49.3
114,50.6
114,49.8
114,49.8
114,50.3
114,48.8
115,48.8
115,49.3
115,50.1
115,49.8
115,49.8
115,49.6
115,50.1
115,50.1
115,49.6
116,49.3
116,50.6
116,50.6
116,50.1
116,49.6
116,49.6
116,50.3
116,49.6
116,49.8
116,49.8
117,49.8
117,51.1
117,51.1
117,49.6
117,49.1
117,49.1
117,50.1
117,49.1
117,48.8
117,48.8
118,50.1
118,50.6
118,50.6
118,50.8
118,50.3
118,50.3
118,49.3
118,49.6
118,50.1
118,50.1
119,50.3
119,49.3
119,49.3
119,50.3
119,49.3
119,48.8
119,48.8
119,50.3
119,49.8
119,49.8
120,49.6
120,50.3
120,49.1
120,49.1
120,48.8
120,48.6
120,48.6
120,49.1
120,49.6
120,49.6
121,49.6
121,49.1
121,49.3
121,49.3
121,49.6
121,50.3
121,50.3
121,49.1
121,48.8
121,49.6
122,49.6
122,49.8
122,50.1
122,50.1
122,48.3
122,49.8
122,49.8
122,49.6
122,49.1
122,51.1
123,51.1
123,50.1
123,50.6
123,50.6
123,49.1
123,48.3
123,48.3
123,48.3
123,49.8
123,50.8
123,50.8
124,49.1
124,50.1
124,50.6
124,50.6
124,50.1
124,49.3
124,49.3
124,49.6
124,49.8
124,50.1
125,50.1
125,48.6
125,49.1
125,49.1
125,49.8
125,49.6
125,49.8
125,49.8
125,50.3
126,50.3
126,49.6
126,49.6
126,48.8
126,50.3
126,50.3
126,49.8
126,51.1
126,50.3
126,50.3
127,50.1
127,50.1
127,50.1
127,50.8
127,50.3
127,50.3
127,50.1
127,49.8
127,50.1
127,50.1
128,50.3
128,49.6
128,49.6
128,49.8
128,49.3
128,49.3
128,49.3
128,49.1
128,49.8
128,49.8
129,50.3
129,49.8
129,50.1
129,50.1
129,49.6
129,49.6
129,49.6
129,49.8
129,49.3
129,49.8
130,49.8
130,49.8
130,49.3
130,49.3
130,50.3
130,50.8
130,49.3
130,49.3
130,49.1
130,49.8
130,49.8
131,49.8
131,49.8
131,49.3
131,49.3
131,50.1
131,49.8
131,49.8
131,49.6
131,49.6
131,50.6
132,50.6
132,49.6
132,50.3
132,50.3
132,50.1
132,49.8
132,49.8
132,49.8
132,50.1
132,50.6
133,50.6
133,50.6
133,49.1
133,49.8
133,49.8
133,50.1
133,50.3
133,50.3
133,49.1
133,51.1
134,50.6
134,50.6
134,50.3
134,49.6
134,49.6
134,50.6
134,49.8
134,49.8
134,49.3
135,49.3
135,49.3
135,49.3
135,49.8
135,50.6
135,50.6
135,50.3
135,50.1
135,49.8
135,49.8
136,50.1
136,50.8
136,50.8
136,50.3
136,49.6
136,50.8
136,50.8
136,49.6
136,49.1
136,49.1
137,50.1
137,49.1
137,49.3
137,49.3
137,50.3
137,49.1
137,49.1
137,49.8
137,50.1
137,50.1
138,50.1
138,50.6
138,50.1
138,50.1
138,49.1
138,49.8
138,49.1
138,49.1
138,49.8
138,49.8
139,49.8
139,49.1
139,48.8
139,48.8
139,49.6
139,50.3
139,50.3
139,50.3
139,49.6
139,48.8
140,50.3
140,50.3
140,49.6
140,49.1
140,49.1
140,49.3
140,50.1
140,49.1
140,49.1
140,50.1
140,50.1
141,50.1
141,49.1
141,50.3
141,50.3
141,49.6
141,49.3
141,49.1
141,49.1
141,49.6
141,48.6
142,49.6
142,49.6
142,49.8
142,49.3
142,49.3
142,49.3
142,48.8
142,49.1
142,49.1
143,49.8
143,49.8
143,49.8
143,49.8
143,49.8
143,49.8
143,49.8
143,50.3
143,49.3
143,49.3
144,49.8
144,50.3
144,50.3
144,49.6
144,48.8
144,49.6
144,49.6
144,50.3
144,50.8
144,50.8
145,51.3
145,49.3
145,50.3
145,50.3
145,49.8
145,50.3
145,50.3
145,49.8
145,50.3
145,49.1
146,49.1
146,50.1
146,50.6
146,50.6
146,48.6
146,48.8
146,49.8
146,49.8
146,48.8
146,51.6
147,51.6
147,49.6
147,49.6
147,48.6
147,48.6
147,49.3
147,49.6
147,49.6
147,50.8
147,49.6
148,49.8
148,49.8
148,50.1
148,49.6
148,49.6
148,49.8
148,50.1
148,49.6
148,49.6
148,49.8
148,49.6
149,49.6
149,50.6
149,50.1
149,50.3
149,50.3
149,50.3
149,50.1
149,49.3
149,49.3
150,50.6
150,49.6
150,49.6
150,50.8
150,51.3
150,49.8
150,49.8
150,50.3
150,49.8
150,49.8
151,48.8
151,48.6
151,48.3
151,48.3
151,49.8
151,49.6
151,49.6
151,49.8
151,48.8
151,49.6
152,49.6
152,48.8
152,50.8
152,50.8
152,49.8
152,50.1
152,50.1
152,49.3
152,50.1
152,50.6
153,50.6
153,49.3
153,49.6
153,49.6
153,50.1
153,49.3
153,49.1
153,49.1
153,49.3
153,50.8
154,50.8
154,49.1
154,48.8
154,49.3
154,49.3
154,50.8
154,50.1
154,50.1
154,50.1
154,50.1
155,50.3
155,50.3
155,49.6
155,50.1
155,50.1
155,49.8
155,50.1
155,50.3
155,50.3
155,50.6
155,50.3
156,50.3
156,50.1
156,49.8
156,49.3
156,49.3
156,49.3
156,49.1
156,49.1
156,49.1
157,49.8
157,50.1
157,50.1
157,50.3
157,49.8
157,49.8
157,49.3
157,51.1
157,49.3
157,49.3
158,50.1
158,50.1
158,50.1
158,49.1
158,50.1
158,50.1
158,50.1
158,50.6
158,48.8
158,48.8
159,49.3
159,50.3
159,50.3
159,50.6
159,48.6
159,50.3
159,50.3
159,49.8
159,49.3
159,49.3
160,50.1
160,49.8
160,49.8
160,49.8
160,49.8
160,49.1
160,49.1
160,49.1
160,48.6
160,50.3
161,50.3
161,49.1
161,49.8
161,49.8
161,49.8
161,49.8
161,49.8
161,49.8
161,49.8
161,50.1
162,50.1
162,49.3
162,50.1
162,49.6
162,49.6
162,49.8
162,50.3
162,50.3
162,50.3
163,50.1
163,50.3
163,50.3
163,48.8
163,49.1
163,49.1
163,49.6
163,49.6
163,50.1
163,50.1
164,49.3
164,50.6
164,50.6
164,49.8
164,50.1
164,50.6
164,50.6
164,49.8
164,49.6
164,50.1
164,50.1
165,49.6
165,49.1
165,50.1
165,50.1
165,49.6
165,49.3
165,49.3
165,50.6
165,50.3
165,50.3
166,50.1
166,50.1
166,49.3
166,49.3
166,49.8
166,49.8
166,49.8
166,49.8
166,49.3
166,48.8
167,48.8
167,49.8
167,50.1
167,50.1
167,49.8
167,49.6
167,49.6
167,49.6
167,50.6
167,50.3
168,50.3
168,48.8
168,50.6
168,50.6
168,50.3
168,49.8
168,50.3
168,50.3
168,50.6
168,49.1
169,49.1
169,49.1
169,50.1
169,49.3
169,49.3
169,49.6
169,50.3
169,50.3
169,48.8
170,48.8
170,50.8
170,50.8
170,50.6
170,48.8
170,48.8
170,49.1
170,49.8
170,50.3
170,50.3
171,50.6
171,49.1
171,49.1
171,50.1
171,49.1
171,49.6
171,49.6
171,49.6
171,50.8
171,50.1
171,50.1
172,49.8
172,49.1
172,49.1
172,51.1
172,49.1
172,49.3
172,49.3
172,50.1
172,49.1
172,49.1
173,50.6
173,49.6
173,50.8
173,50.8
173,49.6
173,50.3
173,50.3
173,48.8
173,49.6
173,50.1
174,50.1
174,50.6
174,50.1
174,50.1
174,50.1
174,49.8
174,50.1
174,50.1
174,48.8
174,49.1
175,49.1
175,48.3
175,50.3
175,50.1
175,50.1
175,50.1
175,49.3
175,49.3
175,50.1
175,50.3
176,50.3
176,49.8
176,49.1
176,48.6
176,48.6
176,49.6
176,49.6
176,49.6
176,49.3
177,50.1
177,50.1
177,50.1
177,50.3
177,49.8
177,49.8
177,50.1
177,48.3
177,49.1
177,49.1
178,50.1
178,49.3
178,49.3
178,49.8
178,50.1
178,50.1
178,50.1
178,48.8
178,49.6
178,49.6
179,48.8
179,48.8
179,50.3
179,50.3
179,50.6
179,50.6
179,50.6
179,49.8
179,49.8
179,49.8
180,49.6
180,49.8
180,49.1
180,49.1
180,49.8
180,50.6
180,50.6
180,48.8
180,49.6
180,49.6
181,50.3
181,50.1
181,49.3
181,49.3
181,48.1
181,50.8
181,50.8
181,49.6
181,49.8
181,50.1
181,50.1
182,48.6
182,49.1
182,49.1
182,49.6
182,51.1
182,50.6
182,50.6
182,49.8
182,49.8
182,49.8
183,49.8
183,49.8
183,49.6
183,49.6
183,49.3
183,50.1
183,50.1
183,49.3
183,49.1
183,50.1
184,50.1
184,49.6
184,49.6
184,49.6
184,50.1
184,49.8
184,49.8
184,49.8
184,49.8
184,49.3
185,49.3
185,48.8
185,48.1
185,48.1
185,50.3
185,49.1
185,50.3
185,50.3
185,49.3
185,49.8
186,49.8
186,49.1
186,49.6
186,49.6
186,49.6
186,49.8
186,50.1
186,50.1
186,49.1
187,50.1
187,49.8
187,49.8
187,50.8
187,49.8
187,49.8
187,48.8
187,49.1
187,49.1
187,49.1
188,49.8
188,48.3
188,48.3
188,49.6
188,50.3
188,49.6
188,49.6
188,49.8
188,49.8
188,49.8
189,49.6
189,50.3
189,48.8
189,48.8
189,50.3
189,49.1
189,49.1
189,48.8
189,49.3
189,48.8
189,48.8
190,49.8
190,49.1
190,49.1
190,49.1
190,49.1
190,48.8
190,48.8
190,49.6
190,49.6
190,49.6
191,48.6
191,49.1
191,49.1
191,49.1
191,48.3
191,50.3
191,50.3
191,49.3
191,49.3
191,49.3
192,49.3
192,50.1
192,50.3
192,50.3
192,49.6
192,50.1
192,50.1
192,50.3
192,49.8
192,47.3
193,47.3
193,50.3
193,49.1
193,49.1
193,49.6
193,50.1
193,48.8
193,48.8
193,49.8
193,49.3
194,49.3
194,49.8
194,49.3
194,50.1
194,50.1
194,49.3
194,49.6
194,49.6
194,50.1
195,49.6
195,49.8
195,49.8
195,50.1
195,49.8
195,49.8
195,49.1
195,50.6
195,49.8
195,49.8
196,49.6
196,48.6
196,48.6
196,50.3
196,50.3
196,49.8
196,49.8
196,48.8
196,50.6
196,50.6
197,49.8
197,49.6
197,50.6
197,50.6
197,49.1
197,49.8
197,49.8
197,49.8
197,50.6
197,50.6
198,49.6
198,48.1
198,49.1
198,49.1
198,49.8
198,49.8
198,49.8
198,48.8
198,49.1
198,50.1
199,50.1
199,48.8
199,49.8
199,49.8
199,49.1
199,49.3
199,49.3
199,49.3
199,49.6
199,48.8
199,48.8
200,50.3
200,49.8
200,48.1
200,48.1
200,50.1
200,50.1
200,50.1
200,49.3
200,50.6
200,49.1
201,49.1
201,49.3
201,49.8
201,49.8
201,49.6
201,49.6
201,49.6
201,49.6
201,49.6
201,49.1
202,49.1
202,48.8
202,49.3
202,49.3
202,48.8
202,49.1
202,50.1
202,50.1
202,49.1
202,49.1
203,49.1
203,50.1
203,49.1
203,49.8
203,49.8
203,49.3
203,50.3
203,50.3
203,49.3
204,49.3
204,49.6
204,49.6
204,49.6
204,49.1
204,49.1
204,49.8
204,49.1
204,49.1
204,49.1
205,48.3
205,49.1
205,49.1
205,49.3
205,48.8
205,49.6
205,49.6
205,49.6
205,49.3
205,49.3
206,49.1
206,49.6
206,49.8
206,49.8
206,49.1
206,49.6
206,49.6
206,49.1
206,49.6
206,49.3
207,49.3
207,49.6
207,49.6
207,49.6
207,50.3
207,50.1
207,50.1
207,50.1
207,50.6
207,50.3
208,50.3
208,50.3
208,49.3
208,50.1
208,50.1
208,48.8
208,49.8
208,49.8
208,49.1
209,48.8
209,50.1
209,50.1
209,49.8
209,49.8
209,49.8
209,50.1
209,48.3
209,49.1
209,49.1
209,49.1
209,49.6
210,49.6
210,49.1
210,50.3
210,50.3
210,50.1
210,49.8
210,49.1
210,49.1
210,48.3
210,48.3
211,48.3
211,49.1
211,50.3
211,50.3
211,50.3
211,48.8
211,48.8
211,48.8
211,50.1
212,50.1
212,50.8
212,50.8
212,48.8
212,48.6
212,48.6
212,49.6
212,49.8
212,49.8
212,49.8
213,49.1
213,49.8
213,49.8
213,50.1
213,49.1
213,49.1
213,49.1
213,48.6
213,50.6
213,50.6
214,49.3
214,51.1
214,50.3
214,50.3
214,49.3
214,48.8
214,48.8
214,50.1
214,49.6
214,49.6
215,49.3
215,50.1
215,51.1
215,51.1
215,49.6
215,49.6
215,49.6
215,49.3
215,49.3
215,49.3
216,49.3
216,50.3
216,50.6
216,50.6
216,48.3
216,49.8
216,49.6
216,49.6
216,50.8
216,49.6
217,49.6
217,49.6
217,49.3
217,49.3
217,49.1
217,49.3
217,49.8
217,49.8
217,49.6
217,49.1
218,49.1
218,48.6
218,49.8
218,50.1
218,50.1
218,49.8
218,49.1
218,49.1
218,50.1
218,49.6
219,49.6
219,49.8
219,49.3
219,49.6
219,49.6
219,48.3
219,49.6
219,49.6
219,49.1
219,49.1
220,50.1
220,50.1
220,49.3
220,50.1
220,50.1
220,49.6
220,49.1
220,49.3
220,49.3
221,49.3
221,49.1
221,49.1
221,49.1
221,50.1
221,50.1
221,50.6
221,49.3
221,49.6
221,49.6
222,49.8
222,48.6
222,48.6
222,48.6
222,50.3
222,49.1
222,49.1
222,49.3
222,49.8
222,49.8
222,49.8
223,49.6
223,49.1
223,49.1
223,50.1
223,48.6
223,48.6
223,48.8
223,49.6
223,49.6
223,49.6
224,49.1
224,49.1
224,49.1
224,49.1
224,49.8
224,48.8
224,48.8
224,49.1
224,49.8
224,49.8
225,49.8
225,49.1
225,49.8
225,49.8
225,50.3
225,49.6
225,49.6
225,49.1
225,49.6
225,49.3
226,49.3
226,48.6
226,49.6
226,49.6
226,49.8
226,50.1
226,49.6
226,49.6
226,49.6
226,49.6
227,49.6
227,49.1
227,49.8
227,49.8
227,49.3
227,49.8
227,49.1
227,49.1
227,49.3
227,49.6
228,49.6
228,49.8
228,49.8
228,49.8
228,50.6
228,49.3
228,50.1
228,50.1
228,49.1
228,49.3
229,49.3
229,50.1
229,50.6
229,50.3
229,50.3
229,49.1
229,50.6
229,50.6
229,49.8
230,48.6
230,49.1
230,49.1
230,48.8
230,49.8
230,49.8
230,49.3
230,49.3
230,48.6
230,48.6
231,49.8
231,49.6
231,49.6
231,48.8
231,50.3
231,48.8
231,48.8
231,49.8
231,48.6
231,48.6
231,48.8
231,49.8
232,49.3
232,49.3
232,49.6
232,49.1
232,49.1
232,49.3
232,50.1
232,50.1
232,49.3
233,49.3
233,49.3
233,49.3
233,49.6
233,49.8
233,49.1
233,49.1
233,49.3
233,49.6
233,49.6
234,49.8
234,49.3
234,49.1
234,49.1
234,48.6
234,49.3
234,49.3
234,49.3
234,49.6
234,49.6
235,48.6
235,49.8
235,49.1
235,49.1
235,49.3
235,50.1
235,50.1
235,49.8
235,50.1
235,48.8
236,48.8
236,49.6
236,49.8
236,49.8
236,49.8
236,50.1
236,50.1
236,50.1
236,48.6
236,49.6
237,49.6
237,50.6
237,49.6
237,49.6
237,49.6
237,49.6
237,49.8
237,49.8
237,49.1
238,49.3
238,49.8
238,49.8
238,49.3
238,49.6
238,49.6
238,49.1
238,49.8
238,50.3
238,50.3
239,49.6
239,49.8
239,49.8
239,49.3
239,50.1
239,49.1
239,49.1
239,49.1
239,48.6
239,49.3
239,49.3
240,49.1
240,49.6
240,49.6
240,49.6
240,49.8
240,48.3
240,48.3
240,49.1
240,49.6
240,49.6
241,50.3
241,49.3
241,49.8
241,49.8
241,48.3
241,49.6
241,49.6
241,49.1
241,49.1
241,50.1
242,50.1
242,48.8
242,49.1
242,49.1
242,49.8
242,48.3
242,48.8
242,48.8
242,49.3
242,48.6
243,48.6
243,49.3
243,49.8
243,50.3
243,50.3
243,49.8
243,49.1
243,49.1
243,48.3
243,48.3
244,48.3
244,48.3
244,49.1
244,49.8
244,49.8
244,49.6
244,49.3
244,49.8
244,49.8
245,47.8
245,48.6
245,48.6
245,48.8
245,49.6
245,49.8
245,49.8
245,49.8
245,49.6
245,49.6
246,48.8
246,50.1
246,48.8
246,48.8
246,49.6
246,49.8
246,49.8
246,49.3
246,49.3
246,48.8
247,48.8
247,48.8
247,49.6
247,49.6
247,50.6
247,49.6
247,49.6
247,48.8
247,50.1
247,49.6
247,49.6
248,50.1
248,49.1
248,49.1
248,49.3
248,50.1
248,49.3
248,49.3
248,49.6
248,48.8
248,48.8
249,49.3
249,50.1
249,48.8
249,48.8
249,49.8
249,49.8
249,49.8
249,49.6
249,49.1
249,49.3
250,49.3
250,49.8
250,49.6
250,49.6
250,49.3
250,49.1
250,50.3
250,50.3
250,49.3
250,49.8
251,49.8
251,49.1
251,50.8
251,50.8
251,49.6
251,48.8
251,49.1
251,49.1
251,49.6
251,49.1
252,49.1
252,50.1
252,49.3
252,49.6
252,49.6
252,50.3
252,49.3
252,49.3
252,50.3
252,48.8
253,50.3
253,50.3
253,49.6
253,49.6
253,49.6
253,49.3
253,48.8
253,50.3
253,50.3
254,51.1
254,49.6
254,49.6
254,48.8
254,49.3
254,48.6
254,48.6
254,49.1
254,49.1
254,49.1
255,50.3
255,48.6
255,49.3
255,49.3
255,50.1
255,48.8
255,48.8
255,48.6
255,50.1
255,49.8
256,49.8
256,49.1
256,49.3
256,49.3
256,48.8
256,48.8
256,49.8
256,49.8
256,49.1
256,49.3
256,49.3
257,48.8
257,49.6
257,49.8
257,49.8
257,49.6
257,49.6
257,49.6
257,49.6
257,49.1
257,50.1
258,50.1
258,48.8
258,48.1
258,48.1
258,49.3
258,49.1
258,49.8
258,49.8
258,49.3
258,48.6
259,48.6
259,49.3
259,49.3
259,48.8
259,48.8
259,48.8
259,49.1
259,49.1
259,49.6
259,48.1
260,48.1
260,49.1
260,48.8
260,49.1
260,49.1
260,49.1
260,48.3
260,48.3
260,50.1
261,49.1
261,49.6
261,49.6
261,50.3
261,49.6
261,49.8
261,49.8
261,50.1
261,49.1
261,49.1
262,49.1
262,49.1
262,49.1
262,49.1
262,49.6
262,50.3
262,50.3
262,49.3
262,49.8
262,49.8
263,50.3
263,49.6
263,48.6
263,48.6
263,49.8
263,49.1
263,49.1
263,49.6
263,49.3
263,49.3
264,49.3
264,48.6
264,48.8
264,48.8
264,49.3
264,49.6
264,49.1
264,49.1
264,49.8
264,49.3
264,49.3
265,49.6
265,49.6
265,49.8
265,49.8
265,49.3
265,48.8
265,48.8
265,48.6
265,49.1
265,50.1
266,50.1
266,50.1
266,49.1
266,49.1
266,49.8
266,48.3
266,48.6
266,48.6
266,48.8
266,48.8
267,48.8
267,49.6
267,49.3
267,48.1
267,48.1
267,49.1
267,48.3
267,48.3
267,49.8
268,49.3
268,49.1
268,49.1
268,49.6
268,49.3
268,49.3
268,50.3
268,50.6
268,48.8
268,48.8
269,48.3
269,49.3
269,49.3
269,49.3
269,48.6
269,49.3
269,49.3
269,49.3
269,49.6
269,49.6
270,48.8
270,50.1
270,49.3
270,49.3
270,48.8
270,49.1
270,49.1
270,48.8
270,49.3
270,49.3
271,50.1
271,50.8
271,48.8
271,48.8
271,48.8
271,49.8
271,49.8
271,49.8
271,49.8
271,49.3
272,49.3
272,50.1
272,49.3
272,49.3
272,49.6
272,49.3
272,50.8
272,50.8
272,49.3
272,49.8
273,49.8
273,50.1
273,49.1
273,47.8
273,47.8
273,48.8
273,50.1
273,50.1
273,50.6
273,48.8
273,48.8
274,48.3
274,48.8
274,48.6
274,48.6
274,48.8
274,50.3
274,50.3
274,49.1
274,49.3
274,49.8
275,49.8
275,49.8
275,49.1
275,49.1
275,48.8
275,49.3
275,49.8
275,49.8
275,49.3
275,48.6
276,48.6
276,49.3
276,50.1
276,50.6
276,50.6
276,50.1
276,48.8
276,48.8
276,48.6
277,49.6
277,49.1
277,49.1
277,49.1
277,48.6
277,49.3
277,49.3
277,50.6
277,48.6
277,49.3
278,49.3
278,49.6
278,49.3
278,49.3
278,48.8
278,49.8
278,48.6
278,48.6
278,48.1
278,49.1
279,49.1
279,48.8
279,49.6
279,50.1
279,50.1
279,49.1
279,50.1
279,50.1
279,48.8
279,49.6
279,49.6
280,49.1
280,48.8
280,49.1
280,49.1
280,48.6
280,49.3
280,49.3
280,49.3
280,48.3
280,49.3
281,49.3
281,49.8
281,49.6
281,49.6
281,49.3
281,48.1
281,48.8
281,48.8
281,49.3
281,48.3
282,48.3
282,49.3
282,49.1
282,49.1
282,49.1
282,49.6
282,48.8
282,48.8
282,48.6
283,48.3
283,48.8
283,48.8
283,48.1
283,49.1
283,49.1
283,49.1
283,49.3
283,49.3
283,48.6
284,49.8
284,49.8
284,49.8
284,48.1
284,48.8
284,48.8
284,48.6
284,49.3
284,49.3
284,49.3
285,48.3
285,49.8
285,49.8
285,48.3
285,48.8
285,48.8
285,48.8
285,48.3
285,49.1
285,49.1
286,49.1
286,49.3
286,48.8
286,48.8
286,49.1
286,48.1
286,48.1
286,48.8
286,49.6
286,49.6
287,49.6
287,49.1
287,49.8
287,49.8
287,47.6
287,49.3
287,48.6
287,48.6
287,48.8
287,48.8
288,48.8
288,49.6
288,47.8
288,49.8
288,49.8
288,49.3
288,49.1
288,49.1
288,49.1
288,49.6
288,49.6
289,49.3
289,48.3
289,49.1
289,49.1
289,49.6
289,48.3
289,48.3
289,49.6
289,48.6
289,48.8
290,48.8
290,48.3
290,49.3
290,49.3
290,49.8
290,49.6
290,49.1
290,49.1
290,49.1
290,49.3
291,49.3
291,48.8
291,48.8
291,49.1
291,49.1
291,49.1
291,49.6
291,48.6
291,48.6
292,48.6
292,49.1
292,48.3
292,48.3
292,49.3
292,48.8
292,48.8
292,48.6
292,47.8
292,49.3
293,49.3
293,49.1
293,49.8
293,49.8
293,47.6
293,48.6
293,50.1
293,50.1
293,48.3
293,49.8
294,49.8
294,49.3
294,49.6
294,48.8
294,48.8
294,49.8
294,48.8
294,48.8
294,48.3
294,48.8
294,48.8
295,48.8
295,50.1
295,48.3
295,48.3
295,48.8
295,49.3
295,48.8
295,48.8
295,48.8
295,49.8
296,49.8
296,49.1
296,47.8
296,47.8
296,48.3
296,48.8
296,48.8
296,48.8
296,49.3
296,48.6
297,48.6
297,48.6
297,49.6
297,49.8
297,49.8
297,49.3
297,49.6
297,49.6
297,48.8
297,49.6
298,48.6
298,48.6
298,48.3
298,49.8
298,49.8
298,48.6
298,47.8
298,48.1
298,48.1
299,49.6
299,49.6
299,49.6
299,48.8
299,49.3
299,48.1
299,48.1
299,48.3
299,48.6
299,48.6
300,48.6
300,49.3
300,49.1
300,49.1
300,49.3
300,48.3
300,48.3
300,48.8
300,48.3
300,48.3
301,49.1
301,48.3
301,47.6
301,47.6
301,48.8
301,48.6
301,48.6
301,48.1
301,48.8
301,47.8
302,47.8
302,48.1
302,48.6
302,48.6
302,47.6
302,48.6
302,49.6
302,49.6
302,48.6
302,49.1
303,49.1
303,49.1
303,49.1
303,48.6
303,48.6
303,49.6
303,48.8
303,48.8
303,48.3
303,48.8
304,49.1
304,49.1
304,48.8
304,49.3
304,49.3
304,48.6
304,49.1
304,49.1
304,47.3
305,49.6
305,48.3
305,48.3
305,48.8
305,48.8
305,48.8
305,49.3
305,48.8
305,48.1
305,48.1
305,48.8
305,48.3
306,48.3
306,48.6
306,48.6
306,49.3
306,49.3
306,50.1
306,50.1
306,50.1
306,48.1
306,48.3
307,47.8
307,47.8
307,48.1
307,49.8
307,49.8
307,48.6
307,49.3
307,49.3
307,48.6
308,50.3
308,48.6
308,48.6
308,48.6
308,48.8
308,48.8
308,48.3
308,49.3
308,48.8
308,48.8
309,48.6
309,49.3
309,49.3
309,49.1
309,47.8
309,48.6
309,48.6
309,50.1
309,49.3
309,49.3
310,48.3
310,48.8
310,48.8
310,48.8
310,48.8
310,48.3
310,48.3
310,48.8
310,48.3
310,49.6
311,49.6
311,49.1
311,48.3
311,48.3
311,49.3
311,49.1
311,49.1
311,49.1
311,49.3
311,48.3
312,48.3
312,48.6
312,49.6
312,49.1
312,49.1
312,49.8
312,49.3
312,49.3
312,48.6
312,50.3
313,49.8
313,49.8
313,48.1
313,48.6
313,48.6
313,48.8
313,48.8
313,48.6
313,48.6
314,48.8
314,48.8
314,48.8
314,48.6
314,48.3
314,48.1
314,48.1
314,49.6
314,49.3
314,49.3
314,49.1
314,49.8
315,48.3
315,48.3
315,49.6
315,48.6
315,48.6
315,48.1
315,49.3
315,49.3
315,48.6
316,48.6
316,48.8
316,48.8
316,49.1
316,48.6
316,48.6
316,48.6
316,49.1
316,49.6
316,49.6
317,48.8
317,48.3
317,48.3
317,49.6
317,47.8
317,48.6
317,48.6
317,48.3
317,49.1
317,49.1
318,48.3
318,49.1
318,48.8
318,48.8
318,49.1
318,48.1
318,48.1
318,49.3
318,48.3
318,48.3
319,48.3
319,48.3
319,47.8
319,47.8
319,48.8
319,49.8
319,48.6
319,48.6
319,48.6
319,49.3
320,49.3
320,48.1
320,48.3
320,48.8
320,48.8
320,48.3
320,48.8
320,48.8
320,49.1
321,48.6
321,49.3
321,49.3
321,49.6
321,49.6
321,49.6
321,48.3
321,49.6
321,50.3
321,50.3
322,48.1
322,48.8
322,48.8
322,48.3
322,47.3
322,48.6
322,48.6
322,47.6
322,49.3
322,49.3
323,49.1
323,48.6
323,48.3
323,48.3
323,49.3
323,48.1
323,48.1
323,48.1
323,49.8
323,48.1
323,48.1
324,48.3
324,48.3
324,48.3
324,48.1
324,48.8
