0,0
0,78
0,78
0,78
0,78
0,78
0,78
0,78
0,79
0,79
0,79
0,79
0,79
0,79
1,78
1,78
1,78
1,78
1,78
1,78
1,79
1,79
1,79
1,79
1,79
1,79
1,79
2,79
2,79
2,79
2,79
2,79
2,79
3,79
3,79
3,79
3,79
3,79
3,79
3,79
3,79
3,79
3,79
3,79
3,79
4,80
4,80
4,80
4,80
4,80
4,80
4,80
5,79
5,79
5,79
5,79
5,79
5,79
5,79
5,79
5,79
5,79
5,79
5,79
6,79
6,79
6,79
6,79
6,79
6,79
6,79
7,80
7,80
7,80
7,80
7,80
7,80
7,79
7,79
7,79
7,79
7,79
7,79
8,79
8,79
8,79
8,79
8,79
8,79
8,79
8,79
8,79
8,79
8,79
8,79
8,79
9,79
9,79
9,79
9,79
9,79
9,79
10,79
10,79
10,79
10,79
10,79
10,79
10,79
10,79
10,79
10,79
10,79
10,79
10,79
11,79
11,79
11,79
11,79
11,79
11,79
12,79
12,79
12,79
12,79
12,79
12,79
12,79
12,79
12,79
12,79
12,79
12,79
12,79
13,79
13,79
13,79
13,79
13,79
13,79
13,79
13,79
13,79
13,79
13,79
13,79
14,79
14,79
14,79
14,79
14,79
14,79
15,79
15,79
15,79
15,79
15,79
15,79
15,79
15,79
15,79
15,79
15,79
15,79
15,79
16,79
16,79
16,79
16,79
16,79
16,79
17,79
17,79
17,79
17,79
17,79
17,79
17,79
17,79
17,79
17,79
17,79
17,79
17,79
18,79
18,79
18,79
18,79
18,79
18,79
19,79
19,79
19,79
19,79
19,79
19,79
19,79
19,79
19,79
19,79
19,79
19,79
19,79
20,79
20,79
20,79
20,79
20,79
20,79
20,79
20,79
20,79
20,79
20,79
20,79
21,79
21,79
21,79
21,79
21,79
21,79
21,79
22,79
22,79
22,79
22,79
22,79
22,79
22,78
22,78
22,78
22,78
22,78
22,78
23,79
23,79
23,79
23,79
23,79
23,79
23,79
24,78
24,78
24,78
24,78
24,78
24,78
24,78
24,78
24,78
24,78
24,78
24,78
25,79
25,79
25,79
25,79
25,79
25,79
25,78
25,78
25,78
25,78
25,78
25,78
25,78
26,79
26,79
26,79
26,79
26,79
26,79
27,78
27,78
27,78
27,78
27,78
27,78
27,78
27,78
27,78
27,78
27,78
27,78
27,78
28,78
28,78
28,78
28,78
28,78
28,78
29,78
29,78
29,78
29,78
29,78
29,78
29,78
29,78
29,78
29,78
29,78
29,78
29,78
30,78
30,78
30,78
30,78
30,78
30,78
31,78
31,78
31,78
31,78
31,78
31,78
31,78
31,78
31,78
31,78
31,78
31,78
32,78
32,78
32,78
32,78
32,78
32,78
32,78
32,77
32,77
32,77
32,77
32,77
32,77
33,78
33,78
33,78
33,78
33,78
33,78
34,77
34,77
34,77
34,77
34,77
34,77
34,77
34,78
34,78
34,78
34,78
34,78
34,78
35,78
35,78
35,78
35,78
35,78
35,78
36,78
36,78
36,78
36,78
36,78
36,78
36,78
36,77
36,77
36,77
36,77
36,77
36,77
37,77
37,77
37,77
37,77
37,77
37,77
37,78
37,78
37,78
37,78
37,78
37,78
38,77
38,77
38,77
38,77
38,77
38,77
38,77
39,77
39,77
39,77
39,77
39,77
39,77
39,77
39,77
39,77
39,77
39,77
39,77
40,77
40,77
40,77
40,77
40,77
40,77
40,77
41,78
41,78
41,78
41,78
41,78
41,78
41,76
41,76
41,76
41,76
41,76
41,76
42,77
42,77
42,77
42,77
42,77
42,77
42,77
42,77
42,77
42,77
42,77
42,77
42,77
43,77
43,77
43,77
43,77
43,77
43,77
44,77
44,77
44,77
44,77
44,77
44,77
44,77
44,77
44,77
44,77
44,77
44,77
44,77
45,77
45,77
45,77
45,77
45,77
45,77
46,77
46,77
46,77
46,77
46,77
46,77
46,77
46,77
46,77
46,77
46,77
46,77
46,77
47,77
47,77
47,77
47,77
47,77
47,77
48,77
48,77
48,77
48,77
48,77
48,77
48,77
48,77
48,77
48,77
48,77
48,77
49,77
49,77
49,77
49,77
49,77
49,77
49,77
49,76
49,76
49,76
49,76
49,76
49,76
50,77
50,77
50,77
50,77
50,77
50,77
51,76
51,76
51,76
51,76
51,76
51,76
51,76
51,76
51,76
51,76
51,76
51,76
51,76
52,76
52,76
52,76
52,76
52,76
52,76
53,76
53,76
53,76
53,76
53,76
53,76
53,76
53,76
53,76
53,76
53,76
53,76
53,76
54,76
54,76
54,76
54,76
54,76
54,76
54,76
54,76
54,76
54,76
54,76
54,76
55,76
55,76
55,76
55,76
55,76
55,76
55,76
56,76
56,76
56,76
56,76
56,76
56,76
56,75
56,75
56,75
56,75
56,75
56,75
57,76
57,76
57,76
57,76
57,76
57,76
57,76
58,76
58,76
58,76
58,76
58,76
58,76
58,75
58,75
58,75
58,75
58,75
58,75
59,76
59,76
59,76
59,76
59,76
59,76
59,76
60,76
60,76
60,76
60,76
60,76
60,76
60,76
60,76
60,76
60,76
60,76
60,76
61,76
61,76
61,76
61,76
61,76
61,76
61,76
61,76
61,76
61,76
61,76
61,76
61,76
62,76
62,76
62,76
62,76
62,76
62,76
63,75
63,75
63,75
63,75
63,75
63,75
63,76
63,76
63,76
63,76
63,76
63,76
63,76
64,75
64,75
64,75
64,75
64,75
64,75
65,75
65,75
65,75
65,75
65,75
65,75
65,76
65,76
65,76
65,76
65,76
65,76
65,76
66,76
66,76
66,76
66,76
66,76
66,76
66,75
66,75
66,75
66,75
66,75
66,75
67,75
67,75
67,75
67,75
67,75
67,75
68,75
68,75
68,75
68,75
68,75
68,75
68,75
68,75
68,75
68,75
68,75
68,75
68,75
69,75
69,75
69,75
69,75
69,75
69,75
70,75
70,75
70,75
70,75
70,75
70,75
70,75
70,75
70,75
70,75
70,75
70,75
70,75
71,75
71,75
71,75
71,75
71,75
71,75
72,75
72,75
72,75
72,75
72,75
72,75
72,75
72,75
72,75
72,75
72,75
72,75
72,75
73,74
73,74
73,74
73,74
73,74
73,74
73,75
73,75
73,75
73,75
73,75
73,75
74,75
74,75
74,75
74,75
74,75
74,75
74,75
75,74
75,74
75,74
75,74
75,74
75,74
75,75
75,75
75,75
75,75
75,75
75,75
76,75
76,75
76,75
76,75
76,75
76,75
76,75
77,75
77,75
77,75
77,75
77,75
77,75
77,75
77,75
77,75
77,75
77,75
77,75
78,74
78,74
78,74
78,74
78,74
78,74
78,75
78,75
78,75
78,75
78,75
78,75
78,75
79,74
79,74
79,74
79,74
79,74
79,74
80,74
80,74
80,74
80,74
80,74
80,74
80,74
80,74
80,74
80,74
80,74
80,74
80,74
81,75
81,75
81,75
81,75
81,75
81,75
82,74
82,74
82,74
82,74
82,74
82,74
82,74
82,74
82,74
82,74
82,74
82,74
82,74
83,74
83,74
83,74
83,74
83,74
83,74
84,74
84,74
84,74
84,74
84,74
84,74
84,74
84,74
84,74
84,74
84,74
84,74
85,75
85,75
85,75
85,75
85,75
85,75
85,75
85,74
85,74
85,74
85,74
85,74
85,74
86,74
86,74
86,74
86,74
86,74
86,74
87,74
87,74
87,74
87,74
87,74
87,74
87,74
87,74
87,74
87,74
87,74
87,74
87,74
88,74
88,74
88,74
88,74
88,74
88,74
89,74
89,74
89,74
89,74
89,74
89,74
89,74
89,74
89,74
89,74
89,74
89,74
89,74
90,74
90,74
90,74
90,74
90,74
90,74
90,74
90,74
90,74
90,74
90,74
90,74
91,74
91,74
91,74
91,74
91,74
91,74
91,74
92,74
92,74
92,74
92,74
92,74
92,74
92,74
92,74
92,74
92,74
92,74
92,74
93,74
93,74
93,74
93,74
93,74
93,74
93,74
94,73
94,73
94,73
94,73
94,73
94,73
94,74
94,74
94,74
94,74
94,74
94,74
95,74
95,74
95,74
95,74
95,74
95,74
96,74
96,74
96,74
96,74
96,74
96,74
96,74
96,73
96,73
96,73
96,73
96,73
96,73
97,73
97,73
97,73
97,73
97,73
97,73
97,73
97,73
97,73
97,73
97,73
97,73
97,73
98,73
98,73
98,73
98,73
98,73
98,73
99,73
99,73
99,73
99,73
99,73
99,73
99,74
99,74
99,74
99,74
99,74
99,74
99,74
100,73
100,73
100,73
100,73
100,73
100,73
101,73
101,73
101,73
101,73
101,73
101,73
101,73
101,73
101,73
101,73
101,73
101,73
102,73
102,73
102,73
102,73
102,73
102,73
102,73
102,73
102,73
102,73
102,73
102,73
102,73
103,73
103,73
103,73
103,73
103,73
103,73
104,73
104,73
104,73
104,73
104,73
104,73
104,73
104,74
104,74
104,74
104,74
104,74
104,74
105,73
105,73
105,73
105,73
105,73
105,73
106,73
106,73
106,73
106,73
106,73
106,73
106,73
106,74
106,74
106,74
106,74
106,74
106,74
107,73
107,73
107,73
107,73
107,73
107,73
107,73
107,73
107,73
107,73
107,73
107,73
108,73
108,73
108,73
108,73
108,73
108,73
108,73
109,73
109,73
109,73
109,73
109,73
109,73
109,73
109,73
109,73
109,73
109,73
109,73
110,74
110,74
110,74
110,74
110,74
110,74
110,74
111,73
111,73
111,73
111,73
111,73
111,73
111,73
111,73
111,73
111,73
111,73
111,73
112,73
112,73
112,73
112,73
112,73
112,73
113,73
113,73
113,73
113,73
113,73
113,73
113,73
113,73
113,73
113,73
113,73
113,73
113,73
114,73
114,73
114,73
114,73
114,73
114,73
114,73
114,73
114,73
114,73
114,73
114,73
114,73
115,73
115,73
115,73
115,73
115,73
115,73
116,72
116,72
116,72
116,72
116,72
116,72
116,73
116,73
116,73
116,73
116,73
116,73
116,73
117,73
117,73
117,73
117,73
117,73
117,73
118,73
118,73
118,73
118,73
118,73
118,73
118,73
118,73
118,73
118,73
118,73
118,73
119,73
119,73
119,73
119,73
119,73
119,73
119,73
119,73
119,73
119,73
119,73
119,73
119,73
120,73
120,73
120,73
120,73
120,73
120,73
121,73
121,73
121,73
121,73
121,73
121,73
121,73
121,73
121,73
121,73
121,73
121,73
121,73
122,72
122,72
122,72
122,72
122,72
122,72
123,73
123,73
123,73
123,73
123,73
123,73
123,73
123,73
123,73
123,73
123,73
123,73
123,73
124,73
124,73
124,73
124,73
124,73
124,73
125,73
125,73
125,73
125,73
125,73
125,73
125,73
125,73
125,73
125,73
125,73
125,73
125,73
126,73
126,73
126,73
126,73
126,73
126,73
126,73
126,73
126,73
126,73
126,73
126,73
127,73
127,73
127,73
127,73
127,73
127,73
127,73
128,73
128,73
128,73
128,73
128,73
128,73
128,73
128,73
128,73
128,73
128,73
128,73
129,73
129,73
129,73
129,73
129,73
129,73
129,73
130,72
130,72
130,72
130,72
130,72
130,72
130,72
130,72
130,72
130,72
130,72
130,72
131,72
131,72
131,72
131,72
131,72
131,72
131,72
131,72
131,72
131,72
131,72
131,72
131,72
132,72
132,72
132,72
132,72
132,72
132,72
133,73
133,73
133,73
133,73
133,73
133,73
133,73
133,73
133,73
133,73
133,73
133,73
133,73
134,72
134,72
134,72
134,72
134,72
134,72
135,73
135,73
135,73
135,73
135,73
135,73
135,72
135,72
135,72
135,72
135,72
135,72
136,72
136,72
136,72
136,72
136,72
136,72
136,72
137,72
137,72
137,72
137,72
137,72
137,72
137,72
137,72
137,72
137,72
137,72
137,72
138,72
138,72
138,72
138,72
138,72
138,72
138,72
138,72
138,72
138,72
138,72
138,72
138,72
139,72
139,72
139,72
139,72
139,72
139,72
140,73
140,73
140,73
140,73
140,73
140,73
140,73
140,72
140,72
140,72
140,72
140,72
140,72
141,72
141,72
141,72
141,72
141,72
141,72
142,72
142,72
142,72
142,72
142,72
142,72
142,72
142,72
142,72
142,72
142,72
142,72
142,72
143,72
143,72
143,72
143,72
143,72
143,72
143,72
143,72
143,72
143,72
143,72
143,72
144,73
144,73
144,73
144,73
144,73
144,73
144,73
145,72
145,72
145,72
145,72
145,72
145,72
145,73
145,73
145,73
145,73
145,73
145,73
146,72
146,72
146,72
146,72
146,72
146,72
147,72
147,72
147,72
147,72
147,72
147,72
147,72
147,72
147,72
147,72
147,72
147,72
147,72
148,72
148,72
148,72
148,72
148,72
148,72
149,72
149,72
149,72
149,72
149,72
149,72
149,72
149,72
149,72
149,72
149,72
149,72
149,72
150,72
150,72
150,72
150,72
150,72
150,72
150,72
150,72
150,72
150,72
150,72
150,72
150,72
151,72
151,72
151,72
151,72
151,72
151,72
152,72
152,72
152,72
152,72
152,72
152,72
152,72
152,72
152,72
152,72
152,72
152,72
153,72
153,72
153,72
153,72
153,72
153,72
153,72
154,72
154,72
154,72
154,72
154,72
154,72
154,72
154,72
154,72
154,72
154,72
154,72
155,72
155,72
155,72
155,72
155,72
155,72
155,72
155,72
155,72
155,72
155,72
155,72
155,72
156,72
156,72
156,72
156,72
156,72
156,72
157,72
157,72
157,72
157,72
157,72
157,72
157,72
157,72
157,72
157,72
157,72
157,72
157,72
158,72
158,72
158,72
158,72
158,72
158,72
159,72
159,72
159,72
159,72
159,72
159,72
159,72
159,72
159,72
159,72
159,72
159,72
159,72
160,72
160,72
160,72
160,72
160,72
160,72
160,72
160,72
160,72
160,72
160,72
160,72
161,72
161,72
161,72
161,72
161,72
161,72
161,72
162,72
162,72
162,72
162,72
162,72
162,72
162,72
162,72
162,72
162,72
162,72
162,72
163,71
163,71
163,71
163,71
163,71
163,71
163,71
164,72
164,72
164,72
164,72
164,72
164,72
164,72
164,72
164,72
164,72
164,72
164,72
165,72
165,72
165,72
165,72
165,72
165,72
166,72
166,72
166,72
166,72
166,72
166,72
166,72
166,72
166,72
166,72
166,72
166,72
166,72
167,72
167,72
167,72
167,72
167,72
167,72
167,72
167,72
167,72
167,72
167,72
167,72
167,72
168,71
168,71
168,71
168,71
168,71
168,71
169,71
169,71
169,71
169,71
169,71
169,71
169,71
169,71
169,71
169,71
169,71
169,71
170,72
170,72
170,72
170,72
170,72
170,72
170,72
171,71
171,71
171,71
171,71
171,71
171,71
171,71
171,71
171,71
171,71
171,71
171,71
172,72
172,72
172,72
172,72
172,72
172,72
172,72
172,71
172,71
172,71
172,71
172,71
172,71
173,72
173,72
173,72
173,72
173,72
173,72
174,71
174,71
174,71
174,71
174,71
174,71
174,71
174,72
174,72
174,72
174,72
174,72
174,72
175,71
175,71
175,71
175,71
175,71
175,71
176,71
176,71
176,71
176,71
176,71
176,71
176,71
176,71
176,71
176,71
176,71
176,71
176,71
177,72
177,72
177,72
177,72
177,72
177,72
178,72
178,72
178,72
178,72
178,72
178,72
178,72
178,72
178,72
178,72
178,72
178,72
178,72
179,72
179,72
179,72
179,72
179,72
179,72
179,71
179,71
179,71
179,71
179,71
179,71
180,71
180,71
180,71
180,71
180,71
180,71
181,71
181,71
181,71
181,71
181,71
181,71
181,71
181,72
181,72
181,72
181,72
181,72
181,72
182,71
182,71
182,71
182,71
182,71
182,71
183,71
183,71
183,71
183,71
183,71
183,71
183,71
183,71
183,71
183,71
183,71
183,71
183,71
184,71
184,71
184,71
184,71
184,71
184,71
184,71
184,71
184,71
184,71
184,71
184,71
184,71
185,71
185,71
185,71
185,71
185,71
185,71
186,71
186,71
186,71
186,71
186,71
186,71
186,72
186,72
186,72
186,72
186,72
186,72
187,71
187,71
187,71
187,71
187,71
187,71
187,71
188,71
188,71
188,71
188,71
188,71
188,71
188,71
188,71
188,71
188,71
188,71
188,71
189,72
189,72
189,72
189,72
189,72
189,72
189,72
190,71
190,71
190,71
190,71
190,71
190,71
190,72
190,72
190,72
190,72
190,72
190,72
191,72
191,72
191,72
191,72
191,72
191,72
191,72
191,71
191,71
191,71
191,71
191,71
191,71
192,71
192,71
192,71
192,71
192,71
192,71
193,72
193,72
193,72
193,72
193,72
193,72
193,72
193,72
193,72
193,72
193,72
193,72
193,72
194,71
194,71
194,71
194,71
194,71
194,71
195,71
195,71
195,71
195,71
195,71
195,71
195,72
195,72
195,72
195,72
195,72
195,72
195,72
196,72
196,72
196,72
196,72
196,72
196,72
196,72
196,72
196,72
196,72
196,72
196,72
197,72
197,72
197,72
197,72
197,72
197,72
198,72
198,72
198,72
198,72
198,72
198,72
198,72
198,72
198,72
198,72
198,72
198,72
198,72
199,71
199,71
199,71
199,71
199,71
199,71
200,71
200,71
200,71
200,71
200,71
200,71
200,71
200,71
200,71
200,71
200,71
200,71
200,71
201,71
201,71
201,71
201,71
201,71
201,71
202,72
202,72
202,72
202,72
202,72
202,72
202,72
202,71
202,71
202,71
202,71
202,71
202,71
203,72
203,72
203,72
203,72
203,72
203,72
203,71
203,71
203,71
203,71
203,71
203,71
204,72
204,72
204,72
204,72
204,72
204,72
204,72
205,71
205,71
205,71
205,71
205,71
205,71
205,71
205,71
205,71
205,71
205,71
205,71
206,71
206,71
206,71
206,71
206,71
206,71
206,71
207,72
207,72
207,72
207,72
207,72
207,72
207,71
207,71
207,71
207,71
207,71
207,71
208,71
208,71
208,71
208,71
208,71
208,71
208,71
208,71
208,71
208,71
208,71
208,71
208,71
209,71
209,71
209,71
209,71
209,71
209,71
210,71
210,71
210,71
210,71
210,71
210,71
210,71
210,71
210,71
210,71
210,71
210,71
210,71
211,71
211,71
211,71
211,71
211,71
211,71
212,71
212,71
212,71
212,71
212,71
212,71
212,71
212,71
212,71
212,71
212,71
212,71
212,71
213,71
213,71
213,71
213,71
213,71
213,71
214,71
214,71
214,71
214,71
214,71
214,71
214,71
214,71
214,71
214,71
214,71
214,71
214,71
215,71
215,71
215,71
215,71
215,71
215,71
215,71
215,71
215,71
215,71
215,71
215,71
216,71
216,71
216,71
216,71
216,71
216,71
217,72
217,72
217,72
217,72
217,72
217,72
217,72
217,71
217,71
217,71
217,71
217,71
217,71
218,71
218,71
218,71
218,71
218,71
218,71
219,71
219,71
219,71
219,71
219,71
219,71
219,71
219,71
219,71
219,71
219,71
219,71
219,71
220,71
220,71
220,71
220,71
220,71
220,71
220,71
220,71
220,71
220,71
220,71
220,71
221,71
221,71
221,71
221,71
221,71
221,71
221,71
222,71
222,71
222,71
222,71
222,71
222,71
222,71
222,71
222,71
222,71
222,71
222,71
223,71
223,71
223,71
223,71
223,71
223,71
223,71
224,71
224,71
224,71
224,71
224,71
224,71
224,71
224,71
224,71
224,71
224,71
224,71
225,71
225,71
225,71
225,71
225,71
225,71
225,71
225,71
225,71
225,71
225,71
225,71
225,71
226,71
226,71
226,71
226,71
226,71
226,71
227,71
227,71
227,71
227,71
227,71
227,71
227,71
227,71
227,71
227,71
227,71
227,71
227,71
228,71
228,71
228,71
228,71
228,71
228,71
229,71
229,71
229,71
229,71
229,71
229,71
229,71
229,71
229,71
229,71
229,71
229,71
229,71
230,71
230,71
230,71
230,71
230,71
230,71
231,71
231,71
231,71
231,71
231,71
231,71
231,71
231,71
231,71
231,71
231,71
231,71
231,71
232,71
232,71
232,71
232,71
232,71
232,71
232,71
232,71
232,71
232,71
232,71
232,71
233,71
233,71
233,71
233,71
233,71
233,71
234,71
234,71
234,71
234,71
234,71
234,71
234,71
234,71
234,71
234,71
234,71
234,71
234,71
235,71
235,71
235,71
235,71
235,71
235,71
236,71
236,71
236,71
236,71
236,71
236,71
236,71
236,71
236,71
236,71
236,71
236,71
236,71
237,71
237,71
237,71
237,71
237,71
237,71
237,71
237,71
237,71
237,71
237,71
237,71
237,71
238,71
238,71
238,71
238,71
238,71
238,71
239,71
239,71
239,71
239,71
239,71
239,71
239,71
239,71
239,71
239,71
239,71
239,71
240,71
240,71
240,71
240,71
240,71
240,71
240,71
241,71
241,71
241,71
241,71
241,71
241,71
241,70
241,70
241,70
241,70
241,70
241,70
242,71
242,71
242,71
242,71
242,71
242,71
242,71
243,71
243,71
243,71
243,71
243,71
243,71
243,71
243,71
243,71
243,71
243,71
243,71
244,71
244,71
244,71
244,71
244,71
244,71
244,72
244,72
244,72
244,72
244,72
244,72
244,72
245,71
245,71
245,71
245,71
245,71
245,71
246,71
246,71
246,71
246,71
246,71
246,71
246,71
246,71
246,71
246,71
246,71
246,71
246,71
247,71
247,71
247,71
247,71
247,71
247,71
248,71
248,71
248,71
248,71
248,71
248,71
248,71
248,71
248,71
248,71
248,71
248,71
248,71
249,71
249,71
249,71
249,71
249,71
249,71
249,70
249,70
249,70
249,70
249,70
249,70
250,71
250,71
250,71
250,71
250,71
250,71
251,70
251,70
251,70
251,70
251,70
251,70
251,70
251,71
251,71
251,71
251,71
251,71
251,71
252,71
252,71
252,71
252,71
252,71
252,71
253,71
253,71
253,71
253,71
253,71
253,71
253,71
253,71
253,71
253,71
253,71
253,71
253,71
254,71
254,71
254,71
254,71
254,71
254,71
255,71
255,71
255,71
255,71
255,71
255,71
255,71
255,70
255,70
255,70
255,70
255,70
255,70
256,71
256,71
256,71
256,71
256,71
256,71
256,71
256,71
256,71
256,71
256,71
256,71
257,71
257,71
257,71
257,71
257,71
257,71
257,71
258,71
258,71
258,71
258,71
258,71
258,71
258,71
258,71
258,71
258,71
258,71
258,71
259,71
259,71
259,71
259,71
259,71
259,71
259,71
260,71
260,71
260,71
260,71
260,71
260,71
260,70
260,70
260,70
260,70
260,70
260,70
261,71
261,71
261,71
261,71
261,71
261,71
261,70
261,70
261,70
261,70
261,70
261,70
261,70
262,70
262,70
262,70
262,70
262,70
262,70
263,70
263,70
263,70
263,70
263,70
263,70
263,71
263,71
263,71
263,71
263,71
263,71
263,71
264,70
264,70
264,70
264,70
264,70
264,70
265,70
265,70
265,70
265,70
265,70
265,70
265,71
265,71
265,71
265,71
265,71
265,71
265,71
266,71
266,71
266,71
266,71
266,71
266,71
267,70
267,70
267,70
267,70
267,70
267,70
267,70
267,70
267,70
267,70
267,70
267,70
268,71
268,71
268,71
268,71
268,71
268,71
268,71
268,70
268,70
268,70
268,70
268,70
268,70
269,70
269,70
269,70
269,70
269,70
269,70
270,71
270,71
270,71
270,71
270,71
270,71
270,71
270,71
270,71
270,71
270,71
270,71
270,71
271,70
271,70
271,70
271,70
271,70
271,70
272,71
272,71
272,71
272,71
272,71
272,71
272,71
272,70
272,70
272,70
272,70
272,70
272,70
273,70
273,70
273,70
273,70
273,70
273,70
273,71
273,71
273,71
273,71
273,71
273,71
274,70
274,70
274,70
274,70
274,70
274,70
274,70
275,70
275,70
275,70
275,70
275,70
275,70
275,70
275,70
275,70
275,70
275,70
275,70
276,71
276,71
276,71
276,71
276,71
276,71
276,71
277,70
277,70
277,70
277,70
277,70
277,70
277,71
277,71
277,71
277,71
277,71
277,71
278,70
278,70
278,70
278,70
278,70
278,70
278,70
279,70
279,70
279,70
279,70
279,70
279,70
279,70
279,70
279,70
279,70
279,70
279,70
280,71
280,71
280,71
280,71
280,71
280,71
280,70
280,70
280,70
280,70
280,70
280,70
280,70
281,70
281,70
281,70
281,70
281,70
281,70
282,70
282,70
282,70
282,70
282,70
282,70
282,71
282,71
282,71
282,71
282,71
282,71
282,71
283,71
283,71
283,71
283,71
283,71
283,71
284,70
284,70
284,70
284,70
284,70
284,70
284,70
284,70
284,70
284,70
284,70
284,70
285,70
285,70
285,70
285,70
285,70
285,70
285,70
285,71
285,71
285,71
285,71
285,71
285,71
286,70
286,70
286,70
286,70
286,70
286,70
287,70
287,70
287,70
287,70
287,70
287,70
287,70
287,71
287,71
287,71
287,71
287,71
287,71
288,70
288,70
288,70
288,70
288,70
288,70
289,70
289,70
289,70
289,70
289,70
289,70
289,70
289,70
289,70
289,70
289,70
289,70
289,70
290,71
290,71
290,71
290,71
290,71
290,71
290,71
290,71
290,71
290,71
290,71
290,71
291,71
291,71
291,71
291,71
291,71
291,71
291,71
292,71
292,71
292,71
292,71
292,71
292,71
292,71
292,71
292,71
292,71
292,71
292,71
293,70
293,70
293,70
293,70
293,70
293,70
293,70
294,71
294,71
294,71
294,71
294,71
294,71
294,70
294,70
294,70
294,70
294,70
294,70
295,71
295,71
295,71
295,71
295,71
295,71
295,71
296,71
296,71
296,71
296,71
296,71
296,71
296,71
296,71
296,71
296,71
296,71
296,71
297,71
297,71
297,71
297,71
297,71
297,71
297,71
297,71
297,71
297,71
297,71
297,71
297,71
298,71
298,71
298,71
298,71
298,71
298,71
299,71
299,71
299,71
299,71
299,71
299,71
299,70
299,70
299,70
299,70
299,70
299,70
299,70
300,71
300,71
300,71
300,71
300,71
300,71
301,71
301,71
301,71
301,71
301,71
301,71
301,71
301,71
301,71
301,71
301,71
301,71
302,71
302,71
302,71
302,71
302,71
302,71
302,71
302,70
302,70
302,70
302,70
302,70
302,70
303,70
303,70
303,70
303,70
303,70
303,70
304,70
304,70
304,70
304,70
304,70
304,70
304,70
304,71
304,71
304,71
304,71
304,71
304,71
305,70
305,70
305,70
305,70
305,70
305,70
306,71
306,71
306,71
306,71
306,71
306,71
306,71
306,71
306,71
306,71
306,71
306,71
306,71
307,70
307,70
307,70
307,70
307,70
307,70
308,71
308,71
308,71
308,71
308,71
308,71
308,70
308,70
308,70
308,70
308,70
308,70
308,70
309,71
309,71
309,71
309,71
309,71
309,71
309,71
309,71
309,71
309,71
309,71
309,71
310,71
310,71
310,71
310,71
310,71
310,71
310,71
311,71
311,71
311,71
311,71
311,71
311,71
311,71
311,71
311,71
311,71
311,71
311,71
312,71
312,71
312,71
312,71
312,71
312,71
312,71
313,71
313,71
313,71
313,71
313,71
313,71
313,71
313,71
313,71
313,71
313,71
313,71
314,71
314,71
314,71
314,71
314,71
314,71
314,71
314,71
314,71
314,71
314,71
314,71
314,71
315,70
315,70
315,70
315,70
315,70
315,70
316,70
316,70
316,70
316,70
316,70
316,70
316,71
316,71
316,71
316,71
316,71
316,71
316,71
317,70
317,70
317,70
317,70
317,70
317,70
318,71
318,71
318,71
318,71
318,71
318,71
318,71
318,71
318,71
318,71
318,71
318,71
319,70
319,70
319,70
319,70
319,70
319,70
319,70
320,70
320,70
320,70
320,70
320,70
320,70
320,70
320,70
320,70
320,70
320,70
320,70
321,70
321,70
321,70
321,70
321,70
321,70
321,70
321,70
321,70
321,70
321,70
321,70
321,70
322,70
322,70
322,70
322,70
322,70
322,70
323,70
323,70
323,70
323,70
323,70
323,70
323,70
323,70
323,70
323,70
323,70
323,70
323,70
324,70
324,70
324,70
324,70
324,70
324,70
325,70
325,70
325,70
325,70
325,70
325,70
325,70
325,70
325,70
325,70
325,70
325,70
325,70
326,70
326,70
326,70
326,70
326,70
326,70
326,70
326,70
326,70
326,70
326,70
326,70
327,70
327,70
327,70
327,70
327,70
327,70
327,70
328,70
328,70
328,70
328,70
328,70
328,70
328,70
328,70
328,70
328,70
328,70
328,70
329,70
329,70
329,70
329,70
329,70
329,70
329,70
330,70
330,70
330,70
330,70
330,70
330,70
330,70
330,70
330,70
330,70
330,70
330,70
331,70
331,70
331,70
331,70
331,70
331,70
332,70
332,70
332,70
332,70
332,70
332,70
332,70
332,70
332,70
332,70
332,70
332,70
332,70
333,70
333,70
333,70
333,70
333,70
333,70
333,70
333,70
333,70
333,70
333,70
333,70
333,70
334,70
334,70
334,70
334,70
334,70
334,70
335,70
335,70
335,70
335,70
335,70
335,70
335,70
335,70
335,70
335,70
335,70
335,70
335,70
336,70
336,70
336,70
336,70
336,70
336,70
337,70
337,70
337,70
337,70
337,70
337,70
337,69
337,69
337,69
337,69
337,69
337,69
338,70
338,70
338,70
338,70
338,70
338,70
338,70
338,70
338,70
338,70
338,70
338,70
338,70
339,70
339,70
339,70
339,70
339,70
339,70
340,70
340,70
340,70
340,70
340,70
340,70
340,70
340,69
340,69
340,69
340,69
340,69
340,69
341,69
341,69
341,69
341,69
341,69
341,69
342,69
342,69
342,69
342,69
342,69
342,69
342,69
342,69
342,69
342,69
342,69
342,69
342,69
343,69
343,69
343,69
343,69
343,69
343,69
344,69
344,69
344,69
344,69
344,69
344,69
344,68
344,68
344,68
344,68
344,68
344,68
344,68
345,69
345,69
345,69
345,69
345,69
345,69
345,68
345,68
345,68
345,68
345,68
345,68
346,68
346,68
346,68
346,68
346,68
346,68
346,68
347,68
347,68
347,68
347,68
347,68
347,68
347,68
347,68
347,68
347,68
347,68
347,68
348,67
348,67
348,67
348,67
348,67
348,67
349,67
349,67
349,67
349,67
349,67
349,67
349,67
349,67
349,67
349,67
349,67
349,67
349,67
350,67
350,67
350,67
350,67
350,67
350,67
350,67
350,67
350,67
350,67
350,67
350,67
350,67
351,66
351,66
351,66
351,66
351,66
351,66
352,66
352,66
352,66
352,66
352,66
352,66
352,66
352,66
352,66
352,66
352,66
352,66
352,66
353,66
353,66
353,66
353,66
353,66
353,66
354,65
354,65
354,65
354,65
354,65
354,65
354,65
354,65
354,65
354,65
354,65
354,65
355,64
355,64
355,64
355,64
355,64
355,64
355,64
355,65
355,65
355,65
355,65
355,65
355,65
356,63
356,63
356,63
356,63
356,63
356,63
357,63
357,63
357,63
357,63
357,63
357,63
357,63
357,62
357,62
357,62
357,62
357,62
357,62
358,62
358,62
358,62
358,62
358,62
358,62
359,61
359,61
359,61
359,61
359,61
359,61
359,60
359,60
359,60
359,60
359,60
359,60
359,60
360,60
360,60
360,60
360,60
360,60
360,60
361,59
361,59
361,59
361,59
361,59
361,59
361,58
361,58
361,58
361,58
361,58
361,58
361,58
362,57
362,57
362,57
362,57
362,57
362,57
362,56
362,56
362,56
362,56
362,56
362,56
363,55
363,55
363,55
363,55
363,55
363,55
363,55
364,55
364,55
364,55
364,55
364,55
364,55
364,53
364,53
364,53
364,53
364,53
364,53
365,52
365,52
365,52
365,52
365,52
365,52
366,51
366,51
366,51
366,51
366,51
366,51
366,51
366,50
366,50
366,50
366,50
366,50
366,50
367,49
367,49
367,49
367,49
367,49
367,49
367,47
367,47
367,47
367,47
367,47
367,47
367,47
368,47
368,47
368,47
368,47
368,47
368,47
369,45
369,45
369,45
369,45
369,45
369,45
369,44
369,44
369,44
369,44
369,44
369,44
369,44
370,43
370,43
370,43
370,43
370,43
370,43
371,41
371,41
371,41
371,41
371,41
371,41
371,40
371,40
371,40
371,40
371,40
371,40
372,38
372,38
372,38
372,38
372,38
372,38
372,38
373,37
373,37
373,37
373,37
373,37
373,37
373,35
373,35
373,35
373,35
373,35
373,35
374,34
374,34
374,34
374,34
374,34
374,34
374,34
374,31
374,31
374,31
374,31
374,31
374,31
375,30
375,30
375,30
375,30
375,30
375,30
376,28
376,28
376,28
376,28
376,28
376,28
376,26
376,26
376,26
376,26
376,26
376,26
376,26
377,23
377,23
377,23
377,23
377,23
377,23
378,22
378,22
378,22
378,22
378,22
378,22
378,19
378,19
378,19
378,19
378,19
378,19
378,19
379,17
379,17
379,17
379,17
379,17
379,17
379,14
379,14
379,14
379,14
379,14
379,14
380,12
380,12
380,12
380,12
380,12
380,12
380,12
381,9
381,9
381,9
381,9
381,9
381,9
381,6
381,6
381,6
381,6
381,6
381,6
382,3
382,3
382,3
382,3
382,3
382,3
383,-1
383,-1
383,-1
383,-1
383,-1
383,-1
383,-1
383,-4
383,-4
383,-4
383,-4
383,-4
383,-4
384,-6
384,-6
384,-6
384,-6
384,-6
384,-6
385,-5
385,-5
385,-5
385,-5
385,-5
385,-5
385,-5
385,-4
385,-4
385,-4
385,-4
385,-4
385,-4
386,-4
386,-4
386,-4
386,-4
386,-4
386,-4
386,-4
386,-4
386,-4
386,-4
386,-4
386,-4
386,-4
387,-4
387,-4
387,-4
387,-4
387,-4
387,-4
388,-5
388,-5
388,-5
388,-5
388,-5
388,-5
388,-6
388,-6
388,-6
388,-6
388,-6
388,-6
389,-5
389,-5
389,-5
389,-5
389,-5
389,-5
389,-5
390,-5
390,-5
390,-5
390,-5
390,-5
390,-5
390,-5
390,-5
390,-5
390,-5
390,-5
390,-5
391,-5
391,-5
391,-5
391,-5
391,-5
391,-5
391,-5
391,-6
391,-6
391,-6
391,-6
391,-6
391,-6
392,-5
392,-5
392,-5
392,-5
392,-5
392,-5
393,-5
393,-5
393,-5
393,-5
393,-5
393,-5
393,-6
393,-6
393,-6
393,-6
393,-6
393,-6
393,-6
394,-5
394,-5
394,-5
394,-5
394,-5
394,-5
395,-6
395,-6
395,-6
395,-6
395,-6
395,-6
395,-6
395,-6
395,-6
395,-6
395,-6
395,-6
395,-6
396,-6
396,-6
396,-6
396,-6
396,-6
396,-6
397,-6
397,-6
397,-6
397,-6
397,-6
397,-6
397,-6
397,-6
397,-6
397,-6
397,-6
397,-6
397,-6
398,-6
398,-6
398,-6
398,-6
398,-6
398,-6
398,-6
398,-6
398,-6
398,-6
398,-6
398,-6
399,-5
399,-5
399,-5
399,-5
399,-5
399,-5
400,-6
400,-6
400,-6
400,-6
400,-6
400,-6
400,-6
400,-6
400,-6
400,-6
400,-6
400,-6
400,-6
401,-6
401,-6
401,-6
401,-6
401,-6
401,-6
402,-5
402,-5
402,-5
402,-5
402,-5
402,-5
402,-5
402,-6
402,-6
402,-6
402,-6
402,-6
402,-6
403,-6
403,-6
403,-6
403,-6
403,-6
403,-6
403,-5
403,-5
403,-5
403,-5
403,-5
403,-5
403,-5
404,-5
404,-5
404,-5
404,-5
404,-5
404,-5
405,-6
405,-6
405,-6
405,-6
405,-6
405,-6
405,-6
405,-6
405,-6
405,-6
405,-6
405,-6
406,-6
406,-6
406,-6
406,-6
406,-6
406,-6
406,-6
407,-6
407,-6
407,-6
407,-6
407,-6
407,-6
407,-6
407,-6
407,-6
407,-6
407,-6
407,-6
408,-5
408,-5
408,-5
408,-5
408,-5
408,-5
408,-5
408,-6
408,-6
408,-6
408,-6
408,-6
408,-6
409,-6
409,-6
409,-6
409,-6
409,-6
409,-6
410,-6
410,-6
410,-6
410,-6
410,-6
410,-6
410,-6
410,-6
410,-6
410,-6
410,-6
410,-6
410,-6
411,-6
411,-6
411,-6
411,-6
411,-6
411,-6
412,-6
412,-6
412,-6
412,-6
412,-6
412,-6
412,-6
412,-6
412,-6
412,-6
412,-6
412,-6
412,-6
413,-5
413,-5
413,-5
413,-5
413,-5
413,-5
414,-6
414,-6
414,-6
414,-6
414,-6
414,-6
414,-6
414,-6
414,-6
414,-6
414,-6
414,-6
414,-6
415,-6
415,-6
415,-6
415,-6
415,-6
415,-6
415,-6
415,-6
415,-6
415,-6
415,-6
415,-6
416,-6
416,-6
416,-6
416,-6
416,-6
416,-6
417,-6
417,-6
417,-6
417,-6
417,-6
417,-6
417,-6
417,-5
417,-5
417,-5
417,-5
417,-5
417,-5
418,-6
418,-6
418,-6
418,-6
418,-6
418,-6
419,-6
419,-6
419,-6
419,-6
419,-6
419,-6
419,-6
419,-5
419,-5
419,-5
419,-5
419,-5
419,-5
420,-6
420,-6
420,-6
420,-6
420,-6
420,-6
420,-6
420,-6
420,-6
420,-6
420,-6
420,-6
420,-6
421,-5
421,-5
421,-5
421,-5
421,-5
421,-5
422,-6
422,-6
422,-6
422,-6
422,-6
422,-6
422,-6
422,-6
422,-6
422,-6
422,-6
422,-6
423,-5
423,-5
423,-5
423,-5
423,-5
423,-5
423,-5
424,-6
424,-6
424,-6
424,-6
424,-6
424,-6
424,-5
424,-5
424,-5
424,-5
424,-5
424,-5
425,-6
425,-6
425,-6
425,-6
425,-6
425,-6
425,-6
426,-6
426,-6
426,-6
426,-6
426,-6
426,-6
426,-6
426,-6
426,-6
426,-6
426,-6
426,-6
427,-6
427,-6
427,-6
427,-6
427,-6
427,-6
427,-5
427,-5
427,-5
427,-5
427,-5
427,-5
427,-5
428,-5
428,-5
428,-5
428,-5
428,-5
428,-5
429,-5
429,-5
429,-5
429,-5
429,-5
429,-5
429,-6
429,-6
429,-6
429,-6
429,-6
429,-6
429,-6
430,-6
430,-6
430,-6
430,-6
430,-6
430,-6
431,-6
431,-6
431,-6
431,-6
431,-6
431,-6
431,-6
431,-6
431,-6
431,-6
431,-6
431,-6
431,-6
432,-6
432,-6
432,-6
432,-6
432,-6
432,-6
432,-5
432,-5
432,-5
432,-5
432,-5
432,-5
433,-6
433,-6
433,-6
433,-6
433,-6
433,-6
434,-5
434,-5
434,-5
434,-5
434,-5
434,-5
434,-5
434,-6
434,-6
434,-6
434,-6
434,-6
434,-6
435,-6
435,-6
435,-6
435,-6
435,-6
435,-6
436,-6
436,-6
436,-6
436,-6
436,-6
436,-6
436,-6
436,-6
436,-6
436,-6
436,-6
436,-6
436,-6
437,-6
437,-6
437,-6
437,-6
437,-6
437,-6
438,-6
438,-6
438,-6
438,-6
438,-6
438,-6
438,-6
438,-6
438,-6
438,-6
438,-6
438,-6
438,-6
439,-6
439,-6
439,-6
439,-6
439,-6
439,-6
439,-6
439,-6
439,-6
439,-6
439,-6
439,-6
440,-6
440,-6
440,-6
440,-6
440,-6
440,-6
440,-6
441,-6
441,-6
441,-6
441,-6
441,-6
441,-6
441,-6
441,-6
441,-6
441,-6
441,-6
441,-6
442,-5
442,-5
442,-5
442,-5
442,-5
442,-5
442,-5
443,-5
443,-5
443,-5
443,-5
443,-5
443,-5
443,-6
443,-6
443,-6
443,-6
443,-6
443,-6
444,-6
444,-6
444,-6
444,-6
444,-6
444,-6
444,-6
444,-6
444,-6
444,-6
444,-6
444,-6
444,-6
445,-6
445,-6
445,-6
445,-6
445,-6
445,-6
446,-6
446,-6
446,-6
446,-6
446,-6
446,-6
446,-6
446,-6
446,-6
446,-6
446,-6
446,-6
446,-6
447,-6
447,-6
447,-6
447,-6
447,-6
447,-6
448,-6
448,-6
448,-6
448,-6
448,-6
448,-6
448,-6
448,-6
448,-6
448,-6
448,-6
448,-6
448,-6
449,-6
449,-6
449,-6
449,-6
449,-6
449,-6
450,-6
450,-6
450,-6
450,-6
450,-6
450,-6
450,-6
450,-6
450,-6
450,-6
450,-6
450,-6
451,-6
451,-6
451,-6
451,-6
451,-6
451,-6
451,-6
451,-6
451,-6
451,-6
451,-6
451,-6
451,-6
452,-6
452,-6
452,-6
452,-6
452,-6
452,-6
453,-6
453,-6
453,-6
453,-6
453,-6
453,-6
453,-6
453,-6
453,-6
453,-6
453,-6
453,-6
453,-6
454,-6
454,-6
454,-6
454,-6
454,-6
454,-6
455,-6
455,-6
455,-6
455,-6
455,-6
455,-6
455,-5
455,-5
455,-5
455,-5
455,-5
455,-5
455,-5
456,-5
456,-5
456,-5
456,-5
456,-5
456,-5
456,-6
456,-6
456,-6
456,-6
456,-6
456,-6
457,-6
457,-6
457,-6
457,-6
457,-6
457,-6
457,-6
458,-5
458,-5
458,-5
458,-5
458,-5
458,-5
458,-6
458,-6
458,-6
458,-6
458,-6
458,-6
459,-5
459,-5
459,-5
459,-5
459,-5
459,-5
459,-5
460,-6
460,-6
460,-6
460,-6
460,-6
460,-6
460,-6
460,-6
460,-6
460,-6
460,-6
460,-6
461,-6
461,-6
461,-6
461,-6
461,-6
461,-6
461,-6
461,-6
461,-6
461,-6
461,-6
461,-6
461,-6
462,-6
462,-6
462,-6
462,-6
462,-6
462,-6
463,-6
463,-6
463,-6
463,-6
463,-6
463,-6
463,-6
463,-6
463,-6
463,-6
463,-6
463,-6
463,-6
464,-6
464,-6
464,-6
464,-6
464,-6
464,-6
465,-5
465,-5
465,-5
465,-5
465,-5
465,-5
465,-6
465,-6
465,-6
465,-6
465,-6
465,-6
465,-6
466,-6
466,-6
466,-6
466,-6
466,-6
466,-6
467,-6
467,-6
467,-6
467,-6
467,-6
467,-6
467,-6
467,-6
467,-6
467,-6
467,-6
467,-6
468,-6
468,-6
468,-6
468,-6
468,-6
468,-6
468,-6
468,-6
468,-6
468,-6
468,-6
468,-6
468,-6
469,-6
469,-6
469,-6
469,-6
469,-6
469,-6
470,-6
470,-6
470,-6
470,-6
470,-6
470,-6
470,-6
470,-6
470,-6
470,-6
470,-6
470,-6
470,-6
471,-6
471,-6
471,-6
471,-6
471,-6
471,-6
472,-5
472,-5
472,-5
472,-5
472,-5
472,-5
472,-5
472,-6
472,-6
472,-6
472,-6
472,-6
472,-6
473,-6
473,-6
473,-6
473,-6
473,-6
473,-6
473,-6
473,-6
473,-6
473,-6
473,-6
473,-6
474,-6
474,-6
474,-6
474,-6
474,-6
474,-6
474,-6
475,-6
475,-6
475,-6
475,-6
475,-6
475,-6
475,-6
475,-6
475,-6
475,-6
475,-6
475,-6
476,-6
476,-6
476,-6
476,-6
476,-6
476,-6
476,-6
477,-6
477,-6
477,-6
477,-6
477,-6
477,-6
477,-6
477,-6
477,-6
477,-6
477,-6
477,-6
478,-6
478,-6
478,-6
478,-6
478,-6
478,-6
479,-6
479,-6
479,-6
479,-6
479,-6
479,-6
479,-6
479,-6
479,-6
479,-6
479,-6
479,-6
479,-6
480,-6
480,-6
480,-6
480,-6
480,-6
480,-6
480,-6
480,-6
480,-6
480,-6
480,-6
480,-6
480,-6
481,-6
481,-6
481,-6
481,-6
481,-6
481,-6
482,-6
482,-6
482,-6
482,-6
482,-6
482,-6
482,-6
482,-6
482,-6
482,-6
482,-6
482,-6
482,-6
483,-6
483,-6
483,-6
483,-6
483,-6
483,-6
484,-6
484,-6
484,-6
484,-6
484,-6
484,-6
484,-6
484,-6
484,-6
484,-6
484,-6
484,-6
485,-6
485,-6
485,-6
485,-6
485,-6
485,-6
485,-6
485,-6
485,-6
485,-6
485,-6
485,-6
485,-6
486,-5
486,-5
486,-5
486,-5
486,-5
486,-5
487,-6
487,-6
487,-6
487,-6
487,-6
487,-6
487,-6
487,-6
487,-6
487,-6
487,-6
487,-6
487,-6
488,-6
488,-6
488,-6
488,-6
488,-6
488,-6
489,-6
489,-6
489,-6
489,-6
489,-6
489,-6
489,-6
489,-6
489,-6
489,-6
489,-6
489,-6
489,-6
490,-6
490,-6
490,-6
490,-6
490,-6
490,-6
491,-6
491,-6
491,-6
491,-6
491,-6
491,-6
491,-6
491,-6
491,-6
491,-6
491,-6
491,-6
491,-6
492,-6
492,-6
492,-6
492,-6
492,-6
492,-6
492,-6
492,-6
492,-6
492,-6
492,-6
492,-6
493,-6
493,-6
493,-6
493,-6
493,-6
493,-6
493,-6
494,-6
494,-6
494,-6
494,-6
494,-6
494,-6
494,-6
494,-6
494,-6
494,-6
494,-6
494,-6
495,-6
495,-6
495,-6
495,-6
495,-6
495,-6
495,-6
496,-6
496,-6
496,-6
496,-6
496,-6
496,-6
496,-6
496,-6
496,-6
496,-6
496,-6
496,-6
497,-6
497,-6
497,-6
497,-6
497,-6
497,-6
497,-6
497,-6
497,-6
497,-6
497,-6
497,-6
497,-6
498,-6
498,-6
498,-6
498,-6
498,-6
498,-6
499,-6
499,-6
499,-6
499,-6
499,-6
499,-6
499,-6
499,-6
499,-6
499,-6
499,-6
499,-6
499,-6
500,-6
500,-6
500,-6
500,-6
500,-6
500,-6
501,-6
501,-6
501,-6
501,-6
501,-6
501,-6
501,-5
501,-5
501,-5
501,-5
501,-5
501,-5
502,-6
502,-6
502,-6
502,-6
502,-6
502,-6
502,-6
503,-6
503,-6
503,-6
503,-6
503,-6
503,-6
503,-6
503,-6
503,-6
503,-6
503,-6
503,-6
504,-5
504,-5
504,-5
504,-5
504,-5
504,-5
504,-5
504,-6
504,-6
504,-6
504,-6
504,-6
504,-6
505,-6
505,-6
505,-6
505,-6
505,-6
505,-6
506,-6
506,-6
506,-6
506,-6
506,-6
506,-6
506,-6
506,-5
506,-5
506,-5
506,-5
506,-5
506,-5
507,-6
507,-6
507,-6
507,-6
507,-6
507,-6
508,-6
508,-6
508,-6
508,-6
508,-6
508,-6
508,-6
508,-6
508,-6
508,-6
508,-6
508,-6
508,-6
509,-6
509,-6
509,-6
509,-6
509,-6
509,-6
509,-6
509,-6
509,-6
509,-6
509,-6
509,-6
510,-6
510,-6
510,-6
510,-6
510,-6
510,-6
510,-6
511,-6
511,-6
511,-6
511,-6
511,-6
511,-6
511,-6
511,-6
511,-6
511,-6
511,-6
511,-6
512,-6
512,-6
512,-6
512,-6
512,-6
512,-6
512,-6
513,-6
513,-6
513,-6
513,-6
513,-6
513,-6
513,-5
513,-5
513,-5
513,-5
513,-5
513,-5
514,-5
514,-5
514,-5
514,-5
514,-5
514,-5
515,-6
515,-6
515,-6
515,-6
515,-6
515,-6
515,-6
515,-6
515,-6
515,-6
515,-6
515,-6
515,-6
516,-6
516,-6
516,-6
516,-6
516,-6
516,-6
516,-6
516,-6
516,-6
516,-6
516,-6
516,-6
516,-6
517,-6
517,-6
517,-6
517,-6
517,-6
517,-6
518,-6
518,-6
518,-6
518,-6
518,-6
518,-6
518,-5
518,-5
518,-5
518,-5
518,-5
518,-5
518,-5
519,-6
519,-6
519,-6
519,-6
519,-6
519,-6
520,-6
520,-6
520,-6
520,-6
520,-6
520,-6
520,-5
520,-5
520,-5
520,-5
520,-5
520,-5
521,-6
521,-6
521,-6
521,-6
521,-6
521,-6
521,-6
521,-6
521,-6
521,-6
521,-6
521,-6
521,-6
522,-6
522,-6
522,-6
522,-6
522,-6
522,-6
523,-6
523,-6
523,-6
523,-6
523,-6
523,-6
523,-6
523,-6
523,-6
523,-6
523,-6
523,-6
523,-6
524,-6
524,-6
524,-6
524,-6
524,-6
524,-6
525,-5
525,-5
525,-5
525,-5
525,-5
525,-5
525,-6
525,-6
525,-6
525,-6
525,-6
525,-6
525,-6
526,-6
526,-6
526,-6
526,-6
526,-6
526,-6
526,-6
526,-6
526,-6
526,-6
526,-6
526,-6
527,-6
527,-6
527,-6
527,-6
527,-6
527,-6
527,-6
528,-5
528,-5
528,-5
528,-5
528,-5
528,-5
528,-5
528,-5
528,-5
528,-5
528,-5
528,-5
529,-5
529,-5
529,-5
529,-5
529,-5
529,-5
529,-5
530,-6
530,-6
530,-6
530,-6
530,-6
530,-6
530,-6
530,-6
530,-6
530,-6
530,-6
530,-6
531,-6
531,-6
531,-6
531,-6
531,-6
531,-6
532,-6
532,-6
532,-6
532,-6
532,-6
532,-6
532,-6
532,-6
532,-6
532,-6
532,-6
532,-6
532,-6
533,-6
533,-6
533,-6
533,-6
533,-6
533,-6
533,-6
533,-6
533,-6
533,-6
533,-6
533,-6
533,-6
534,-6
534,-6
534,-6
534,-6
534,-6
534,-6
535,-5
535,-5
535,-5
535,-5
535,-5
535,-5
535,-6
535,-6
535,-6
535,-6
535,-6
535,-6
535,-6
536,-6
536,-6
536,-6
536,-6
536,-6
536,-6
537,-5
537,-5
537,-5
537,-5
537,-5
537,-5
537,-6
537,-6
537,-6
537,-6
537,-6
537,-6
538,-5
538,-5
538,-5
538,-5
538,-5
538,-5
538,-5
538,-6
538,-6
538,-6
538,-6
538,-6
538,-6
539,-5
539,-5
539,-5
539,-5
539,-5
539,-5
540,-6
540,-6
540,-6
540,-6
540,-6
540,-6
540,-6
540,-6
540,-6
540,-6
540,-6
540,-6
540,-6
541,-6
541,-6
541,-6
541,-6
541,-6
541,-6
542,-6
542,-6
542,-6
542,-6
542,-6
542,-6
542,-6
542,-6
542,-6
542,-6
542,-6
542,-6
542,-6
543,-5
543,-5
543,-5
543,-5
543,-5
543,-5
544,-6
544,-6
544,-6
544,-6
544,-6
544,-6
544,-6
544,-6
544,-6
544,-6
544,-6
544,-6
544,-6
545,-5
545,-5
545,-5
545,-5
545,-5
545,-5
545,-6
545,-6
545,-6
545,-6
545,-6
545,-6
546,-6
546,-6
546,-6
546,-6
546,-6
546,-6
546,-6
547,-6
547,-6
547,-6
547,-6
547,-6
547,-6
547,-6
547,-6
547,-6
547,-6
547,-6
547,-6
548,-6
548,-6
548,-6
548,-6
548,-6
548,-6
549,-6
549,-6
549,-6
549,-6
549,-6
549,-6
549,-6
549,-6
549,-6
549,-6
549,-6
549,-6
549,-6
550,-6
550,-6
550,-6
550,-6
550,-6
550,-6
550,-6
550,-6
550,-6
550,-6
550,-6
550,-6
550,-6
551,-6
551,-6
551,-6
551,-6
551,-6
551,-6
552,-6
552,-6
552,-6
552,-6
552,-6
552,-6
552,-6
552,-6
552,-6
552,-6
552,-6
552,-6
552,-6
553,-6
553,-6
553,-6
553,-6
553,-6
553,-6
554,-6
554,-6
554,-6
554,-6
554,-6
554,-6
554,-6
554,-6
554,-6
554,-6
554,-6
554,-6
555,-6
555,-6
555,-6
555,-6
555,-6
555,-6
555,-6
556,-6
556,-6
556,-6
556,-6
556,-6
556,-6
556,-6
556,-6
556,-6
556,-6
556,-6
556,-6
557,-6
557,-6
557,-6
557,-6
557,-6
557,-6
557,-6
557,-6
557,-6
557,-6
557,-6
557,-6
557,-6
558,-6
558,-6
558,-6
558,-6
558,-6
558,-6
559,-6
559,-6
559,-6
559,-6
559,-6
559,-6
559,-6
559,-6
559,-6
559,-6
559,-6
559,-6
559,-6
560,-6
560,-6
560,-6
560,-6
560,-6
560,-6
561,-6
561,-6
561,-6
561,-6
561,-6
561,-6
561,-6
561,-6
561,-6
561,-6
561,-6
561,-6
561,-6
562,-6
562,-6
562,-6
562,-6
562,-6
562,-6
562,-6
562,-6
562,-6
562,-6
562,-6
562,-6
563,-6
563,-6
563,-6
563,-6
563,-6
563,-6
563,-6
564,-6
564,-6
564,-6
564,-6
564,-6
564,-6
564,-6
564,-6
564,-6
564,-6
564,-6
564,-6
565,-6
565,-6
565,-6
565,-6
565,-6
565,-6
565,-6
566,-6
566,-6
566,-6
566,-6
566,-6
566,-6
566,-6
566,-6
566,-6
566,-6
566,-6
566,-6
567,-6
567,-6
567,-6
567,-6
567,-6
567,-6
568,-6
568,-6
568,-6
568,-6
568,-6
568,-6
568,-6
568,-5
568,-5
568,-5
568,-5
568,-5
568,-5
569,-6
569,-6
569,-6
569,-6
569,-6
569,-6
569,-5
569,-5
569,-5
569,-5
569,-5
569,-5
569,-5
570,-6
570,-6
570,-6
570,-6
570,-6
570,-6
571,-7
571,-7
571,-7
571,-7
571,-7
571,-7
571,-6
571,-6
571,-6
571,-6
571,-6
571,-6
572,-6
572,-6
572,-6
572,-6
572,-6
572,-6
572,-6
573,-6
573,-6
573,-6
573,-6
573,-6
573,-6
573,-6
573,-6
573,-6
573,-6
573,-6
573,-6
574,-6
574,-6
574,-6
574,-6
574,-6
574,-6
574,-6
574,-6
574,-6
574,-6
574,-6
574,-6
574,-6
575,-5
575,-5
575,-5
575,-5
575,-5
575,-5
576,-6
576,-6
576,-6
576,-6
576,-6
576,-6
576,-6
576,-6
576,-6
576,-6
576,-6
576,-6
576,-6
577,-6
577,-6
577,-6
577,-6
577,-6
577,-6
578,-6
578,-6
578,-6
578,-6
578,-6
578,-6
578,-6
578,-6
578,-6
578,-6
578,-6
578,-6
578,-6
579,-6
579,-6
579,-6
579,-6
579,-6
579,-6
579,-6
579,-6
579,-6
579,-6
579,-6
579,-6
580,-6
580,-6
580,-6
580,-6
580,-6
580,-6
580,-6
581,-6
581,-6
581,-6
581,-6
581,-6
581,-6
581,-6
581,-6
581,-6
581,-6
581,-6
581,-6
582,-6
582,-6
582,-6
582,-6
582,-6
582,-6
582,-6
583,-6
583,-6
583,-6
583,-6
583,-6
583,-6
583,-5
583,-5
583,-5
583,-5
583,-5
583,-5
584,-5
584,-5
584,-5
584,-5
584,-5
584,-5
585,-5
585,-5
585,-5
585,-5
585,-5
585,-5
585,-5
585,-6
585,-6
585,-6
585,-6
585,-6
585,-6
586,-6
586,-6
586,-6
586,-6
586,-6
586,-6
586,-6
586,-6
586,-6
586,-6
586,-6
586,-6
586,-6
587,-6
587,-6
587,-6
587,-6
587,-6
587,-6
588,-6
588,-6
588,-6
588,-6
588,-6
588,-6
588,-6
588,-6
588,-6
588,-6
588,-6
588,-6
588,-6
589,-6
589,-6
589,-6
589,-6
589,-6
589,-6
590,-6
590,-6
590,-6
590,-6
590,-6
590,-6
590,-5
590,-5
590,-5
590,-5
590,-5
590,-5
591,-6
591,-6
591,-6
591,-6
591,-6
591,-6
591,-6
591,-6
591,-6
591,-6
591,-6
591,-6
591,-6
592,-6
592,-6
592,-6
592,-6
592,-6
592,-6
593,-6
593,-6
593,-6
593,-6
593,-6
593,-6
593,-6
593,-5
593,-5
593,-5
593,-5
593,-5
593,-5
594,-6
594,-6
594,-6
594,-6
594,-6
594,-6
595,-6
595,-6
595,-6
595,-6
595,-6
595,-6
595,-6
595,-6
595,-6
595,-6
595,-6
595,-6
595,-6
596,-6
596,-6
596,-6
596,-6
596,-6
596,-6
597,-6
597,-6
597,-6
597,-6
597,-6
597,-6
597,-5
597,-5
597,-5
597,-5
597,-5
597,-5
597,-5
598,-6
598,-6
598,-6
598,-6
598,-6
598,-6
598,-5
598,-5
598,-5
598,-5
598,-5
598,-5
599,-6
599,-6
599,-6
599,-6
599,-6
599,-6
599,-6
600,-6
600,-6
600,-6
600,-6
600,-6
600,-6
600,-5
600,-5
600,-5
600,-5
600,-5
600,-5
601,-6
601,-6
601,-6
601,-6
601,-6
601,-6
602,-6
602,-6
602,-6
602,-6
602,-6
602,-6
602,-6
602,-6
602,-6
602,-6
602,-6
602,-6
602,-6
603,-6
603,-6
603,-6
603,-6
603,-6
603,-6
603,-5
603,-5
603,-5
603,-5
603,-5
603,-5
603,-5
604,-5
604,-5
604,-5
604,-5
604,-5
604,-5
605,-6
605,-6
605,-6
605,-6
605,-6
605,-6
605,-5
605,-5
605,-5
605,-5
605,-5
605,-5
606,-6
606,-6
606,-6
606,-6
606,-6
606,-6
606,-6
607,-6
607,-6
607,-6
607,-6
607,-6
607,-6
607,-6
607,-6
607,-6
607,-6
607,-6
607,-6
608,-5
608,-5
608,-5
608,-5
608,-5
608,-5
608,-5
609,-6
609,-6
609,-6
609,-6
609,-6
609,-6
609,-6
609,-6
609,-6
609,-6
609,-6
609,-6
610,-6
610,-6
610,-6
610,-6
610,-6
610,-6
610,-6
610,-6
610,-6
610,-6
610,-6
610,-6
610,-6
611,-6
611,-6
611,-6
611,-6
611,-6
611,-6
612,-6
612,-6
612,-6
612,-6
612,-6
612,-6
612,-5
612,-5
612,-5
612,-5
612,-5
612,-5
612,-5
613,-6
613,-6
613,-6
613,-6
613,-6
613,-6
614,-5
614,-5
614,-5
614,-5
614,-5
614,-5
614,-6
614,-6
614,-6
614,-6
614,-6
614,-6
614,-6
615,-6
615,-6
615,-6
615,-6
615,-6
615,-6
615,-6
615,-6
615,-6
615,-6
615,-6
615,-6
616,-6
616,-6
616,-6
616,-6
616,-6
616,-6
616,-6
617,-6
617,-6
617,-6
617,-6
617,-6
617,-6
617,-6
617,-6
617,-6
617,-6
617,-6
617,-6
618,-6
618,-6
618,-6
618,-6
618,-6
618,-6
619,-6
619,-6
619,-6
619,-6
619,-6
619,-6
619,-6
619,-6
619,-6
619,-6
619,-6
619,-6
619,-6
620,-6
620,-6
620,-6
620,-6
620,-6
620,-6
621,-6
621,-6
621,-6
621,-6
621,-6
621,-6
621,-6
621,-6
621,-6
621,-6
621,-6
621,-6
621,-6
622,-6
622,-6
622,-6
622,-6
622,-6
622,-6
622,-6
622,-6
622,-6
622,-6
622,-6
622,-6
623,-6
623,-6
623,-6
623,-6
623,-6
623,-6
623,-6
624,-6
624,-6
624,-6
624,-6
624,-6
624,-6
624,-6
624,-6
624,-6
624,-6
624,-6
624,-6
625,-6
625,-6
625,-6
625,-6
625,-6
625,-6
625,-6
626,-6
626,-6
626,-6
626,-6
626,-6
626,-6
626,-6
626,-6
626,-6
626,-6
626,-6
626,-6
627,-6
627,-6
627,-6
627,-6
627,-6
627,-6
627,-6
627,-6
627,-6
627,-6
627,-6
627,-6
627,-6
628,-6
628,-6
628,-6
628,-6
628,-6
628,-6
629,-5
629,-5
629,-5
629,-5
629,-5
629,-5
629,-6
629,-6
629,-6
629,-6
629,-6
629,-6
629,-6
630,-6
630,-6
630,-6
630,-6
630,-6
630,-6
631,-6
631,-6
631,-6
631,-6
631,-6
631,-6
631,-6
631,-6
631,-6
631,-6
631,-6
631,-6
631,-6
632,-6
632,-6
632,-6
632,-6
632,-6
632,-6
633,-6
633,-6
633,-6
633,-6
633,-6
633,-6
633,-5
633,-5
633,-5
633,-5
633,-5
633,-5
633,-5
634,-5
634,-5
634,-5
634,-5
634,-5
634,-5
634,-6
634,-6
634,-6
634,-6
634,-6
634,-6
635,-5
635,-5
635,-5
635,-5
635,-5
635,-5
636,-6
636,-6
636,-6
636,-6
636,-6
636,-6
636,-6
636,-6
636,-6
636,-6
636,-6
636,-6
636,-6
637,-6
637,-6
637,-6
637,-6
637,-6
637,-6
638,-6
638,-6
638,-6
638,-6
638,-6
638,-6
638,-6
638,-5
638,-5
638,-5
638,-5
638,-5
638,-5
639,-6
639,-6
639,-6
639,-6
639,-6
639,-6
639,-5
639,-5
639,-5
639,-5
639,-5
639,-5
639,-5
640,-6
640,-6
640,-6
640,-6
640,-6
640,-6
641,-6
641,-6
641,-6
641,-6
641,-6
641,-6
641,-6
641,-6
641,-6
641,-6
641,-6
641,-6
642,-6
642,-6
642,-6
642,-6
642,-6
642,-6
642,-6
643,-6
643,-6
643,-6
643,-6
643,-6
643,-6
643,-5
643,-5
643,-5
643,-5
643,-5
643,-5
644,-5
644,-5
644,-5
644,-5
644,-5
644,-5
644,-5
644,-6
644,-6
644,-6
644,-6
644,-6
644,-6
645,-6
645,-6
645,-6
645,-6
645,-6
645,-6
646,-7
646,-7
646,-7
646,-7
646,-7
646,-7
646,-6
646,-6
646,-6
646,-6
646,-6
646,-6
646,-6
647,-6
647,-6
647,-6
647,-6
647,-6
647,-6
648,-5
648,-5
648,-5
648,-5
648,-5
648,-5
648,-6
648,-6
648,-6
648,-6
648,-6
648,-6
648,-6
649,-6
649,-6
649,-6
649,-6
649,-6
649,-6
650,-6
650,-6
650,-6
650,-6
650,-6
650,-6
650,-6
650,-6
650,-6
650,-6
650,-6
650,-6
650,-6
651,-6
651,-6
651,-6
651,-6
651,-6
651,-6
651,-5
651,-5
651,-5
651,-5
651,-5
651,-5
652,-6
652,-6
652,-6
652,-6
652,-6
652,-6
653,-6
653,-6
653,-6
653,-6
653,-6
653,-6
653,-6
653,-6
653,-6
653,-6
653,-6
653,-6
653,-6
654,-6
654,-6
654,-6
654,-6
654,-6
654,-6
655,-6
655,-6
655,-6
655,-6
655,-6
655,-6
655,-6
655,-6
655,-6
655,-6
655,-6
655,-6
655,-6
656,-6
656,-6
656,-6
656,-6
656,-6
656,-6
656,-6
656,-6
656,-6
656,-6
656,-6
656,-6
656,-6
657,-6
657,-6
657,-6
657,-6
657,-6
657,-6
658,-6
658,-6
658,-6
658,-6
658,-6
658,-6
658,-6
658,-6
658,-6
658,-6
658,-6
658,-6
659,-6
659,-6
659,-6
659,-6
659,-6
659,-6
659,-6
660,-6
660,-6
660,-6
660,-6
660,-6
660,-6
660,-6
660,-6
660,-6
660,-6
660,-6
660,-6
661,-6
661,-6
661,-6
661,-6
661,-6
661,-6
661,-6
662,-6
662,-6
662,-6
662,-6
662,-6
662,-6
662,-5
662,-5
662,-5
662,-5
662,-5
662,-5
663,-5
663,-5
663,-5
663,-5
663,-5
663,-5
663,-6
663,-6
663,-6
663,-6
663,-6
663,-6
663,-6
664,-6
664,-6
664,-6
664,-6
664,-6
664,-6
665,-6
665,-6
665,-6
665,-6
665,-6
665,-6
665,-6
665,-6
665,-6
665,-6
665,-6
665,-6
665,-6
666,-5
666,-5
666,-5
666,-5
666,-5
666,-5
667,-6
667,-6
667,-6
667,-6
667,-6
667,-6
667,-6
667,-6
667,-6
667,-6
667,-6
667,-6
667,-6
668,-5
668,-5
668,-5
668,-5
668,-5
668,-5
668,-6
668,-6
668,-6
668,-6
668,-6
668,-6
669,-6
669,-6
669,-6
669,-6
669,-6
669,-6
670,-6
670,-6
670,-6
670,-6
670,-6
670,-6
670,-6
670,-6
670,-6
670,-6
670,-6
670,-6
670,-6
671,-6
671,-6
671,-6
671,-6
671,-6
671,-6
672,-6
672,-6
672,-6
672,-6
672,-6
672,-6
672,-6
672,-6
672,-6
672,-6
672,-6
672,-6
672,-6
673,-6
673,-6
673,-6
673,-6
673,-6
673,-6
674,-6
674,-6
674,-6
674,-6
674,-6
674,-6
674,-6
674,-6
674,-6
674,-6
674,-6
674,-6
674,-6
675,-6
675,-6
675,-6
675,-6
675,-6
675,-6
675,-5
675,-5
675,-5
675,-5
675,-5
675,-5
676,-6
676,-6
676,-6
676,-6
676,-6
676,-6
676,-6
677,-5
677,-5
677,-5
677,-5
677,-5
677,-5
677,-6
677,-6
677,-6
677,-6
677,-6
677,-6
678,-6
678,-6
678,-6
678,-6
678,-6
678,-6
678,-6
679,-6
679,-6
679,-6
679,-6
679,-6
679,-6
679,-6
679,-6
679,-6
679,-6
679,-6
679,-6
680,-6
680,-6
680,-6
680,-6
680,-6
680,-6
680,-6
680,-6
680,-6
680,-6
680,-6
680,-6
680,-6
681,-6
681,-6
681,-6
681,-6
681,-6
681,-6
682,-5
682,-5
682,-5
682,-5
682,-5
682,-5
682,-6
682,-6
682,-6
682,-6
682,-6
682,-6
682,-6
683,-6
683,-6
683,-6
683,-6
683,-6
683,-6
684,-6
684,-6
684,-6
684,-6
684,-6
684,-6
684,-6
684,-6
684,-6
684,-6
684,-6
684,-6
685,-6
685,-6
685,-6
685,-6
685,-6
685,-6
685,-6
686,-6
686,-6
686,-6
686,-6
686,-6
686,-6
686,-6
686,-6
686,-6
686,-6
686,-6
686,-6
687,-5
687,-5
687,-5
687,-5
687,-5
687,-5
687,-5
687,-6
687,-6
687,-6
687,-6
687,-6
687,-6
688,-6
688,-6
688,-6
688,-6
688,-6
688,-6
689,-5
689,-5
689,-5
689,-5
689,-5
689,-5
689,-5
689,-6
689,-6
689,-6
689,-6
689,-6
689,-6
690,-6
690,-6
690,-6
690,-6
690,-6
690,-6
691,-6
691,-6
691,-6
691,-6
691,-6
691,-6
691,-5
691,-5
691,-5
691,-5
691,-5
691,-5
691,-5
692,-6
692,-6
692,-6
692,-6
692,-6
692,-6
692,-5
692,-5
692,-5
692,-5
692,-5
692,-5
693,-6
693,-6
693,-6
693,-6
693,-6
693,-6
693,-6
694,-5
694,-5
694,-5
694,-5
694,-5
694,-5
694,-5
694,-5
694,-5
694,-5
694,-5
694,-5
695,-6
695,-6
695,-6
695,-6
695,-6
695,-6
696,-6
696,-6
696,-6
696,-6
696,-6
696,-6
696,-6
696,-6
696,-6
696,-6
696,-6
696,-6
696,-6
697,-6
697,-6
697,-6
697,-6
697,-6
697,-6
698,-6
698,-6
698,-6
698,-6
698,-6
698,-6
698,-6
698,-6
698,-6
698,-6
698,-6
698,-6
698,-6
699,-6
699,-6
699,-6
699,-6
699,-6
699,-6
699,-6
699,-6
699,-6
699,-6
699,-6
699,-6
699,-6
700,-6
700,-6
700,-6
700,-6
700,-6
700,-6
701,-6
701,-6
701,-6
701,-6
701,-6
701,-6
701,-6
701,-6
701,-6
701,-6
701,-6
701,-6
702,-6
702,-6
702,-6
702,-6
702,-6
702,-6
702,-6
703,-6
703,-6
703,-6
703,-6
703,-6
703,-6
703,-6
703,-6
703,-6
703,-6
703,-6
703,-6
704,-5
704,-5
704,-5
704,-5
704,-5
704,-5
704,-5
704,-6
704,-6
704,-6
704,-6
704,-6
704,-6
705,-6
705,-6
705,-6
705,-6
705,-6
705,-6
706,-6
706,-6
706,-6
706,-6
706,-6
706,-6
706,-6
706,-6
706,-6
706,-6
706,-6
706,-6
706,-6
707,-6
707,-6
707,-6
707,-6
707,-6
707,-6
708,-6
708,-6
708,-6
708,-6
708,-6
708,-6
708,-6
708,-6
708,-6
708,-6
708,-6
708,-6
708,-6
709,-5
709,-5
709,-5
709,-5
709,-5
709,-5
709,-6
709,-6
709,-6
709,-6
709,-6
709,-6
710,-6
710,-6
710,-6
710,-6
710,-6
710,-6
710,-6
711,-6
711,-6
711,-6
711,-6
711,-6
711,-6
711,-6
711,-6
711,-6
711,-6
711,-6
711,-6
712,-6
712,-6
712,-6
712,-6
712,-6
712,-6
712,-6
713,-6
713,-6
713,-6
713,-6
713,-6
713,-6
713,-6
713,-6
713,-6
713,-6
713,-6
713,-6
714,-6
714,-6
714,-6
714,-6
714,-6
714,-6
715,-6
715,-6
715,-6
715,-6
715,-6
715,-6
715,-6
715,-6
715,-6
715,-6
715,-6
715,-6
715,-6
716,-6
716,-6
716,-6
716,-6
716,-6
716,-6
716,-5
716,-5
716,-5
716,-5
716,-5
716,-5
716,-5
717,-6
717,-6
717,-6
717,-6
717,-6
717,-6
718,-6
718,-6
718,-6
718,-6
718,-6
718,-6
718,-5
718,-5
718,-5
718,-5
718,-5
718,-5
719,-6
719,-6
719,-6
719,-6
719,-6
719,-6
719,-6
720,-6
720,-6
720,-6
720,-6
720,-6
720,-6
720,-6
720,-6
720,-6
720,-6
720,-6
720,-6
721,-6
721,-6
721,-6
721,-6
721,-6
721,-6
721,-6
721,-6
721,-6
721,-6
721,-6
721,-6
721,-6
722,-6
722,-6
722,-6
722,-6
722,-6
722,-6
723,-5
723,-5
723,-5
723,-5
723,-5
723,-5
723,-6
723,-6
723,-6
723,-6
723,-6
723,-6
723,-6
724,-6
724,-6
724,-6
724,-6
724,-6
724,-6
725,-6
725,-6
725,-6
725,-6
725,-6
725,-6
725,-6
725,-6
725,-6
725,-6
725,-6
725,-6
725,-6
726,-6
726,-6
726,-6
726,-6
726,-6
726,-6
727,-6
727,-6
727,-6
727,-6
727,-6
727,-6
727,-6
727,-6
727,-6
727,-6
727,-6
727,-6
727,-6
728,-6
728,-6
728,-6
728,-6
728,-6
728,-6
728,-6
728,-6
728,-6
728,-6
728,-6
728,-6
729,-6
729,-6
729,-6
729,-6
729,-6
729,-6
730,-6
730,-6
730,-6
730,-6
730,-6
730,-6
730,-6
730,-6
730,-6
730,-6
730,-6
730,-6
730,-6
731,-6
731,-6
731,-6
731,-6
731,-6
731,-6
732,-5
732,-5
732,-5
732,-5
732,-5
732,-5
732,-5
732,-6
732,-6
732,-6
732,-6
732,-6
732,-6
733,-6
733,-6
733,-6
733,-6
733,-6
733,-6
733,-6
733,-6
733,-6
733,-6
733,-6
733,-6
733,-6
734,-6
734,-6
734,-6
734,-6
734,-6
734,-6
735,-6
735,-6
735,-6
735,-6
735,-6
735,-6
735,-6
735,-6
735,-6
735,-6
735,-6
735,-6
736,-6
736,-6
736,-6
736,-6
736,-6
736,-6
736,-6
737,-6
737,-6
737,-6
737,-6
737,-6
737,-6
737,-6
737,-6
737,-6
737,-6
737,-6
737,-6
738,-6
738,-6
738,-6
738,-6
738,-6
738,-6
738,-6
739,-6
739,-6
739,-6
739,-6
739,-6
739,-6
739,-6
739,-6
739,-6
739,-6
739,-6
739,-6
740,-5
740,-5
740,-5
740,-5
740,-5
740,-5
740,-5
740,-5
740,-5
740,-5
740,-5
740,-5
740,-5
741,-6
741,-6
741,-6
741,-6
741,-6
741,-6
742,-6
742,-6
742,-6
742,-6
742,-6
742,-6
742,-6
742,-6
742,-6
742,-6
742,-6
742,-6
742,-6
743,-6
743,-6
743,-6
743,-6
743,-6
743,-6
744,-6
744,-6
744,-6
744,-6
744,-6
744,-6
744,-6
744,-6
744,-6
744,-6
744,-6
744,-6
744,-6
745,-6
745,-6
745,-6
745,-6
745,-6
745,-6
745,-6
745,-6
745,-6
745,-6
745,-6
745,-6
746,-6
746,-6
746,-6
746,-6
746,-6
746,-6
747,-6
747,-6
747,-6
747,-6
747,-6
747,-6
747,-6
747,-6
747,-6
747,-6
747,-6
747,-6
747,-6
748,-6
748,-6
748,-6
748,-6
748,-6
748,-6
749,-6
749,-6
749,-6
749,-6
749,-6
749,-6
749,-6
749,-6
749,-6
749,-6
749,-6
749,-6
749,-6
750,-6
750,-6
750,-6
750,-6
750,-6
750,-6
751,-6
751,-6
751,-6
751,-6
751,-6
751,-6
751,-6
751,-5
751,-5
751,-5
751,-5
751,-5
751,-5
752,-6
752,-6
752,-6
752,-6
752,-6
752,-6
752,-5
752,-5
752,-5
752,-5
752,-5
752,-5
753,-6
753,-6
753,-6
753,-6
753,-6
753,-6
753,-6
754,-6
754,-6
754,-6
754,-6
754,-6
754,-6
754,-6
754,-6
754,-6
754,-6
754,-6
754,-6
755,-5
755,-5
755,-5
755,-5
755,-5
755,-5
755,-5
756,-6
756,-6
756,-6
756,-6
756,-6
756,-6
756,-6
756,-6
756,-6
756,-6
756,-6
756,-6
757,-5
757,-5
757,-5
757,-5
757,-5
757,-5
757,-5
757,-6
757,-6
757,-6
757,-6
757,-6
757,-6
758,-6
758,-6
758,-6
758,-6
758,-6
758,-6
759,-5
759,-5
759,-5
759,-5
759,-5
759,-5
759,-6
759,-6
759,-6
759,-6
759,-6
759,-6
759,-6
760,-5
760,-5
760,-5
760,-5
760,-5
760,-5
761,-5
761,-5
761,-5
761,-5
761,-5
761,-5
761,-6
761,-6
761,-6
761,-6
761,-6
761,-6
761,-6
762,-5
762,-5
762,-5
762,-5
762,-5
762,-5
762,-6
762,-6
762,-6
762,-6
762,-6
762,-6
763,-6
763,-6
763,-6
763,-6
763,-6
763,-6
764,-6
764,-6
764,-6
764,-6
764,-6
764,-6
764,-6
764,-5
764,-5
764,-5
764,-5
764,-5
764,-5
765,-6
765,-6
765,-6
765,-6
765,-6
765,-6
766,-6
766,-6
766,-6
766,-6
766,-6
766,-6
766,-6
766,-5
766,-5
766,-5
766,-5
766,-5
766,-5
767,-6
767,-6
767,-6
767,-6
767,-6
767,-6
768,-6
768,-6
768,-6
768,-6
768,-6
768,-6
768,-6
768,-6
768,-6
768,-6
768,-6
768,-6
768,-6
769,-6
769,-6
769,-6
769,-6
769,-6
769,-6
769,-6
769,-6
769,-6
769,-6
769,-6
769,-6
770,-6
770,-6
770,-6
770,-6
770,-6
770,-6
770,-6
771,-6
771,-6
771,-6
771,-6
771,-6
771,-6
771,-5
771,-5
771,-5
771,-5
771,-5
771,-5
772,-6
772,-6
772,-6
772,-6
772,-6
772,-6
772,-6
773,-6
773,-6
773,-6
773,-6
773,-6
773,-6
773,-6
773,-6
773,-6
773,-6
773,-6
773,-6
774,-5
774,-5
774,-5
774,-5
774,-5
774,-5
774,-5
774,-5
774,-5
774,-5
774,-5
774,-5
774,-5
775,-5
775,-5
775,-5
775,-5
775,-5
775,-5
776,-5
776,-5
776,-5
776,-5
776,-5
776,-5
776,-6
776,-6
776,-6
776,-6
776,-6
776,-6
776,-6
777,-6
777,-6
777,-6
777,-6
777,-6
777,-6
778,-6
778,-6
778,-6
778,-6
778,-6
778,-6
778,-6
778,-6
778,-6
778,-6
778,-6
778,-6
778,-6
779,-6
779,-6
779,-6
779,-6
779,-6
779,-6
780,-6
780,-6
780,-6
780,-6
780,-6
780,-6
780,-6
780,-6
780,-6
780,-6
780,-6
780,-6
781,-6
781,-6
781,-6
781,-6
781,-6
781,-6
781,-6
781,-6
781,-6
781,-6
781,-6
781,-6
781,-6
782,-6
782,-6
782,-6
782,-6
782,-6
782,-6
783,-5
783,-5
783,-5
783,-5
783,-5
783,-5
783,-5
783,-6
783,-6
783,-6
783,-6
783,-6
783,-6
784,-6
784,-6
784,-6
784,-6
784,-6
784,-6
785,-6
785,-6
785,-6
785,-6
785,-6
785,-6
785,-6
785,-6
785,-6
785,-6
785,-6
785,-6
785,-6
786,-6
786,-6
786,-6
786,-6
786,-6
786,-6
786,-6
786,-6
786,-6
786,-6
786,-6
786,-6
787,-5
787,-5
787,-5
787,-5
787,-5
787,-5
787,-5
788,-5
788,-5
788,-5
788,-5
788,-5
788,-5
788,-4
788,-4
788,-4
788,-4
788,-4
788,-4
789,-4
789,-4
789,-4
789,-4
789,-4
789,-4
789,-4
790,-4
790,-4
790,-4
790,-4
790,-4
790,-4
790,-3
790,-3
790,-3
790,-3
790,-3
790,-3
791,-3
791,-3
791,-3
791,-3
791,-3
791,-3
791,-3
792,-2
792,-2
792,-2
792,-2
792,-2
792,-2
792,-3
792,-3
792,-3
792,-3
792,-3
792,-3
793,-2
793,-2
793,-2
793,-2
793,-2
793,-2
793,-2
793,-2
793,-2
793,-2
793,-2
793,-2
793,-2
794,-1
794,-1
794,-1
794,-1
794,-1
794,-1
795,-1
795,-1
795,-1
795,-1
795,-1
795,-1
795,0
795,0
795,0
795,0
795,0
795,0
795,0
796,0
796,0
796,0
796,0
796,0
796,0
797,1
797,1
797,1
797,1
797,1
797,1
797,1
797,1
797,1
797,1
797,1
797,1
797,1
798,2
798,2
798,2
798,2
798,2
798,2
798,3
798,3
798,3
798,3
798,3
798,3
799,5
799,5
799,5
799,5
799,5
799,5
800,6
800,6
800,6
800,6
800,6
800,6
800,6
800,7
800,7
800,7
800,7
800,7
800,7
801,9
801,9
801,9
801,9
801,9
801,9
802,10
802,10
802,10
802,10
802,10
802,10
802,10
802,12
802,12
802,12
802,12
802,12
802,12
803,13
803,13
803,13
803,13
803,13
803,13
804,16
804,16
804,16
804,16
804,16
804,16
804,18
804,18
804,18
804,18
804,18
804,18
804,18
805,20
805,20
805,20
805,20
805,20
805,20
805,23
805,23
805,23
805,23
805,23
805,23
806,26
806,26
806,26
806,26
806,26
806,26
806,26
807,28
807,28
807,28
807,28
807,28
807,28
807,31
807,31
807,31
807,31
807,31
807,31
808,34
808,34
808,34
808,34
808,34
808,34
808,34
809,36
809,36
809,36
809,36
809,36
809,36
809,39
809,39
809,39
809,39
809,39
809,39
810,42
810,42
810,42
810,42
810,42
810,42
810,45
810,45
810,45
810,45
810,45
810,45
810,45
811,48
811,48
811,48
811,48
811,48
811,48
812,51
812,51
812,51
812,51
812,51
812,51
812,54
812,54
812,54
812,54
812,54
812,54
812,54
813,57
813,57
813,57
813,57
813,57
813,57
814,61
814,61
814,61
814,61
814,61
814,61
814,64
814,64
814,64
814,64
814,64
814,64
814,64
815,67
815,67
815,67
815,67
815,67
815,67
815,68
815,68
815,68
815,68
815,68
815,68
816,69
816,69
816,69
816,69
816,69
816,69
817,69
817,69
817,69
817,69
817,69
817,69
817,69
817,68
817,68
817,68
817,68
817,68
817,68
818,68
818,68
818,68
818,68
818,68
818,68
819,69
819,69
819,69
819,69
819,69
819,69
819,69
819,69
819,69
819,69
819,69
819,69
819,69
820,69
820,69
820,69
820,69
820,69
820,69
821,69
821,69
821,69
821,69
821,69
821,69
821,70
821,70
821,70
821,70
821,70
821,70
821,70
822,70
822,70
822,70
822,70
822,70
822,70
822,71
822,71
822,71
822,71
822,71
822,71
823,71
823,71
823,71
823,71
823,71
823,71
823,71
824,70
824,70
824,70
824,70
824,70
824,70
824,70
824,70
824,70
824,70
824,70
824,70
825,70
825,70
825,70
825,70
825,70
825,70
825,70
826,70
826,70
826,70
826,70
826,70
826,70
826,70
826,70
826,70
826,70
826,70
826,70
827,71
827,71
827,71
827,71
827,71
827,71
827,70
827,70
827,70
827,70
827,70
827,70
827,70
828,70
828,70
828,70
828,70
828,70
828,70
829,70
829,70
829,70
829,70
829,70
829,70
829,70
829,70
829,70
829,70
829,70
829,70
829,70
830,70
830,70
830,70
830,70
830,70
830,70
831,70
831,70
831,70
831,70
831,70
831,70
831,70
831,70
831,70
831,70
831,70
831,70
831,70
832,70
832,70
832,70
832,70
832,70
832,70
833,70
833,70
833,70
833,70
833,70
833,70
833,70
833,70
833,70
833,70
833,70
833,70
834,70
834,70
834,70
834,70
834,70
834,70
834,70
834,70
834,70
834,70
834,70
834,70
834,70
835,70
835,70
835,70
835,70
835,70
835,70
836,70
836,70
836,70
836,70
836,70
836,70
836,70
836,71
836,71
836,71
836,71
836,71
836,71
837,70
837,70
837,70
837,70
837,70
837,70
838,70
838,70
838,70
838,70
838,70
838,70
838,70
838,70
838,70
838,70
838,70
838,70
838,70
839,70
839,70
839,70
839,70
839,70
839,70
839,70
839,70
839,70
839,70
839,70
839,70
840,70
840,70
840,70
840,70
840,70
840,70
840,70
841,70
841,70
841,70
841,70
841,70
841,70
841,70
841,70
841,70
841,70
841,70
841,70
842,70
842,70
842,70
842,70
842,70
842,70
842,70
843,70
843,70
843,70
843,70
843,70
843,70
843,70
843,70
843,70
843,70
843,70
843,70
844,70
844,70
844,70
844,70
844,70
844,70
845,70
845,70
845,70
845,70
845,70
845,70
845,70
845,70
845,70
845,70
845,70
845,70
845,70
846,70
846,70
846,70
846,70
846,70
846,70
846,71
846,71
846,71
846,71
846,71
846,71
846,71
847,70
847,70
847,70
847,70
847,70
847,70
848,70
848,70
848,70
848,70
848,70
848,70
848,70
848,70
848,70
848,70
848,70
848,70
848,70
849,71
849,71
849,71
849,71
849,71
849,71
850,70
850,70
850,70
850,70
850,70
850,70
850,70
850,70
850,70
850,70
850,70
850,70
851,70
851,70
851,70
851,70
851,70
851,70
851,70
851,70
851,70
851,70
851,70
851,70
851,70
852,70
852,70
852,70
852,70
852,70
852,70
853,70
853,70
853,70
853,70
853,70
853,70
853,70
853,70
853,70
853,70
853,70
853,70
853,70
854,70
854,70
854,70
854,70
854,70
854,70
855,70
855,70
855,70
855,70
855,70
855,70
855,70
855,70
855,70
855,70
855,70
855,70
855,70
856,70
856,70
856,70
856,70
856,70
856,70
857,71
857,71
857,71
857,71
857,71
857,71
857,71
857,71
857,71
857,71
857,71
857,71
857,71
858,70
858,70
858,70
858,70
858,70
858,70
858,71
858,71
858,71
858,71
858,71
858,71
859,70
859,70
859,70
859,70
859,70
859,70
859,70
860,71
860,71
860,71
860,71
860,71
860,71
860,71
860,71
860,71
860,71
860,71
860,71
861,70
861,70
861,70
861,70
861,70
861,70
862,70
862,70
862,70
862,70
862,70
862,70
862,70
862,70
862,70
862,70
862,70
862,70
862,70
863,70
863,70
863,70
863,70
863,70
863,70
863,71
863,71
863,71
863,71
863,71
863,71
863,71
864,71
864,71
864,71
864,71
864,71
864,71
865,71
865,71
865,71
865,71
865,71
865,71
865,71
865,71
865,71
865,71
865,71
865,71
865,71
866,70
866,70
866,70
866,70
866,70
866,70
867,70
867,70
867,70
867,70
867,70
867,70
867,70
867,70
867,70
867,70
867,70
867,70
868,71
868,71
868,71
868,71
868,71
868,71
868,71
869,71
869,71
869,71
869,71
869,71
869,71
869,71
869,71
869,71
869,71
869,71
869,71
870,70
870,70
870,70
870,70
870,70
870,70
870,70
870,70
870,70
870,70
870,70
870,70
870,70
871,70
871,70
871,70
871,70
871,70
871,70
872,71
872,71
872,71
872,71
872,71
872,71
872,70
872,70
872,70
872,70
872,70
872,70
872,70
873,71
873,71
873,71
873,71
873,71
873,71
874,71
874,71
874,71
874,71
874,71
874,71
874,71
874,71
874,71
874,71
874,71
874,71
874,71
875,70
875,70
875,70
875,70
875,70
875,70
875,71
875,71
875,71
875,71
875,71
875,71
876,70
876,70
876,70
876,70
876,70
876,70
876,70
877,70
877,70
877,70
877,70
877,70
877,70
877,70
877,70
877,70
877,70
877,70
877,70
878,71
878,71
878,71
878,71
878,71
878,71
879,70
879,70
879,70
879,70
879,70
879,70
879,70
879,70
879,70
879,70
879,70
879,70
879,70
880,70
880,70
880,70
880,70
880,70
880,70
880,71
880,71
880,71
880,71
880,71
880,71
880,71
881,71
881,71
881,71
881,71
881,71
881,71
882,71
882,71
882,71
882,71
882,71
882,71
882,70
882,70
882,70
882,70
882,70
882,70
883,70
883,70
883,70
883,70
883,70
883,70
883,70
884,71
884,71
884,71
884,71
884,71
884,71
884,70
884,70
884,70
884,70
884,70
884,70
885,71
885,71
885,71
885,71
885,71
885,71
885,71
886,70
886,70
886,70
886,70
886,70
886,70
886,70
886,70
886,70
886,70
886,70
886,70
887,71
887,71
887,71
887,71
887,71
887,71
887,71
887,71
887,71
887,71
887,71
887,71
887,71
888,70
888,70
888,70
888,70
888,70
888,70
889,71
889,71
889,71
889,71
889,71
889,71
889,71
889,71
889,71
889,71
889,71
889,71
889,71
890,71
890,71
890,71
890,71
890,71
890,71
891,71
891,71
891,71
891,71
891,71
891,71
891,70
891,70
891,70
891,70
891,70
891,70
891,70
892,71
892,71
892,71
892,71
892,71
892,71
892,71
892,71
892,71
892,71
892,71
892,71
893,70
893,70
893,70
893,70
893,70
893,70
894,71
894,71
894,71
894,71
894,71
894,71
894,71
894,71
894,71
894,71
894,71
894,71
894,71
895,70
895,70
895,70
895,70
895,70
895,70
896,70
896,70
896,70
896,70
896,70
896,70
896,70
896,71
896,71
896,71
896,71
896,71
896,71
897,70
897,70
897,70
897,70
897,70
897,70
898,71
898,71
898,71
898,71
898,71
898,71
898,71
898,70
898,70
898,70
898,70
898,70
898,70
899,71
899,71
899,71
899,71
899,71
899,71
899,71
899,71
899,71
899,71
899,71
899,71
900,71
900,71
900,71
900,71
900,71
900,71
900,71
901,71
901,71
901,71
901,71
901,71
901,71
901,71
901,71
901,71
901,71
901,71
901,71
902,71
902,71
902,71
902,71
902,71
902,71
902,71
903,71
903,71
903,71
903,71
903,71
903,71
903,71
903,71
903,71
903,71
903,71
903,71
904,70
904,70
904,70
904,70
904,70
904,70
904,70
904,70
904,70
904,70
904,70
904,70
904,70
905,71
905,71
905,71
905,71
905,71
905,71
906,70
906,70
906,70
906,70
906,70
906,70
906,71
906,71
906,71
906,71
906,71
906,71
906,71
907,71
907,71
907,71
907,71
907,71
907,71
908,71
908,71
908,71
908,71
908,71
908,71
908,70
908,70
908,70
908,70
908,70
908,70
908,70
909,71
909,71
909,71
909,71
909,71
909,71
910,70
910,70
910,70
910,70
910,70
910,70
910,71
910,71
910,71
910,71
910,71
910,71
911,71
911,71
911,71
911,71
911,71
911,71
911,71
911,71
911,71
911,71
911,71
911,71
911,71
912,70
912,70
912,70
912,70
912,70
912,70
913,70
913,70
913,70
913,70
913,70
913,70
913,70
913,71
913,71
913,71
913,71
913,71
913,71
914,71
914,71
914,71
914,71
914,71
914,71
915,71
915,71
915,71
915,71
915,71
915,71
915,71
915,71
915,71
915,71
915,71
915,71
915,71
916,70
916,70
916,70
916,70
916,70
916,70
916,71
916,71
916,71
916,71
916,71
916,71
917,71
917,71
917,71
917,71
917,71
917,71
917,71
918,70
918,70
918,70
918,70
918,70
918,70
918,71
918,71
918,71
918,71
918,71
918,71
919,71
919,71
919,71
919,71
919,71
919,71
919,71
920,70
920,70
920,70
920,70
920,70
920,70
920,71
920,71
920,71
920,71
920,71
920,71
921,70
921,70
921,70
921,70
921,70
921,70
921,70
922,71
922,71
922,71
922,71
922,71
922,71
922,70
922,70
922,70
922,70
922,70
922,70
923,70
923,70
923,70
923,70
923,70
923,70
923,70
923,70
923,70
923,70
923,70
923,70
923,70
924,70
924,70
924,70
924,70
924,70
924,70
925,70
925,70
925,70
925,70
925,70
925,70
925,70
925,70
925,70
925,70
925,70
925,70
925,70
926,70
926,70
926,70
926,70
926,70
926,70
927,70
927,70
927,70
927,70
927,70
927,70
927,70
927,70
927,70
927,70
927,70
927,70
927,70
928,70
928,70
928,70
928,70
928,70
928,70
928,69
928,69
928,69
928,69
928,69
928,69
929,69
929,69
929,69
929,69
929,69
929,69
930,69
930,69
930,69
930,69
930,69
930,69
930,69
930,69
930,69
930,69
930,69
930,69
930,69
931,69
931,69
931,69
931,69
931,69
931,69
932,69
932,69
932,69
932,69
932,69
932,69
932,69
932,68
932,68
932,68
932,68
932,68
932,68
933,68
933,68
933,68
933,68
933,68
933,68
934,68
934,68
934,68
934,68
934,68
934,68
934,69
934,69
934,69
934,69
934,69
934,69
934,69
935,68
935,68
935,68
935,68
935,68
935,68
935,68
935,68
935,68
935,68
935,68
935,68
936,68
936,68
936,68
936,68
936,68
936,68
936,68
937,68
937,68
937,68
937,68
937,68
937,68
937,67
937,67
937,67
937,67
937,67
937,67
938,68
938,68
938,68
938,68
938,68
938,68
938,68
939,68
939,68
939,68
939,68
939,68
939,68
939,67
939,67
939,67
939,67
939,67
939,67
940,68
940,68
940,68
940,68
940,68
940,68
940,67
940,67
940,67
940,67
940,67
940,67
940,67
941,67
941,67
941,67
941,67
941,67
941,67
942,67
942,67
942,67
942,67
942,67
942,67
942,67
942,67
942,67
942,67
942,67
942,67
942,67
943,67
943,67
943,67
943,67
943,67
943,67
944,67
944,67
944,67
944,67
944,67
944,67
944,67
944,67
944,67
944,67
944,67
944,67
944,67
945,67
945,67
945,67
945,67
945,67
945,67
945,67
945,67
945,67
945,67
945,67
945,67
946,67
946,67
946,67
946,67
946,67
946,67
947,66
947,66
947,66
947,66
947,66
947,66
947,66
947,66
947,66
947,66
947,66
947,66
947,66
948,66
948,66
948,66
948,66
948,66
948,66
949,66
949,66
949,66
949,66
949,66
949,66
949,66
949,65
949,65
949,65
949,65
949,65
949,65
950,66
950,66
950,66
950,66
950,66
950,66
951,65
951,65
951,65
951,65
951,65
951,65
951,65
951,65
951,65
951,65
951,65
951,65
951,65
952,66
952,66
952,66
952,66
952,66
952,66
952,65
952,65
952,65
952,65
952,65
952,65
953,66
953,66
953,66
953,66
953,66
953,66
953,66
954,66
954,66
954,66
954,66
954,66
954,66
954,66
954,66
954,66
954,66
954,66
954,66
955,65
955,65
955,65
955,65
955,65
955,65
955,65
956,66
956,66
956,66
956,66
956,66
956,66
956,65
956,65
956,65
956,65
956,65
956,65
957,66
957,66
957,66
957,66
957,66
957,66
957,65
957,65
957,65
957,65
957,65
957,65
957,65
958,65
958,65
958,65
958,65
958,65
958,65
959,66
959,66
959,66
959,66
959,66
959,66
959,66
959,66
959,66
959,66
959,66
959,66
959,66
960,66
960,66
960,66
960,66
960,66
960,66
961,66
961,66
961,66
961,66
961,66
961,66
961,66
961,66
961,66
961,66
961,66
961,66
962,65
962,65
962,65
962,65
962,65
962,65
962,65
963,66
963,66
963,66
963,66
963,66
963,66
963,65
963,65
963,65
963,65
963,65
963,65
964,66
964,66
964,66
964,66
964,66
964,66
964,66
964,66
964,66
964,66
964,66
964,66
964,66
965,66
965,66
965,66
965,66
965,66
965,66
966,65
966,65
966,65
966,65
966,65
966,65
966,65
966,65
966,65
966,65
966,65
966,65
966,65
967,65
967,65
967,65
967,65
967,65
967,65
968,65
968,65
968,65
968,65
968,65
968,65
968,65
968,65
968,65
968,65
968,65
968,65
968,65
969,64
969,64
969,64
969,64
969,64
969,64
969,64
969,64
969,64
969,64
969,64
969,64
970,63
970,63
970,63
970,63
970,63
970,63
970,63
971,63
971,63
971,63
971,63
971,63
971,63
971,63
971,63
971,63
971,63
971,63
971,63
972,63
972,63
972,63
972,63
972,63
972,63
972,63
973,62
973,62
973,62
973,62
973,62
973,62
973,62
973,62
973,62
973,62
973,62
973,62
974,62
974,62
974,62
974,62
974,62
974,62
975,62
975,62
975,62
975,62
975,62
975,62
975,62
975,62
975,62
975,62
975,62
975,62
975,62
976,62
976,62
976,62
976,62
976,62
976,62
976,62
976,62
976,62
976,62
976,62
976,62
976,62
977,62
977,62
977,62
977,62
977,62
977,62
978,62
978,62
978,62
978,62
978,62
978,62
978,63
978,63
978,63
978,63
978,63
978,63
979,62
979,62
979,62
979,62
979,62
979,62
979,62
980,63
980,63
980,63
980,63
980,63
980,63
980,63
980,63
980,63
980,63
980,63
980,63
980,63
980,63
980,63
980,63
980,63
980,63
980,63
980,63
980,63
980,63
980,63
980,63
980,63
980,63
980,63
980,63
980,63
980,63
980,63
980,63
980,63
980,63
980,63
980,63
980,63
980,63
980,63
980,63
980,63
980,63
980,63
980,63
980,63
980,63
980,63
980,63
980,63
980,63
980,63
980,63
980,63
980,63
980,63
980,63
980,63
980,63
980,63
980,63
980,63
980,63
980,63
980,63
980,63
980,63
980,63
980,63
980,63
980,63
980,63
980,63
980,63
980,63
980,63
980,63
980,63
980,63
980,63
980,63
980,63
980,63
980,63
980,63
980,63
980,63
980,63
980,63
980,63
980,63
980,63
980,63
980,63
980,63
980,63
980,63
980,63
980,63
980,63
980,63
980,63
980,63
980,63
980,63
980,63
980,63
980,63
980,63
980,63
980,63
980,63
980,63
980,63
980,63
980,63
980,63
980,63
980,63
980,63
980,63
980,63
980,63
980,63
980,63
980,63
980,63
980,63
980,63
980,63
980,63
980,63
980,63
980,63
980,63
980,63
980,63
980,63
980,63
980,63
980,63
980,63
980,63
980,63
980,63
980,63
980,63
980,63
980,63
980,63
980,63
980,63
980,63
980,63
980,63
980,63
980,63
980,63
980,63
980,63
980,63
980,63
980,63
980,63
980,63
980,63
980,63
980,63
980,63
980,63
980,63
980,63
980,63
980,63
980,63
980,63
980,63
980,63
980,63
980,63
980,63
980,63
980,63
980,63
980,63
980,63
980,63
980,63
980,63
980,63
980,63
980,63
980,63
980,63
980,63
980,63
980,63
980,63
980,63
980,63
980,63
980,63
980,63
980,63
980,63
980,63
980,63
980,63
980,63
980,63
980,63
980,63
980,63
980,63
980,63
980,63
980,63
980,63
980,63
980,63
980,63
980,63
980,63
980,63
980,63
980,63
980,63
980,63
980,63
980,63
980,63
980,63
980,63
980,63
980,63
980,63
980,63
980,63
980,63
980,63
980,63
980,63
980,63
980,63
980,63
980,63
980,63
980,63
980,63
980,63
980,63
980,63
980,63
980,63
980,63
980,63
980,63
980,63
980,63
980,63
980,63
980,63
980,63
980,63
980,63
980,63
980,63
980,63
980,63
980,63
980,63
980,63
980,63
980,63
980,63
980,63
980,63
980,63
980,63
980,63
980,63
980,63
980,63
980,63
980,63
980,63
980,63
980,63
980,63
980,63
980,63
980,63
980,63
980,63
980,63
980,63
980,63
980,63
980,63
980,63
980,63
980,63
980,63
980,63
980,63
980,63
980,63
980,63
980,63
980,63
980,63
980,63
980,63
980,63
980,63
980,63
980,63
980,63
980,63
980,63
980,63
980,63
980,63
980,63
980,63
980,63
980,63
980,63
980,63
980,63
980,63
980,63
980,63
980,63
980,63
980,63
980,63
980,63
980,63
980,63
980,63
980,63
980,63
980,63
980,63
980,63
980,63
980,63
980,63
980,63
980,63
980,63
980,63
980,63
980,63
980,63
980,63
980,63
980,63
980,63
980,63
980,63
980,63
980,63
980,63
980,63
980,63
980,63
980,63
980,63
980,63
980,63
980,63
980,63
980,63
980,63
980,63
980,63
980,63
980,63
980,63
980,63
980,63
980,63
980,63
980,63
980,63
980,63
980,63
980,63
980,63
980,63
980,63
980,63
980,63
980,63
980,63
980,63
980,63
980,63
980,63
980,63
980,63
980,63
980,63
980,63
980,63
980,63
980,63
980,63
980,63
980,63
980,63
980,63
980,63
980,63
980,63
980,63
980,63
980,63
980,63
980,63
980,63
980,63
980,63
980,63
980,63
980,63
980,63
980,63
980,63
980,63
980,63
980,63
980,63
980,63
980,63
980,63
980,63
980,63
980,63
980,63
980,63
980,63
980,63
980,63
980,63
980,63
980,63
980,63
980,63
980,63
980,63
980,63
980,63
980,63
980,63
980,63
980,63
980,63
980,63
980,63
980,63
980,63
980,63
980,63
980,63
980,63
980,63
980,63
980,63
980,63
980,63
980,63
980,63
980,63
980,63
980,63
980,63
980,63
980,63
980,63
980,63
980,63
980,63
980,63
980,63
980,63
980,63
980,63
980,63
980,63
980,63
980,63
980,63
980,63
980,63
980,63
980,63
980,63
980,63
980,63
980,63
980,63
980,63
980,63
980,63
980,63
980,63
980,63
980,63
980,63
980,63
980,63
980,63
980,63
980,63
980,63
980,63
980,63
980,63
980,63
980,63
980,63
980,63
980,63
980,63
980,63
980,63
980,63
980,63
980,63
980,63
980,63
980,63
980,63
980,63
980,63
980,63
980,63
980,63
980,63
980,63
980,63
980,63
980,63
980,63
980,63
980,63
980,63
980,63
980,63
980,63
980,63
980,63
980,63
980,63
980,63
980,63
980,63
980,63
980,63
980,63
