0,0
0,-3
0,-3
0,-3
0,-3
0,-3
0,-3
0,-3
0,-3
0,-3
0,-3
0,-3
0,-3
0,-3
1,-2
1,-2
1,-2
1,-2
1,-2
1,-2
1,-4
1,-4
1,-4
1,-4
1,-4
1,-4
1,-4
2,-3
2,-3
2,-3
2,-3
2,-3
2,-3
3,-3
3,-3
3,-3
3,-3
3,-3
3,-3
3,0
3,0
3,0
3,0
3,0
3,0
4,4
4,4
4,4
4,4
4,4
4,4
4,4
5,8
5,8
5,8
5,8
5,8
5,8
5,12
5,12
5,12
5,12
5,12
5,12
6,16
6,16
6,16
6,16
6,16
6,16
6,16
7,19
7,19
7,19
7,19
7,19
7,19
7,23
7,23
7,23
7,23
7,23
7,23
8,28
8,28
8,28
8,28
8,28
8,28
8,31
8,31
8,31
8,31
8,31
8,31
8,31
9,35
9,35
9,35
9,35
9,35
9,35
10,40
10,40
10,40
10,40
10,40
10,40
10,44
10,44
10,44
10,44
10,44
10,44
10,44
11,49
11,49
11,49
11,49
11,49
11,49
12,53
12,53
12,53
12,53
12,53
12,53
12,57
12,57
12,57
12,57
12,57
12,57
12,57
13,61
13,61
13,61
13,61
13,61
13,61
13,66
13,66
13,66
13,66
13,66
13,66
14,69
14,69
14,69
14,69
14,69
14,69
15,74
15,74
15,74
15,74
15,74
15,74
15,74
15,74
15,74
15,74
15,74
15,74
15,74
16,74
16,74
16,74
16,74
16,74
16,74
17,74
17,74
17,74
17,74
17,74
17,74
17,74
17,74
17,74
17,74
17,74
17,74
17,74
18,74
18,74
18,74
18,74
18,74
18,74
19,75
19,75
19,75
19,75
19,75
19,75
19,75
19,74
19,74
19,74
19,74
19,74
19,74
20,74
20,74
20,74
20,74
20,74
20,74
20,75
20,75
20,75
20,75
20,75
20,75
21,74
21,74
21,74
21,74
21,74
21,74
21,74
22,75
22,75
22,75
22,75
22,75
22,75
22,75
22,75
22,75
22,75
22,75
22,75
23,74
23,74
23,74
23,74
23,74
23,74
23,74
24,73
24,73
24,73
24,73
24,73
24,73
24,72
24,72
24,72
24,72
24,72
24,72
25,73
25,73
25,73
25,73
25,73
25,73
25,73
25,73
25,73
25,73
25,73
25,73
25,73
26,74
26,74
26,74
26,74
26,74
26,74
27,74
27,74
27,74
27,74
27,74
27,74
27,74
27,74
27,74
27,74
27,74
27,74
27,74
28,74
28,74
28,74
28,74
28,74
28,74
29,74
29,74
29,74
29,74
29,74
29,74
29,74
29,74
29,74
29,74
29,74
29,74
29,74
30,74
30,74
30,74
30,74
30,74
30,74
31,74
31,74
31,74
31,74
31,74
31,74
31,74
31,74
31,74
31,74
31,74
31,74
32,74
32,74
32,74
32,74
32,74
32,74
32,74
32,73
32,73
32,73
32,73
32,73
32,73
33,73
33,73
33,73
33,73
33,73
33,73
34,74
34,74
34,74
34,74
34,74
34,74
34,74
34,74
34,74
34,74
34,74
34,74
34,74
35,73
35,73
35,73
35,73
35,73
35,73
36,74
36,74
36,74
36,74
36,74
36,74
36,73
36,73
36,73
36,73
36,73
36,73
36,73
37,74
37,74
37,74
37,74
37,74
37,74
37,74
37,74
37,74
37,74
37,74
37,74
38,73
38,73
38,73
38,73
38,73
38,73
38,73
39,74
39,74
39,74
39,74
39,74
39,74
39,73
39,73
39,73
39,73
39,73
39,73
40,73
40,73
40,73
40,73
40,73
40,73
40,73
41,73
41,73
41,73
41,73
41,73
41,73
41,73
41,73
41,73
41,73
41,73
41,73
42,73
42,73
42,73
42,73
42,73
42,73
42,73
42,73
42,73
42,73
42,73
42,73
42,73
43,73
43,73
43,73
43,73
43,73
43,73
44,73
44,73
44,73
44,73
44,73
44,73
44,73
44,73
44,73
44,73
44,73
44,73
44,73
45,73
45,73
45,73
45,73
45,73
45,73
46,72
46,72
46,72
46,72
46,72
46,72
46,72
46,72
46,72
46,72
46,72
46,72
46,72
47,72
47,72
47,72
47,72
47,72
47,72
48,72
48,72
48,72
48,72
48,72
48,72
48,72
48,72
48,72
48,72
48,72
48,72
49,72
49,72
49,72
49,72
49,72
49,72
49,72
49,72
49,72
49,72
49,72
49,72
49,72
50,73
50,73
50,73
50,73
50,73
50,73
51,73
51,73
51,73
51,73
51,73
51,73
51,73
51,72
51,72
51,72
51,72
51,72
51,72
52,72
52,72
52,72
52,72
52,72
52,72
53,72
53,72
53,72
53,72
53,72
53,72
53,72
53,72
53,72
53,72
53,72
53,72
53,72
54,72
54,72
54,72
54,72
54,72
54,72
54,73
54,73
54,73
54,73
54,73
54,73
55,72
55,72
55,72
55,72
55,72
55,72
55,72
56,72
56,72
56,72
56,72
56,72
56,72
56,72
56,72
56,72
56,72
56,72
56,72
57,72
57,72
57,72
57,72
57,72
57,72
57,72
58,72
58,72
58,72
58,72
58,72
58,72
58,72
58,72
58,72
58,72
58,72
58,72
59,72
59,72
59,72
59,72
59,72
59,72
60,72
60,72
60,72
60,72
60,72
60,72
60,72
60,72
60,72
60,72
60,72
60,72
60,72
61,72
61,72
61,72
61,72
61,72
61,72
61,72
61,72
61,72
61,72
61,72
61,72
61,72
62,72
62,72
62,72
62,72
62,72
62,72
63,72
63,72
63,72
63,72
63,72
63,72
63,71
63,71
63,71
63,71
63,71
63,71
63,71
64,71
64,71
64,71
64,71
64,71
64,71
65,72
65,72
65,72
65,72
65,72
65,72
65,71
65,71
65,71
65,71
65,71
65,71
66,71
66,71
66,71
66,71
66,71
66,71
66,71
66,71
66,71
66,71
66,71
66,71
66,71
67,71
67,71
67,71
67,71
67,71
67,71
68,71
68,71
68,71
68,71
68,71
68,71
68,71
68,71
68,71
68,71
68,71
68,71
68,71
69,71
69,71
69,71
69,71
69,71
69,71
70,71
70,71
70,71
70,71
70,71
70,71
70,71
70,71
70,71
70,71
70,71
70,71
70,71
71,71
71,71
71,71
71,71
71,71
71,71
72,71
72,71
72,71
72,71
72,71
72,71
72,70
72,70
72,70
72,70
72,70
72,70
72,70
73,71
73,71
73,71
73,71
73,71
73,71
73,71
73,71
73,71
73,71
73,71
73,71
74,71
74,71
74,71
74,71
74,71
74,71
74,71
75,71
75,71
75,71
75,71
75,71
75,71
75,71
75,71
75,71
75,71
75,71
75,71
76,71
76,71
76,71
76,71
76,71
76,71
77,70
77,70
77,70
77,70
77,70
77,70
77,70
77,71
77,71
77,71
77,71
77,71
77,71
78,71
78,71
78,71
78,71
78,71
78,71
78,71
78,71
78,71
78,71
78,71
78,71
78,71
79,70
79,70
79,70
79,70
79,70
79,70
80,70
80,70
80,70
80,70
80,70
80,70
80,71
80,71
80,71
80,71
80,71
80,71
80,71
81,70
81,70
81,70
81,70
81,70
81,70
82,71
82,71
82,71
82,71
82,71
82,71
82,71
82,71
82,71
82,71
82,71
82,71
83,70
83,70
83,70
83,70
83,70
83,70
83,70
84,71
84,71
84,71
84,71
84,71
84,71
84,71
84,71
84,71
84,71
84,71
84,71
85,71
85,71
85,71
85,71
85,71
85,71
85,71
85,71
85,71
85,71
85,71
85,71
85,71
86,70
86,70
86,70
86,70
86,70
86,70
87,71
87,71
87,71
87,71
87,71
87,71
87,71
87,71
87,71
87,71
87,71
87,71
87,71
88,71
88,71
88,71
88,71
88,71
88,71
89,71
89,71
89,71
89,71
89,71
89,71
89,71
89,71
89,71
89,71
89,71
89,71
89,71
90,71
90,71
90,71
90,71
90,71
90,71
90,71
90,71
90,71
90,71
90,71
90,71
91,71
91,71
91,71
91,71
91,71
91,71
91,71
92,71
92,71
92,71
92,71
92,71
92,71
92,70
92,70
92,70
92,70
92,70
92,70
93,70
93,70
93,70
93,70
93,70
93,70
94,70
94,70
94,70
94,70
94,70
94,70
94,70
94,71
94,71
94,71
94,71
94,71
94,71
95,70
95,70
95,70
95,70
95,70
95,70
95,71
95,71
95,71
95,71
95,71
95,71
95,71
96,71
96,71
96,71
96,71
96,71
96,71
97,70
97,70
97,70
97,70
97,70
97,70
97,70
97,70
97,70
97,70
97,70
97,70
97,70
98,70
98,70
98,70
98,70
98,70
98,70
99,70
99,70
99,70
99,70
99,70
99,70
99,70
99,70
99,70
99,70
99,70
99,70
100,70
100,70
100,70
100,70
100,70
100,70
100,70
101,71
101,71
101,71
101,71
101,71
101,71
101,71
101,71
101,71
101,71
101,71
101,71
102,70
102,70
102,70
102,70
102,70
102,70
102,70
102,70
102,70
102,70
102,70
102,70
102,70
103,70
103,70
103,70
103,70
103,70
103,70
104,70
104,70
104,70
104,70
104,70
104,70
104,70
104,70
104,70
104,70
104,70
104,70
104,70
105,70
105,70
105,70
105,70
105,70
105,70
106,70
106,70
106,70
106,70
106,70
106,70
106,71
106,71
106,71
106,71
106,71
106,71
106,71
107,70
107,70
107,70
107,70
107,70
107,70
107,71
107,71
107,71
107,71
107,71
107,71
108,71
108,71
108,71
108,71
108,71
108,71
108,71
109,70
109,70
109,70
109,70
109,70
109,70
109,70
109,70
109,70
109,70
109,70
109,70
110,70
110,70
110,70
110,70
110,70
110,70
111,70
111,70
111,70
111,70
111,70
111,70
111,70
111,70
111,70
111,70
111,70
111,70
111,70
112,70
112,70
112,70
112,70
112,70
112,70
113,70
113,70
113,70
113,70
113,70
113,70
113,70
113,70
113,70
113,70
113,70
113,70
113,70
114,70
114,70
114,70
114,70
114,70
114,70
114,70
114,70
114,70
114,70
114,70
114,70
114,70
115,70
115,70
115,70
115,70
115,70
115,70
116,70
116,70
116,70
116,70
116,70
116,70
116,70
116,70
116,70
116,70
116,70
116,70
117,70
117,70
117,70
117,70
117,70
117,70
117,70
118,70
118,70
118,70
118,70
118,70
118,70
118,70
118,70
118,70
118,70
118,70
118,70
119,70
119,70
119,70
119,70
119,70
119,70
119,70
119,70
119,70
119,70
119,70
119,70
119,70
120,69
120,69
120,69
120,69
120,69
120,69
121,70
121,70
121,70
121,70
121,70
121,70
121,70
121,70
121,70
121,70
121,70
121,70
121,70
122,70
122,70
122,70
122,70
122,70
122,70
123,70
123,70
123,70
123,70
123,70
123,70
123,70
123,70
123,70
123,70
123,70
123,70
123,70
124,70
124,70
124,70
124,70
124,70
124,70
125,70
125,70
125,70
125,70
125,70
125,70
125,70
125,70
125,70
125,70
125,70
125,70
125,70
126,70
126,70
126,70
126,70
126,70
126,70
126,69
126,69
126,69
126,69
126,69
126,69
127,70
127,70
127,70
127,70
127,70
127,70
128,70
128,70
128,70
128,70
128,70
128,70
128,70
128,70
128,70
128,70
128,70
128,70
128,70
129,70
129,70
129,70
129,70
129,70
129,70
130,70
130,70
130,70
130,70
130,70
130,70
130,70
130,70
130,70
130,70
130,70
130,70
130,70
131,70
131,70
131,70
131,70
131,70
131,70
131,70
131,70
131,70
131,70
131,70
131,70
131,70
132,70
132,70
132,70
132,70
132,70
132,70
133,70
133,70
133,70
133,70
133,70
133,70
133,69
133,69
133,69
133,69
133,69
133,69
134,70
134,70
134,70
134,70
134,70
134,70
134,70
135,70
135,70
135,70
135,70
135,70
135,70
135,70
135,70
135,70
135,70
135,70
135,70
136,70
136,70
136,70
136,70
136,70
136,70
136,70
137,70
137,70
137,70
137,70
137,70
137,70
137,70
137,70
137,70
137,70
137,70
137,70
138,70
138,70
138,70
138,70
138,70
138,70
138,70
138,70
138,70
138,70
138,70
138,70
138,70
139,70
139,70
139,70
139,70
139,70
139,70
140,69
140,69
140,69
140,69
140,69
140,69
140,69
140,69
140,69
140,69
140,69
140,69
140,69
141,70
141,70
141,70
141,70
141,70
141,70
142,69
142,69
142,69
142,69
142,69
142,69
142,69
142,69
142,69
142,69
142,69
142,69
142,69
143,69
143,69
143,69
143,69
143,69
143,69
143,70
143,70
143,70
143,70
143,70
143,70
144,69
144,69
144,69
144,69
144,69
144,69
144,69
145,70
145,70
145,70
145,70
145,70
145,70
145,69
145,69
145,69
145,69
145,69
145,69
146,70
146,70
146,70
146,70
146,70
146,70
147,69
147,69
147,69
147,69
147,69
147,69
147,69
147,69
147,69
147,69
147,69
147,69
147,69
148,70
148,70
148,70
148,70
148,70
148,70
149,70
149,70
149,70
149,70
149,70
149,70
149,70
149,69
149,69
149,69
149,69
149,69
149,69
150,69
150,69
150,69
150,69
150,69
150,69
150,69
150,69
150,69
150,69
150,69
150,69
150,69
151,69
151,69
151,69
151,69
151,69
151,69
152,69
152,69
152,69
152,69
152,69
152,69
152,69
152,69
152,69
152,69
152,69
152,69
153,69
153,69
153,69
153,69
153,69
153,69
153,69
154,70
154,70
154,70
154,70
154,70
154,70
154,69
154,69
154,69
154,69
154,69
154,69
155,70
155,70
155,70
155,70
155,70
155,70
155,70
155,69
155,69
155,69
155,69
155,69
155,69
156,69
156,69
156,69
156,69
156,69
156,69
157,69
157,69
157,69
157,69
157,69
157,69
157,69
157,69
157,69
157,69
157,69
157,69
157,69
158,69
158,69
158,69
158,69
158,69
158,69
159,69
159,69
159,69
159,69
159,69
159,69
159,69
159,69
159,69
159,69
159,69
159,69
159,69
160,69
160,69
160,69
160,69
160,69
160,69
160,69
160,69
160,69
160,69
160,69
160,69
161,70
161,70
161,70
161,70
161,70
161,70
161,70
162,69
162,69
162,69
162,69
162,69
162,69
162,69
162,69
162,69
162,69
162,69
162,69
163,69
163,69
163,69
163,69
163,69
163,69
164,69
164,69
164,69
164,69
164,69
164,69
164,69
164,70
164,70
164,70
164,70
164,70
164,70
165,69
165,69
165,69
165,69
165,69
165,69
166,70
166,70
166,70
166,70
166,70
166,70
166,70
166,69
166,69
166,69
166,69
166,69
166,69
167,69
167,69
167,69
167,69
167,69
167,69
167,69
167,69
167,69
167,69
167,69
167,69
167,69
168,69
168,69
168,69
168,69
168,69
168,69
169,69
169,69
169,69
169,69
169,69
169,69
169,69
169,69
169,69
169,69
169,69
169,69
170,69
170,69
170,69
170,69
170,69
170,69
170,69
171,69
171,69
171,69
171,69
171,69
171,69
171,69
171,69
171,69
171,69
171,69
171,69
172,69
172,69
172,69
172,69
172,69
172,69
172,69
172,69
172,69
172,69
172,69
172,69
172,69
173,69
173,69
173,69
173,69
173,69
173,69
174,69
174,69
174,69
174,69
174,69
174,69
174,69
174,69
174,69
174,69
174,69
174,69
174,69
175,69
175,69
175,69
175,69
175,69
175,69
176,69
176,69
176,69
176,69
176,69
176,69
176,69
176,69
176,69
176,69
176,69
176,69
176,69
177,68
177,68
177,68
177,68
177,68
177,68
178,68
178,68
178,68
178,68
178,68
178,68
178,67
178,67
178,67
178,67
178,67
178,67
178,67
179,67
179,67
179,67
179,67
179,67
179,67
179,67
179,67
179,67
179,67
179,67
179,67
180,67
180,67
180,67
180,67
180,67
180,67
181,66
181,66
181,66
181,66
181,66
181,66
181,66
181,66
181,66
181,66
181,66
181,66
181,66
182,66
182,66
182,66
182,66
182,66
182,66
183,67
183,67
183,67
183,67
183,67
183,67
183,67
183,67
183,67
183,67
183,67
183,67
183,67
184,67
184,67
184,67
184,67
184,67
184,67
184,67
184,67
184,67
184,67
184,67
184,67
184,67
185,67
185,67
185,67
185,67
185,67
185,67
186,68
186,68
186,68
186,68
186,68
186,68
186,67
186,67
186,67
186,67
186,67
186,67
187,68
187,68
187,68
187,68
187,68
187,68
187,68
188,68
188,68
188,68
188,68
188,68
188,68
188,69
188,69
188,69
188,69
188,69
188,69
189,68
189,68
189,68
189,68
189,68
189,68
189,68
190,69
190,69
190,69
190,69
190,69
190,69
190,69
190,69
190,69
190,69
190,69
190,69
191,68
191,68
191,68
191,68
191,68
191,68
191,68
191,68
191,68
191,68
191,68
191,68
191,68
192,68
192,68
192,68
192,68
192,68
192,68
193,67
193,67
193,67
193,67
193,67
193,67
193,67
193,67
193,67
193,67
193,67
193,67
193,67
194,67
194,67
194,67
194,67
194,67
194,67
195,67
195,67
195,67
195,67
195,67
195,67
195,67
195,67
195,67
195,67
195,67
195,67
195,67
196,68
196,68
196,68
196,68
196,68
196,68
196,67
196,67
196,67
196,67
196,67
196,67
197,67
197,67
197,67
197,67
197,67
197,67
198,68
198,68
198,68
198,68
198,68
198,68
198,68
198,68
198,68
198,68
198,68
198,68
198,68
199,68
199,68
199,68
199,68
199,68
199,68
200,69
200,69
200,69
200,69
200,69
200,69
200,69
200,69
200,69
200,69
200,69
200,69
200,69
201,69
201,69
201,69
201,69
201,69
201,69
202,69
202,69
202,69
202,69
202,69
202,69
202,69
202,69
202,69
202,69
202,69
202,69
202,69
203,69
203,69
203,69
203,69
203,69
203,69
203,69
203,69
203,69
203,69
203,69
203,69
204,68
204,68
204,68
204,68
204,68
204,68
204,68
205,69
205,69
205,69
205,69
205,69
205,69
205,68
205,68
205,68
205,68
205,68
205,68
206,68
206,68
206,68
206,68
206,68
206,68
206,68
207,69
207,69
207,69
207,69
207,69
207,69
207,68
207,68
207,68
207,68
207,68
207,68
208,69
208,69
208,69
208,69
208,69
208,69
208,69
208,69
208,69
208,69
208,69
208,69
208,69
209,68
209,68
209,68
209,68
209,68
209,68
210,69
210,69
210,69
210,69
210,69
210,69
210,68
210,68
210,68
210,68
210,68
210,68
210,68
211,69
211,69
211,69
211,69
211,69
211,69
212,69
212,69
212,69
212,69
212,69
212,69
212,68
212,68
212,68
212,68
212,68
212,68
213,68
213,68
213,68
213,68
213,68
213,68
213,68
213,69
213,69
213,69
213,69
213,69
213,69
214,69
214,69
214,69
214,69
214,69
214,69
215,69
215,69
215,69
215,69
215,69
215,69
215,69
215,69
215,69
215,69
215,69
215,69
215,69
216,68
216,68
216,68
216,68
216,68
216,68
217,69
217,69
217,69
217,69
217,69
217,69
217,69
217,68
217,68
217,68
217,68
217,68
217,68
218,69
218,69
218,69
218,69
218,69
218,69
219,68
219,68
219,68
219,68
219,68
219,68
219,68
219,68
219,68
219,68
219,68
219,68
219,68
220,69
220,69
220,69
220,69
220,69
220,69
220,69
220,69
220,69
220,69
220,69
220,69
221,69
221,69
221,69
221,69
221,69
221,69
221,69
222,69
222,69
222,69
222,69
222,69
222,69
222,69
222,69
222,69
222,69
222,69
222,69
223,69
223,69
223,69
223,69
223,69
223,69
223,69
224,68
224,68
224,68
224,68
224,68
224,68
224,68
224,68
224,68
224,68
224,68
224,68
225,68
225,68
225,68
225,68
225,68
225,68
225,68
225,68
225,68
225,68
225,68
225,68
225,68
226,68
226,68
226,68
226,68
226,68
226,68
227,68
227,68
227,68
227,68
227,68
227,68
227,68
227,68
227,68
227,68
227,68
227,68
227,68
228,68
228,68
228,68
228,68
228,68
228,68
229,68
229,68
229,68
229,68
229,68
229,68
229,68
229,68
229,68
229,68
229,68
229,68
229,68
230,68
230,68
230,68
230,68
230,68
230,68
231,67
231,67
231,67
231,67
231,67
231,67
231,68
231,68
231,68
231,68
231,68
231,68
232,67
232,67
232,67
232,67
232,67
232,67
232,67
232,68
232,68
232,68
232,68
232,68
232,68
233,68
233,68
233,68
233,68
233,68
233,68
234,68
234,68
234,68
234,68
234,68
234,68
234,68
234,68
234,68
234,68
234,68
234,68
234,68
235,68
235,68
235,68
235,68
235,68
235,68
236,68
236,68
236,68
236,68
236,68
236,68
236,68
236,68
236,68
236,68
236,68
236,68
236,68
237,68
237,68
237,68
237,68
237,68
237,68
237,69
237,69
237,69
237,69
237,69
237,69
238,68
238,68
238,68
238,68
238,68
238,68
238,68
239,68
239,68
239,68
239,68
239,68
239,68
239,68
239,68
239,68
239,68
239,68
239,68
240,68
240,68
240,68
240,68
240,68
240,68
240,68
241,67
241,67
241,67
241,67
241,67
241,67
241,67
241,67
241,67
241,67
241,67
241,67
242,67
242,67
242,67
242,67
242,67
242,67
243,67
243,67
243,67
243,67
243,67
243,67
243,67
243,67
243,67
243,67
243,67
243,67
243,67
244,66
244,66
244,66
244,66
244,66
244,66
244,65
244,65
244,65
244,65
244,65
244,65
244,65
245,65
245,65
245,65
245,65
245,65
245,65
246,65
246,65
246,65
246,65
246,65
246,65
246,65
246,65
246,65
246,65
246,65
246,65
247,65
247,65
247,65
247,65
247,65
247,65
247,65
248,64
248,64
248,64
248,64
248,64
248,64
248,64
248,64
248,64
248,64
248,64
248,64
249,64
249,64
249,64
249,64
249,64
249,64
249,64
249,63
249,63
249,63
249,63
249,63
249,63
250,63
250,63
250,63
250,63
250,63
250,63
251,62
251,62
251,62
251,62
251,62
251,62
251,62
251,62
251,62
251,62
251,62
251,62
251,62
252,62
252,62
252,62
252,62
252,62
252,62
253,61
253,61
253,61
253,61
253,61
253,61
253,62
253,62
253,62
253,62
253,62
253,62
253,62
254,61
254,61
254,61
254,61
254,61
254,61
255,61
255,61
255,61
255,61
255,61
255,61
255,61
255,61
255,61
255,61
255,61
255,61
255,61
256,61
256,61
256,61
256,61
256,61
256,61
256,61
256,61
256,61
256,61
256,61
256,61
257,61
257,61
257,61
257,61
257,61
257,61
258,61
258,61
258,61
258,61
258,61
258,61
258,61
258,61
258,61
258,61
258,61
258,61
258,61
259,61
259,61
259,61
259,61
259,61
259,61
260,61
260,61
260,61
260,61
260,61
260,61
260,61
260,61
260,61
260,61
260,61
260,61
260,61
261,62
261,62
261,62
261,62
261,62
261,62
261,63
261,63
261,63
261,63
261,63
261,63
261,63
262,63
262,63
262,63
262,63
262,63
262,63
263,64
263,64
263,64
263,64
263,64
263,64
263,64
263,64
263,64
263,64
263,64
263,64
264,65
264,65
264,65
264,65
264,65
264,65
264,65
265,65
265,65
265,65
265,65
265,65
265,65
265,65
265,65
265,65
265,65
265,65
265,65
266,66
266,66
266,66
266,66
266,66
266,66
266,66
267,67
267,67
267,67
267,67
267,67
267,67
267,67
267,67
267,67
267,67
267,67
267,67
268,67
268,67
268,67
268,67
268,67
268,67
268,67
268,68
268,68
268,68
268,68
268,68
268,68
269,68
269,68
269,68
269,68
269,68
269,68
270,68
270,68
270,68
270,68
270,68
270,68
270,68
270,68
270,68
270,68
270,68
270,68
270,68
271,67
271,67
271,67
271,67
271,67
271,67
272,68
272,68
272,68
272,68
272,68
272,68
272,68
272,68
272,68
272,68
272,68
272,68
272,68
273,67
273,67
273,67
273,67
273,67
273,67
273,66
273,66
273,66
273,66
273,66
273,66
274,67
274,67
274,67
274,67
274,67
274,67
274,67
275,66
275,66
275,66
275,66
275,66
275,66
275,66
275,66
275,66
275,66
275,66
275,66
276,66
276,66
276,66
276,66
276,66
276,66
277,66
277,66
277,66
277,66
277,66
277,66
277,66
277,66
277,66
277,66
277,66
277,66
277,66
278,65
278,65
278,65
278,65
278,65
278,65
278,65
278,65
278,65
278,65
278,65
278,65
278,65
279,65
279,65
279,65
279,65
279,65
279,65
280,65
280,65
280,65
280,65
280,65
280,65
280,65
280,65
280,65
280,65
280,65
280,65
281,65
281,65
281,65
281,65
281,65
281,65
281,65
282,64
282,64
282,64
282,64
282,64
282,64
282,65
282,65
282,65
282,65
282,65
282,65
283,65
283,65
283,65
283,65
283,65
283,65
283,65
284,65
284,65
284,65
284,65
284,65
284,65
284,65
284,65
284,65
284,65
284,65
284,65
285,65
285,65
285,65
285,65
285,65
285,65
285,65
285,65
285,65
285,65
285,65
285,65
285,65
286,65
286,65
286,65
286,65
286,65
286,65
287,66
287,66
287,66
287,66
287,66
287,66
287,66
287,66
287,66
287,66
287,66
287,66
287,66
288,66
288,66
288,66
288,66
288,66
288,66
289,66
289,66
289,66
289,66
289,66
289,66
289,66
289,66
289,66
289,66
289,66
289,66
289,66
290,66
290,66
290,66
290,66
290,66
290,66
290,66
290,66
290,66
290,66
290,66
290,66
291,66
291,66
291,66
291,66
291,66
291,66
291,66
292,66
292,66
292,66
292,66
292,66
292,66
292,66
292,66
292,66
292,66
292,66
292,66
293,66
293,66
293,66
293,66
293,66
293,66
294,68
294,68
294,68
294,68
294,68
294,68
294,68
294,67
294,67
294,67
294,67
294,67
294,67
295,67
295,67
295,67
295,67
295,67
295,67
296,67
296,67
296,67
296,67
296,67
296,67
296,67
296,67
296,67
296,67
296,67
296,67
296,67
297,67
297,67
297,67
297,67
297,67
297,67
297,67
297,67
297,67
297,67
297,67
297,67
297,67
298,67
298,67
298,67
298,67
298,67
298,67
299,67
299,67
299,67
299,67
299,67
299,67
299,67
299,67
299,67
299,67
299,67
299,67
300,68
300,68
300,68
300,68
300,68
300,68
300,68
301,67
301,67
301,67
301,67
301,67
301,67
301,67
301,67
301,67
301,67
301,67
301,67
302,67
302,67
302,67
302,67
302,67
302,67
302,67
302,67
302,67
302,67
302,67
302,67
302,67
303,66
303,66
303,66
303,66
303,66
303,66
304,67
304,67
304,67
304,67
304,67
304,67
304,67
304,67
304,67
304,67
304,67
304,67
304,67
305,66
305,66
305,66
305,66
305,66
305,66
306,66
306,66
306,66
306,66
306,66
306,66
306,66
306,66
306,66
306,66
306,66
306,66
306,66
307,66
307,66
307,66
307,66
307,66
307,66
308,66
308,66
308,66
308,66
308,66
308,66
308,66
308,66
308,66
308,66
308,66
308,66
308,66
309,65
309,65
309,65
309,65
309,65
309,65
309,65
309,65
309,65
309,65
309,65
309,65
310,64
310,64
310,64
310,64
310,64
310,64
311,64
311,64
311,64
311,64
311,64
311,64
311,64
311,64
311,64
311,64
311,64
311,64
311,64
312,64
312,64
312,64
312,64
312,64
312,64
313,64
313,64
313,64
313,64
313,64
313,64
313,64
313,64
313,64
313,64
313,64
313,64
313,64
314,63
314,63
314,63
314,63
314,63
314,63
314,63
314,63
314,63
314,63
314,63
314,63
315,63
315,63
315,63
315,63
315,63
315,63
315,63
316,63
316,63
316,63
316,63
316,63
316,63
316,63
316,63
316,63
316,63
316,63
316,63
317,63
317,63
317,63
317,63
317,63
317,63
317,63
318,63
318,63
318,63
318,63
318,63
318,63
318,62
318,62
318,62
318,62
318,62
318,62
319,63
319,63
319,63
319,63
319,63
319,63
319,63
320,63
320,63
320,63
320,63
320,63
320,63
320,63
320,63
320,63
320,63
320,63
320,63
321,63
321,63
321,63
321,63
321,63
321,63
321,64
321,64
321,64
321,64
321,64
321,64
321,64
322,64
322,64
322,64
322,64
322,64
322,64
323,64
323,64
323,64
323,64
323,64
323,64
323,64
323,64
323,64
323,64
323,64
323,64
323,64
324,64
324,64
324,64
324,64
324,64
324,64
325,64
325,64
325,64
325,64
325,64
325,64
325,64
325,64
325,64
325,64
325,64
325,64
325,64
326,64
326,64
326,64
326,64
326,64
326,64
326,64
326,64
326,64
326,64
326,64
326,64
327,64
327,64
327,64
327,64
327,64
327,64
328,63
328,63
328,63
328,63
328,63
328,63
328,63
328,63
328,63
328,63
328,63
328,63
328,63
329,63
329,63
329,63
329,63
329,63
329,63
330,63
330,63
330,63
330,63
330,63
330,63
330,63
330,63
330,63
330,63
330,63
330,63
330,63
331,62
331,62
331,62
331,62
331,62
331,62
331,62
331,62
331,62
331,62
331,62
331,62
332,61
332,61
332,61
332,61
332,61
332,61
332,61
333,61
333,61
333,61
333,61
333,61
333,61
333,59
333,59
333,59
333,59
333,59
333,59
334,59
334,59
334,59
334,59
334,59
334,59
334,59
335,59
335,59
335,59
335,59
335,59
335,59
335,58
335,58
335,58
335,58
335,58
335,58
336,57
336,57
336,57
336,57
336,57
336,57
336,57
337,57
337,57
337,57
337,57
337,57
337,57
337,56
337,56
337,56
337,56
337,56
337,56
338,55
338,55
338,55
338,55
338,55
338,55
338,54
338,54
338,54
338,54
338,54
338,54
338,54
339,54
339,54
339,54
339,54
339,54
339,54
340,53
340,53
340,53
340,53
340,53
340,53
340,52
340,52
340,52
340,52
340,52
340,52
340,52
341,52
341,52
341,52
341,52
341,52
341,52
342,51
342,51
342,51
342,51
342,51
342,51
342,50
342,50
342,50
342,50
342,50
342,50
342,50
343,49
343,49
343,49
343,49
343,49
343,49
343,49
343,49
343,49
343,49
343,49
343,49
344,48
344,48
344,48
344,48
344,48
344,48
345,47
345,47
345,47
345,47
345,47
345,47
345,47
345,46
345,46
345,46
345,46
345,46
345,46
346,46
346,46
346,46
346,46
346,46
346,46
347,45
347,45
347,45
347,45
347,45
347,45
347,45
347,44
347,44
347,44
347,44
347,44
347,44
348,43
348,43
348,43
348,43
348,43
348,43
349,43
349,43
349,43
349,43
349,43
349,43
349,43
349,41
349,41
349,41
349,41
349,41
349,41
350,41
350,41
350,41
350,41
350,41
350,41
350,40
350,40
350,40
350,40
350,40
350,40
351,39
351,39
351,39
351,39
351,39
351,39
351,39
352,38
352,38
352,38
352,38
352,38
352,38
352,37
352,37
352,37
352,37
352,37
352,37
353,36
353,36
353,36
353,36
353,36
353,36
353,36
354,35
354,35
354,35
354,35
354,35
354,35
354,34
354,34
354,34
354,34
354,34
354,34
355,33
355,33
355,33
355,33
355,33
355,33
355,33
355,32
355,32
355,32
355,32
355,32
355,32
356,31
356,31
356,31
356,31
356,31
356,31
357,29
357,29
357,29
357,29
357,29
357,29
357,28
357,28
357,28
357,28
357,28
357,28
357,28
358,26
358,26
358,26
358,26
358,26
358,26
359,25
359,25
359,25
359,25
359,25
359,25
359,23
359,23
359,23
359,23
359,23
359,23
359,23
360,22
360,22
360,22
360,22
360,22
360,22
361,20
361,20
361,20
361,20
361,20
361,20
361,18
361,18
361,18
361,18
361,18
361,18
362,16
362,16
362,16
362,16
362,16
362,16
362,16
362,13
362,13
362,13
362,13
362,13
362,13
363,11
363,11
363,11
363,11
363,11
363,11
364,8
364,8
364,8
364,8
364,8
364,8
364,8
364,6
364,6
364,6
364,6
364,6
364,6
365,3
365,3
365,3
365,3
365,3
365,3
366,0
366,0
366,0
366,0
366,0
366,0
366,0
366,-3
366,-3
366,-3
366,-3
366,-3
366,-3
367,-5
367,-5
367,-5
367,-5
367,-5
367,-5
367,-8
367,-8
367,-8
367,-8
367,-8
367,-8
368,-7
368,-7
368,-7
368,-7
368,-7
368,-7
368,-7
369,-6
369,-6
369,-6
369,-6
369,-6
369,-6
369,-6
369,-6
369,-6
369,-6
369,-6
369,-6
370,-6
370,-6
370,-6
370,-6
370,-6
370,-6
370,-6
371,-6
371,-6
371,-6
371,-6
371,-6
371,-6
371,-6
371,-6
371,-6
371,-6
371,-6
371,-6
372,-7
372,-7
372,-7
372,-7
372,-7
372,-7
373,-8
373,-8
373,-8
373,-8
373,-8
373,-8
373,-8
373,-7
373,-7
373,-7
373,-7
373,-7
373,-7
374,-7
374,-7
374,-7
374,-7
374,-7
374,-7
374,-8
374,-8
374,-8
374,-8
374,-8
374,-8
374,-8
375,-8
375,-8
375,-8
375,-8
375,-8
375,-8
376,-8
376,-8
376,-8
376,-8
376,-8
376,-8
376,-7
376,-7
376,-7
376,-7
376,-7
376,-7
376,-7
377,-7
377,-7
377,-7
377,-7
377,-7
377,-7
378,-7
378,-7
378,-7
378,-7
378,-7
378,-7
378,-8
378,-8
378,-8
378,-8
378,-8
378,-8
379,-7
379,-7
379,-7
379,-7
379,-7
379,-7
379,-7
379,-8
379,-8
379,-8
379,-8
379,-8
379,-8
380,-7
380,-7
380,-7
380,-7
380,-7
380,-7
381,-8
381,-8
381,-8
381,-8
381,-8
381,-8
381,-8
381,-7
381,-7
381,-7
381,-7
381,-7
381,-7
382,-8
382,-8
382,-8
382,-8
382,-8
382,-8
383,-8
383,-8
383,-8
383,-8
383,-8
383,-8
383,-8
383,-8
383,-8
383,-8
383,-8
383,-8
383,-8
384,-7
384,-7
384,-7
384,-7
384,-7
384,-7
385,-7
385,-7
385,-7
385,-7
385,-7
385,-7
385,-7
385,-7
385,-7
385,-7
385,-7
385,-7
385,-7
386,-8
386,-8
386,-8
386,-8
386,-8
386,-8
386,-8
386,-8
386,-8
386,-8
386,-8
386,-8
387,-7
387,-7
387,-7
387,-7
387,-7
387,-7
387,-7
388,-7
388,-7
388,-7
388,-7
388,-7
388,-7
388,-7
388,-7
388,-7
388,-7
388,-7
388,-7
389,-8
389,-8
389,-8
389,-8
389,-8
389,-8
390,-7
390,-7
390,-7
390,-7
390,-7
390,-7
390,-7
390,-7
390,-7
390,-7
390,-7
390,-7
390,-7
391,-7
391,-7
391,-7
391,-7
391,-7
391,-7
391,-8
391,-8
391,-8
391,-8
391,-8
391,-8
391,-8
392,-8
392,-8
392,-8
392,-8
392,-8
392,-8
393,-8
393,-8
393,-8
393,-8
393,-8
393,-8
393,-8
393,-8
393,-8
393,-8
393,-8
393,-8
393,-8
394,-7
394,-7
394,-7
394,-7
394,-7
394,-7
395,-7
395,-7
395,-7
395,-7
395,-7
395,-7
395,-7
395,-7
395,-7
395,-7
395,-7
395,-7
396,-8
396,-8
396,-8
396,-8
396,-8
396,-8
396,-8
397,-8
397,-8
397,-8
397,-8
397,-8
397,-8
397,-8
397,-8
397,-8
397,-8
397,-8
397,-8
398,-8
398,-8
398,-8
398,-8
398,-8
398,-8
398,-8
398,-8
398,-8
398,-8
398,-8
398,-8
398,-8
399,-7
399,-7
399,-7
399,-7
399,-7
399,-7
400,-8
400,-8
400,-8
400,-8
400,-8
400,-8
400,-8
400,-7
400,-7
400,-7
400,-7
400,-7
400,-7
401,-8
401,-8
401,-8
401,-8
401,-8
401,-8
402,-7
402,-7
402,-7
402,-7
402,-7
402,-7
402,-7
402,-7
402,-7
402,-7
402,-7
402,-7
402,-7
403,-8
403,-8
403,-8
403,-8
403,-8
403,-8
403,-7
403,-7
403,-7
403,-7
403,-7
403,-7
404,-8
404,-8
404,-8
404,-8
404,-8
404,-8
404,-8
405,-8
405,-8
405,-8
405,-8
405,-8
405,-8
405,-7
405,-7
405,-7
405,-7
405,-7
405,-7
406,-8
406,-8
406,-8
406,-8
406,-8
406,-8
407,-8
407,-8
407,-8
407,-8
407,-8
407,-8
407,-8
407,-7
407,-7
407,-7
407,-7
407,-7
407,-7
408,-7
408,-7
408,-7
408,-7
408,-7
408,-7
408,-8
408,-8
408,-8
408,-8
408,-8
408,-8
408,-8
409,-8
409,-8
409,-8
409,-8
409,-8
409,-8
410,-7
410,-7
410,-7
410,-7
410,-7
410,-7
410,-8
410,-8
410,-8
410,-8
410,-8
410,-8
410,-8
411,-8
411,-8
411,-8
411,-8
411,-8
411,-8
412,-7
412,-7
412,-7
412,-7
412,-7
412,-7
412,-8
412,-8
412,-8
412,-8
412,-8
412,-8
413,-8
413,-8
413,-8
413,-8
413,-8
413,-8
413,-8
414,-8
414,-8
414,-8
414,-8
414,-8
414,-8
414,-8
414,-8
414,-8
414,-8
414,-8
414,-8
415,-8
415,-8
415,-8
415,-8
415,-8
415,-8
415,-8
415,-8
415,-8
415,-8
415,-8
415,-8
415,-8
416,-8
416,-8
416,-8
416,-8
416,-8
416,-8
417,-8
417,-8
417,-8
417,-8
417,-8
417,-8
417,-8
417,-8
417,-8
417,-8
417,-8
417,-8
417,-8
418,-7
418,-7
418,-7
418,-7
418,-7
418,-7
419,-7
419,-7
419,-7
419,-7
419,-7
419,-7
419,-8
419,-8
419,-8
419,-8
419,-8
419,-8
419,-8
420,-8
420,-8
420,-8
420,-8
420,-8
420,-8
420,-7
420,-7
420,-7
420,-7
420,-7
420,-7
421,-8
421,-8
421,-8
421,-8
421,-8
421,-8
421,-8
422,-8
422,-8
422,-8
422,-8
422,-8
422,-8
422,-8
422,-8
422,-8
422,-8
422,-8
422,-8
423,-8
423,-8
423,-8
423,-8
423,-8
423,-8
424,-8
424,-8
424,-8
424,-8
424,-8
424,-8
424,-8
424,-7
424,-7
424,-7
424,-7
424,-7
424,-7
425,-8
425,-8
425,-8
425,-8
425,-8
425,-8
426,-8
426,-8
426,-8
426,-8
426,-8
426,-8
426,-8
426,-8
426,-8
426,-8
426,-8
426,-8
426,-8
427,-8
427,-8
427,-8
427,-8
427,-8
427,-8
427,-8
427,-8
427,-8
427,-8
427,-8
427,-8
428,-8
428,-8
428,-8
428,-8
428,-8
428,-8
428,-8
429,-7
429,-7
429,-7
429,-7
429,-7
429,-7
429,-8
429,-8
429,-8
429,-8
429,-8
429,-8
430,-8
430,-8
430,-8
430,-8
430,-8
430,-8
430,-8
431,-8
431,-8
431,-8
431,-8
431,-8
431,-8
431,-7
431,-7
431,-7
431,-7
431,-7
431,-7
432,-8
432,-8
432,-8
432,-8
432,-8
432,-8
432,-8
432,-7
432,-7
432,-7
432,-7
432,-7
432,-7
433,-8
433,-8
433,-8
433,-8
433,-8
433,-8
434,-8
434,-8
434,-8
434,-8
434,-8
434,-8
434,-8
434,-8
434,-8
434,-8
434,-8
434,-8
434,-8
435,-7
435,-7
435,-7
435,-7
435,-7
435,-7
436,-8
436,-8
436,-8
436,-8
436,-8
436,-8
436,-8
436,-8
436,-8
436,-8
436,-8
436,-8
436,-8
437,-8
437,-8
437,-8
437,-8
437,-8
437,-8
438,-8
438,-8
438,-8
438,-8
438,-8
438,-8
438,-8
438,-8
438,-8
438,-8
438,-8
438,-8
438,-8
439,-7
439,-7
439,-7
439,-7
439,-7
439,-7
439,-8
439,-8
439,-8
439,-8
439,-8
439,-8
440,-7
440,-7
440,-7
440,-7
440,-7
440,-7
441,-8
441,-8
441,-8
441,-8
441,-8
441,-8
441,-8
441,-8
441,-8
441,-8
441,-8
441,-8
441,-8
442,-8
442,-8
442,-8
442,-8
442,-8
442,-8
443,-8
443,-8
443,-8
443,-8
443,-8
443,-8
443,-8
443,-8
443,-8
443,-8
443,-8
443,-8
443,-8
444,-8
444,-8
444,-8
444,-8
444,-8
444,-8
444,-8
444,-8
444,-8
444,-8
444,-8
444,-8
444,-8
445,-8
445,-8
445,-8
445,-8
445,-8
445,-8
446,-8
446,-8
446,-8
446,-8
446,-8
446,-8
446,-7
446,-7
446,-7
446,-7
446,-7
446,-7
447,-8
447,-8
447,-8
447,-8
447,-8
447,-8
447,-8
448,-8
448,-8
448,-8
448,-8
448,-8
448,-8
448,-8
448,-8
448,-8
448,-8
448,-8
448,-8
449,-8
449,-8
449,-8
449,-8
449,-8
449,-8
449,-8
450,-8
450,-8
450,-8
450,-8
450,-8
450,-8
450,-8
450,-8
450,-8
450,-8
450,-8
450,-8
451,-8
451,-8
451,-8
451,-8
451,-8
451,-8
451,-8
451,-8
451,-8
451,-8
451,-8
451,-8
451,-8
452,-8
452,-8
452,-8
452,-8
452,-8
452,-8
453,-8
453,-8
453,-8
453,-8
453,-8
453,-8
453,-8
453,-8
453,-8
453,-8
453,-8
453,-8
453,-8
454,-8
454,-8
454,-8
454,-8
454,-8
454,-8
455,-7
455,-7
455,-7
455,-7
455,-7
455,-7
455,-8
455,-8
455,-8
455,-8
455,-8
455,-8
455,-8
456,-8
456,-8
456,-8
456,-8
456,-8
456,-8
456,-8
456,-8
456,-8
456,-8
456,-8
456,-8
457,-8
457,-8
457,-8
457,-8
457,-8
457,-8
458,-8
458,-8
458,-8
458,-8
458,-8
458,-8
458,-8
458,-8
458,-8
458,-8
458,-8
458,-8
458,-8
459,-8
459,-8
459,-8
459,-8
459,-8
459,-8
460,-9
460,-9
460,-9
460,-9
460,-9
460,-9
460,-9
460,-7
460,-7
460,-7
460,-7
460,-7
460,-7
461,-7
461,-7
461,-7
461,-7
461,-7
461,-7
461,-8
461,-8
461,-8
461,-8
461,-8
461,-8
461,-8
462,-8
462,-8
462,-8
462,-8
462,-8
462,-8
463,-8
463,-8
463,-8
463,-8
463,-8
463,-8
463,-7
463,-7
463,-7
463,-7
463,-7
463,-7
464,-7
464,-7
464,-7
464,-7
464,-7
464,-7
464,-7
465,-8
465,-8
465,-8
465,-8
465,-8
465,-8
465,-8
465,-8
465,-8
465,-8
465,-8
465,-8
466,-7
466,-7
466,-7
466,-7
466,-7
466,-7
466,-7
467,-8
467,-8
467,-8
467,-8
467,-8
467,-8
467,-7
467,-7
467,-7
467,-7
467,-7
467,-7
468,-8
468,-8
468,-8
468,-8
468,-8
468,-8
468,-8
468,-8
468,-8
468,-8
468,-8
468,-8
468,-8
469,-8
469,-8
469,-8
469,-8
469,-8
469,-8
470,-8
470,-8
470,-8
470,-8
470,-8
470,-8
470,-7
470,-7
470,-7
470,-7
470,-7
470,-7
470,-7
471,-8
471,-8
471,-8
471,-8
471,-8
471,-8
472,-8
472,-8
472,-8
472,-8
472,-8
472,-8
472,-7
472,-7
472,-7
472,-7
472,-7
472,-7
472,-7
473,-7
473,-7
473,-7
473,-7
473,-7
473,-7
473,-8
473,-8
473,-8
473,-8
473,-8
473,-8
474,-8
474,-8
474,-8
474,-8
474,-8
474,-8
475,-8
475,-8
475,-8
475,-8
475,-8
475,-8
475,-8
475,-7
475,-7
475,-7
475,-7
475,-7
475,-7
476,-7
476,-7
476,-7
476,-7
476,-7
476,-7
477,-7
477,-7
477,-7
477,-7
477,-7
477,-7
477,-7
477,-8
477,-8
477,-8
477,-8
477,-8
477,-8
478,-8
478,-8
478,-8
478,-8
478,-8
478,-8
479,-7
479,-7
479,-7
479,-7
479,-7
479,-7
479,-7
479,-8
479,-8
479,-8
479,-8
479,-8
479,-8
480,-7
480,-7
480,-7
480,-7
480,-7
480,-7
480,-8
480,-8
480,-8
480,-8
480,-8
480,-8
481,-7
481,-7
481,-7
481,-7
481,-7
481,-7
481,-7
482,-8
482,-8
482,-8
482,-8
482,-8
482,-8
482,-8
482,-8
482,-8
482,-8
482,-8
482,-8
483,-8
483,-8
483,-8
483,-8
483,-8
483,-8
483,-8
484,-7
484,-7
484,-7
484,-7
484,-7
484,-7
484,-8
484,-8
484,-8
484,-8
484,-8
484,-8
485,-8
485,-8
485,-8
485,-8
485,-8
485,-8
485,-8
485,-8
485,-8
485,-8
485,-8
485,-8
485,-8
486,-8
486,-8
486,-8
486,-8
486,-8
486,-8
487,-8
487,-8
487,-8
487,-8
487,-8
487,-8
487,-8
487,-8
487,-8
487,-8
487,-8
487,-8
487,-8
488,-8
488,-8
488,-8
488,-8
488,-8
488,-8
489,-7
489,-7
489,-7
489,-7
489,-7
489,-7
489,-7
489,-7
489,-7
489,-7
489,-7
489,-7
489,-7
490,-7
490,-7
490,-7
490,-7
490,-7
490,-7
491,-8
491,-8
491,-8
491,-8
491,-8
491,-8
491,-7
491,-7
491,-7
491,-7
491,-7
491,-7
491,-7
492,-8
492,-8
492,-8
492,-8
492,-8
492,-8
492,-8
492,-8
492,-8
492,-8
492,-8
492,-8
493,-7
493,-7
493,-7
493,-7
493,-7
493,-7
494,-8
494,-8
494,-8
494,-8
494,-8
494,-8
494,-8
494,-8
494,-8
494,-8
494,-8
494,-8
494,-8
495,-8
495,-8
495,-8
495,-8
495,-8
495,-8
496,-7
496,-7
496,-7
496,-7
496,-7
496,-7
496,-7
496,-7
496,-7
496,-7
496,-7
496,-7
496,-7
497,-7
497,-7
497,-7
497,-7
497,-7
497,-7
497,-8
497,-8
497,-8
497,-8
497,-8
497,-8
498,-8
498,-8
498,-8
498,-8
498,-8
498,-8
498,-8
499,-7
499,-7
499,-7
499,-7
499,-7
499,-7
499,-8
499,-8
499,-8
499,-8
499,-8
499,-8
500,-7
500,-7
500,-7
500,-7
500,-7
500,-7
500,-7
501,-8
501,-8
501,-8
501,-8
501,-8
501,-8
501,-7
501,-7
501,-7
501,-7
501,-7
501,-7
502,-7
502,-7
502,-7
502,-7
502,-7
502,-7
502,-7
503,-8
503,-8
503,-8
503,-8
503,-8
503,-8
503,-7
503,-7
503,-7
503,-7
503,-7
503,-7
504,-7
504,-7
504,-7
504,-7
504,-7
504,-7
504,-7
504,-7
504,-7
504,-7
504,-7
504,-7
504,-7
505,-8
505,-8
505,-8
505,-8
505,-8
505,-8
506,-8
506,-8
506,-8
506,-8
506,-8
506,-8
506,-7
506,-7
506,-7
506,-7
506,-7
506,-7
506,-7
507,-8
507,-8
507,-8
507,-8
507,-8
507,-8
508,-8
508,-8
508,-8
508,-8
508,-8
508,-8
508,-7
508,-7
508,-7
508,-7
508,-7
508,-7
509,-8
509,-8
509,-8
509,-8
509,-8
509,-8
509,-8
509,-8
509,-8
509,-8
509,-8
509,-8
509,-8
510,-7
510,-7
510,-7
510,-7
510,-7
510,-7
511,-8
511,-8
511,-8
511,-8
511,-8
511,-8
511,-8
511,-7
511,-7
511,-7
511,-7
511,-7
511,-7
512,-8
512,-8
512,-8
512,-8
512,-8
512,-8
513,-7
513,-7
513,-7
513,-7
513,-7
513,-7
513,-7
513,-7
513,-7
513,-7
513,-7
513,-7
513,-7
514,-7
514,-7
514,-7
514,-7
514,-7
514,-7
515,-8
515,-8
515,-8
515,-8
515,-8
515,-8
515,-8
515,-8
515,-8
515,-8
515,-8
515,-8
515,-8
516,-7
516,-7
516,-7
516,-7
516,-7
516,-7
516,-8
516,-8
516,-8
516,-8
516,-8
516,-8
517,-7
517,-7
517,-7
517,-7
517,-7
517,-7
517,-7
518,-7
518,-7
518,-7
518,-7
518,-7
518,-7
518,-7
518,-7
518,-7
518,-7
518,-7
518,-7
519,-7
519,-7
519,-7
519,-7
519,-7
519,-7
520,-7
520,-7
520,-7
520,-7
520,-7
520,-7
520,-7
520,-8
520,-8
520,-8
520,-8
520,-8
520,-8
521,-8
521,-8
521,-8
521,-8
521,-8
521,-8
521,-8
521,-8
521,-8
521,-8
521,-8
521,-8
521,-8
522,-8
522,-8
522,-8
522,-8
522,-8
522,-8
523,-8
523,-8
523,-8
523,-8
523,-8
523,-8
523,-8
523,-8
523,-8
523,-8
523,-8
523,-8
523,-8
524,-8
524,-8
524,-8
524,-8
524,-8
524,-8
525,-8
525,-8
525,-8
525,-8
525,-8
525,-8
525,-8
525,-8
525,-8
525,-8
525,-8
525,-8
526,-8
526,-8
526,-8
526,-8
526,-8
526,-8
526,-8
526,-8
526,-8
526,-8
526,-8
526,-8
526,-8
527,-8
527,-8
527,-8
527,-8
527,-8
527,-8
528,-8
528,-8
528,-8
528,-8
528,-8
528,-8
528,-8
528,-8
528,-8
528,-8
528,-8
528,-8
528,-8
529,-8
529,-8
529,-8
529,-8
529,-8
529,-8
530,-8
530,-8
530,-8
530,-8
530,-8
530,-8
530,-8
530,-8
530,-8
530,-8
530,-8
530,-8
530,-8
531,-7
531,-7
531,-7
531,-7
531,-7
531,-7
532,-8
532,-8
532,-8
532,-8
532,-8
532,-8
532,-8
532,-8
532,-8
532,-8
532,-8
532,-8
532,-8
533,-7
533,-7
533,-7
533,-7
533,-7
533,-7
533,-8
533,-8
533,-8
533,-8
533,-8
533,-8
534,-7
534,-7
534,-7
534,-7
534,-7
534,-7
534,-7
535,-8
535,-8
535,-8
535,-8
535,-8
535,-8
535,-8
535,-8
535,-8
535,-8
535,-8
535,-8
536,-8
536,-8
536,-8
536,-8
536,-8
536,-8
537,-7
537,-7
537,-7
537,-7
537,-7
537,-7
537,-7
537,-8
537,-8
537,-8
537,-8
537,-8
537,-8
538,-8
538,-8
538,-8
538,-8
538,-8
538,-8
538,-7
538,-7
538,-7
538,-7
538,-7
538,-7
538,-7
539,-8
539,-8
539,-8
539,-8
539,-8
539,-8
540,-7
540,-7
540,-7
540,-7
540,-7
540,-7
540,-8
540,-8
540,-8
540,-8
540,-8
540,-8
540,-8
541,-7
541,-7
541,-7
541,-7
541,-7
541,-7
542,-8
542,-8
542,-8
542,-8
542,-8
542,-8
542,-8
542,-8
542,-8
542,-8
542,-8
542,-8
543,-8
543,-8
543,-8
543,-8
543,-8
543,-8
543,-8
544,-8
544,-8
544,-8
544,-8
544,-8
544,-8
544,-8
544,-8
544,-8
544,-8
544,-8
544,-8
545,-8
545,-8
545,-8
545,-8
545,-8
545,-8
545,-8
545,-8
545,-8
545,-8
545,-8
545,-8
545,-8
546,-8
546,-8
546,-8
546,-8
546,-8
546,-8
547,-7
547,-7
547,-7
547,-7
547,-7
547,-7
547,-7
547,-8
547,-8
547,-8
547,-8
547,-8
547,-8
548,-8
548,-8
548,-8
548,-8
548,-8
548,-8
549,-8
549,-8
549,-8
549,-8
549,-8
549,-8
549,-7
549,-7
549,-7
549,-7
549,-7
549,-7
549,-7
550,-8
550,-8
550,-8
550,-8
550,-8
550,-8
550,-8
550,-8
550,-8
550,-8
550,-8
550,-8
551,-7
551,-7
551,-7
551,-7
551,-7
551,-7
551,-7
552,-7
552,-7
552,-7
552,-7
552,-7
552,-7
552,-7
552,-7
552,-7
552,-7
552,-7
552,-7
553,-8
553,-8
553,-8
553,-8
553,-8
553,-8
554,-7
554,-7
554,-7
554,-7
554,-7
554,-7
554,-7
554,-7
554,-7
554,-7
554,-7
554,-7
554,-7
555,-8
555,-8
555,-8
555,-8
555,-8
555,-8
556,-8
556,-8
556,-8
556,-8
556,-8
556,-8
556,-8
556,-7
556,-7
556,-7
556,-7
556,-7
556,-7
557,-7
557,-7
557,-7
557,-7
557,-7
557,-7
557,-8
557,-8
557,-8
557,-8
557,-8
557,-8
557,-8
558,-8
558,-8
558,-8
558,-8
558,-8
558,-8
559,-8
559,-8
559,-8
559,-8
559,-8
559,-8
559,-8
559,-8
559,-8
559,-8
559,-8
559,-8
560,-8
560,-8
560,-8
560,-8
560,-8
560,-8
560,-8
561,-7
561,-7
561,-7
561,-7
561,-7
561,-7
561,-7
561,-7
561,-7
561,-7
561,-7
561,-7
562,-7
562,-7
562,-7
562,-7
562,-7
562,-7
562,-7
562,-8
562,-8
562,-8
562,-8
562,-8
562,-8
563,-7
563,-7
563,-7
563,-7
563,-7
563,-7
564,-8
564,-8
564,-8
564,-8
564,-8
564,-8
564,-8
564,-8
564,-8
564,-8
564,-8
564,-8
564,-8
565,-7
565,-7
565,-7
565,-7
565,-7
565,-7
566,-8
566,-8
566,-8
566,-8
566,-8
566,-8
566,-8
566,-8
566,-8
566,-8
566,-8
566,-8
566,-8
567,-7
567,-7
567,-7
567,-7
567,-7
567,-7
568,-8
568,-8
568,-8
568,-8
568,-8
568,-8
568,-8
568,-8
568,-8
568,-8
568,-8
568,-8
568,-8
569,-8
569,-8
569,-8
569,-8
569,-8
569,-8
569,-7
569,-7
569,-7
569,-7
569,-7
569,-7
570,-8
570,-8
570,-8
570,-8
570,-8
570,-8
571,-8
571,-8
571,-8
571,-8
571,-8
571,-8
571,-8
571,-8
571,-8
571,-8
571,-8
571,-8
571,-8
572,-8
572,-8
572,-8
572,-8
572,-8
572,-8
573,-7
573,-7
573,-7
573,-7
573,-7
573,-7
573,-7
573,-8
573,-8
573,-8
573,-8
573,-8
573,-8
574,-7
574,-7
574,-7
574,-7
574,-7
574,-7
574,-8
574,-8
574,-8
574,-8
574,-8
574,-8
574,-8
575,-8
575,-8
575,-8
575,-8
575,-8
575,-8
576,-7
576,-7
576,-7
576,-7
576,-7
576,-7
576,-8
576,-8
576,-8
576,-8
576,-8
576,-8
577,-8
577,-8
577,-8
577,-8
577,-8
577,-8
577,-8
578,-8
578,-8
578,-8
578,-8
578,-8
578,-8
578,-7
578,-7
578,-7
578,-7
578,-7
578,-7
579,-7
579,-7
579,-7
579,-7
579,-7
579,-7
579,-7
580,-7
580,-7
580,-7
580,-7
580,-7
580,-7
580,-8
580,-8
580,-8
580,-8
580,-8
580,-8
581,-7
581,-7
581,-7
581,-7
581,-7
581,-7
581,-7
581,-7
581,-7
581,-7
581,-7
581,-7
581,-7
582,-8
582,-8
582,-8
582,-8
582,-8
582,-8
583,-7
583,-7
583,-7
583,-7
583,-7
583,-7
583,-8
583,-8
583,-8
583,-8
583,-8
583,-8
583,-8
584,-8
584,-8
584,-8
584,-8
584,-8
584,-8
585,-7
585,-7
585,-7
585,-7
585,-7
585,-7
585,-8
585,-8
585,-8
585,-8
585,-8
585,-8
585,-8
586,-7
586,-7
586,-7
586,-7
586,-7
586,-7
586,-8
586,-8
586,-8
586,-8
586,-8
586,-8
587,-8
587,-8
587,-8
587,-8
587,-8
587,-8
587,-8
588,-8
588,-8
588,-8
588,-8
588,-8
588,-8
588,-7
588,-7
588,-7
588,-7
588,-7
588,-7
589,-8
589,-8
589,-8
589,-8
589,-8
589,-8
590,-8
590,-8
590,-8
590,-8
590,-8
590,-8
590,-8
590,-8
590,-8
590,-8
590,-8
590,-8
590,-8
591,-7
591,-7
591,-7
591,-7
591,-7
591,-7
591,-8
591,-8
591,-8
591,-8
591,-8
591,-8
591,-8
592,-8
592,-8
592,-8
592,-8
592,-8
592,-8
593,-8
593,-8
593,-8
593,-8
593,-8
593,-8
593,-8
593,-8
593,-8
593,-8
593,-8
593,-8
593,-8
594,-8
594,-8
594,-8
594,-8
594,-8
594,-8
595,-7
595,-7
595,-7
595,-7
595,-7
595,-7
595,-7
595,-7
595,-7
595,-7
595,-7
595,-7
596,-7
596,-7
596,-7
596,-7
596,-7
596,-7
596,-7
597,-7
597,-7
597,-7
597,-7
597,-7
597,-7
597,-7
597,-7
597,-7
597,-7
597,-7
597,-7
598,-7
598,-7
598,-7
598,-7
598,-7
598,-7
598,-7
598,-7
598,-7
598,-7
598,-7
598,-7
598,-7
599,-7
599,-7
599,-7
599,-7
599,-7
599,-7
600,-7
600,-7
600,-7
600,-7
600,-7
600,-7
600,-8
600,-8
600,-8
600,-8
600,-8
600,-8
600,-8
601,-8
601,-8
601,-8
601,-8
601,-8
601,-8
602,-8
602,-8
602,-8
602,-8
602,-8
602,-8
602,-7
602,-7
602,-7
602,-7
602,-7
602,-7
602,-7
603,-7
603,-7
603,-7
603,-7
603,-7
603,-7
603,-8
603,-8
603,-8
603,-8
603,-8
603,-8
604,-7
604,-7
604,-7
604,-7
604,-7
604,-7
604,-7
605,-8
605,-8
605,-8
605,-8
605,-8
605,-8
605,-8
605,-8
605,-8
605,-8
605,-8
605,-8
606,-8
606,-8
606,-8
606,-8
606,-8
606,-8
607,-7
607,-7
607,-7
607,-7
607,-7
607,-7
607,-7
607,-7
607,-7
607,-7
607,-7
607,-7
607,-7
608,-8
608,-8
608,-8
608,-8
608,-8
608,-8
609,-7
609,-7
609,-7
609,-7
609,-7
609,-7
609,-7
609,-8
609,-8
609,-8
609,-8
609,-8
609,-8
610,-8
610,-8
610,-8
610,-8
610,-8
610,-8
610,-7
610,-7
610,-7
610,-7
610,-7
610,-7
610,-7
611,-7
611,-7
611,-7
611,-7
611,-7
611,-7
612,-8
612,-8
612,-8
612,-8
612,-8
612,-8
612,-8
612,-8
612,-8
612,-8
612,-8
612,-8
613,-8
613,-8
613,-8
613,-8
613,-8
613,-8
613,-8
614,-7
614,-7
614,-7
614,-7
614,-7
614,-7
614,-8
614,-8
614,-8
614,-8
614,-8
614,-8
615,-7
615,-7
615,-7
615,-7
615,-7
615,-7
615,-7
615,-7
615,-7
615,-7
615,-7
615,-7
615,-7
616,-8
616,-8
616,-8
616,-8
616,-8
616,-8
617,-7
617,-7
617,-7
617,-7
617,-7
617,-7
617,-7
617,-7
617,-7
617,-7
617,-7
617,-7
617,-7
618,-7
618,-7
618,-7
618,-7
618,-7
618,-7
619,-8
619,-8
619,-8
619,-8
619,-8
619,-8
619,-7
619,-7
619,-7
619,-7
619,-7
619,-7
619,-7
620,-7
620,-7
620,-7
620,-7
620,-7
620,-7
621,-8
621,-8
621,-8
621,-8
621,-8
621,-8
621,-8
621,-8
621,-8
621,-8
621,-8
621,-8
621,-8
622,-8
622,-8
622,-8
622,-8
622,-8
622,-8
622,-8
622,-8
622,-8
622,-8
622,-8
622,-8
623,-7
623,-7
623,-7
623,-7
623,-7
623,-7
624,-7
624,-7
624,-7
624,-7
624,-7
624,-7
624,-7
624,-7
624,-7
624,-7
624,-7
624,-7
624,-7
625,-8
625,-8
625,-8
625,-8
625,-8
625,-8
626,-7
626,-7
626,-7
626,-7
626,-7
626,-7
626,-7
626,-8
626,-8
626,-8
626,-8
626,-8
626,-8
627,-7
627,-7
627,-7
627,-7
627,-7
627,-7
627,-7
627,-7
627,-7
627,-7
627,-7
627,-7
627,-7
628,-8
628,-8
628,-8
628,-8
628,-8
628,-8
629,-8
629,-8
629,-8
629,-8
629,-8
629,-8
629,-7
629,-7
629,-7
629,-7
629,-7
629,-7
630,-7
630,-7
630,-7
630,-7
630,-7
630,-7
630,-7
631,-8
631,-8
631,-8
631,-8
631,-8
631,-8
631,-8
631,-8
631,-8
631,-8
631,-8
631,-8
632,-8
632,-8
632,-8
632,-8
632,-8
632,-8
632,-8
633,-7
633,-7
633,-7
633,-7
633,-7
633,-7
633,-8
633,-8
633,-8
633,-8
633,-8
633,-8
634,-7
634,-7
634,-7
634,-7
634,-7
634,-7
634,-7
634,-8
634,-8
634,-8
634,-8
634,-8
634,-8
635,-7
635,-7
635,-7
635,-7
635,-7
635,-7
636,-8
636,-8
636,-8
636,-8
636,-8
636,-8
636,-8
636,-8
636,-8
636,-8
636,-8
636,-8
636,-8
637,-7
637,-7
637,-7
637,-7
637,-7
637,-7
638,-8
638,-8
638,-8
638,-8
638,-8
638,-8
638,-8
638,-8
638,-8
638,-8
638,-8
638,-8
638,-8
639,-7
639,-7
639,-7
639,-7
639,-7
639,-7
639,-8
639,-8
639,-8
639,-8
639,-8
639,-8
640,-7
640,-7
640,-7
640,-7
640,-7
640,-7
641,-7
641,-7
641,-7
641,-7
641,-7
641,-7
641,-7
641,-8
641,-8
641,-8
641,-8
641,-8
641,-8
642,-8
642,-8
642,-8
642,-8
642,-8
642,-8
643,-7
643,-7
643,-7
643,-7
643,-7
643,-7
643,-7
643,-7
643,-7
643,-7
643,-7
643,-7
643,-7
644,-8
644,-8
644,-8
644,-8
644,-8
644,-8
645,-8
645,-8
645,-8
645,-8
645,-8
645,-8
645,-8
645,-8
645,-8
645,-8
645,-8
645,-8
645,-8
646,-8
646,-8
646,-8
646,-8
646,-8
646,-8
646,-7
646,-7
646,-7
646,-7
646,-7
646,-7
647,-8
647,-8
647,-8
647,-8
647,-8
647,-8
647,-8
648,-8
648,-8
648,-8
648,-8
648,-8
648,-8
648,-8
648,-8
648,-8
648,-8
648,-8
648,-8
649,-8
649,-8
649,-8
649,-8
649,-8
649,-8
649,-8
650,-8
650,-8
650,-8
650,-8
650,-8
650,-8
650,-8
650,-8
650,-8
650,-8
650,-8
650,-8
651,-7
651,-7
651,-7
651,-7
651,-7
651,-7
651,-7
651,-8
651,-8
651,-8
651,-8
651,-8
651,-8
652,-7
652,-7
652,-7
652,-7
652,-7
652,-7
653,-7
653,-7
653,-7
653,-7
653,-7
653,-7
653,-8
653,-8
653,-8
653,-8
653,-8
653,-8
653,-8
654,-8
654,-8
654,-8
654,-8
654,-8
654,-8
655,-8
655,-8
655,-8
655,-8
655,-8
655,-8
655,-7
655,-7
655,-7
655,-7
655,-7
655,-7
655,-7
656,-8
656,-8
656,-8
656,-8
656,-8
656,-8
656,-8
656,-8
656,-8
656,-8
656,-8
656,-8
657,-8
657,-8
657,-8
657,-8
657,-8
657,-8
658,-8
658,-8
658,-8
658,-8
658,-8
658,-8
658,-8
658,-7
658,-7
658,-7
658,-7
658,-7
658,-7
659,-7
659,-7
659,-7
659,-7
659,-7
659,-7
660,-8
660,-8
660,-8
660,-8
660,-8
660,-8
660,-8
660,-8
660,-8
660,-8
660,-8
660,-8
660,-8
661,-8
661,-8
661,-8
661,-8
661,-8
661,-8
662,-8
662,-8
662,-8
662,-8
662,-8
662,-8
662,-8
662,-8
662,-8
662,-8
662,-8
662,-8
662,-8
663,-8
663,-8
663,-8
663,-8
663,-8
663,-8
663,-8
663,-8
663,-8
663,-8
663,-8
663,-8
664,-8
664,-8
664,-8
664,-8
664,-8
664,-8
664,-8
665,-8
665,-8
665,-8
665,-8
665,-8
665,-8
665,-7
665,-7
665,-7
665,-7
665,-7
665,-7
666,-7
666,-7
666,-7
666,-7
666,-7
666,-7
666,-7
667,-8
667,-8
667,-8
667,-8
667,-8
667,-8
667,-8
667,-8
667,-8
667,-8
667,-8
667,-8
668,-7
668,-7
668,-7
668,-7
668,-7
668,-7
668,-7
668,-7
668,-7
668,-7
668,-7
668,-7
668,-7
669,-7
669,-7
669,-7
669,-7
669,-7
669,-7
670,-7
670,-7
670,-7
670,-7
670,-7
670,-7
670,-8
670,-8
670,-8
670,-8
670,-8
670,-8
670,-8
671,-7
671,-7
671,-7
671,-7
671,-7
671,-7
672,-8
672,-8
672,-8
672,-8
672,-8
672,-8
672,-8
672,-8
672,-8
672,-8
672,-8
672,-8
672,-8
673,-7
673,-7
673,-7
673,-7
673,-7
673,-7
674,-7
674,-7
674,-7
674,-7
674,-7
674,-7
674,-8
674,-8
674,-8
674,-8
674,-8
674,-8
675,-8
675,-8
675,-8
675,-8
675,-8
675,-8
675,-8
675,-8
675,-8
675,-8
675,-8
675,-8
675,-8
676,-8
676,-8
676,-8
676,-8
676,-8
676,-8
677,-8
677,-8
677,-8
677,-8
677,-8
677,-8
677,-8
677,-8
677,-8
677,-8
677,-8
677,-8
677,-8
678,-8
678,-8
678,-8
678,-8
678,-8
678,-8
679,-8
679,-8
679,-8
679,-8
679,-8
679,-8
679,-8
679,-8
679,-8
679,-8
679,-8
679,-8
679,-8
680,-8
680,-8
680,-8
680,-8
680,-8
680,-8
680,-8
680,-8
680,-8
680,-8
680,-8
680,-8
681,-7
681,-7
681,-7
681,-7
681,-7
681,-7
681,-7
682,-7
682,-7
682,-7
682,-7
682,-7
682,-7
682,-7
682,-7
682,-7
682,-7
682,-7
682,-7
683,-8
683,-8
683,-8
683,-8
683,-8
683,-8
683,-8
684,-7
684,-7
684,-7
684,-7
684,-7
684,-7
684,-7
684,-7
684,-7
684,-7
684,-7
684,-7
685,-8
685,-8
685,-8
685,-8
685,-8
685,-8
685,-8
686,-7
686,-7
686,-7
686,-7
686,-7
686,-7
686,-7
686,-7
686,-7
686,-7
686,-7
686,-7
687,-7
687,-7
687,-7
687,-7
687,-7
687,-7
687,-7
687,-7
687,-7
687,-7
687,-7
687,-7
687,-7
688,-7
688,-7
688,-7
688,-7
688,-7
688,-7
689,-8
689,-8
689,-8
689,-8
689,-8
689,-8
689,-7
689,-7
689,-7
689,-7
689,-7
689,-7
689,-7
690,-8
690,-8
690,-8
690,-8
690,-8
690,-8
691,-7
691,-7
691,-7
691,-7
691,-7
691,-7
691,-7
691,-7
691,-7
691,-7
691,-7
691,-7
691,-7
692,-8
692,-8
692,-8
692,-8
692,-8
692,-8
692,-8
692,-8
692,-8
692,-8
692,-8
692,-8
693,-8
693,-8
693,-8
693,-8
693,-8
693,-8
694,-8
694,-8
694,-8
694,-8
694,-8
694,-8
694,-8
694,-7
694,-7
694,-7
694,-7
694,-7
694,-7
695,-8
695,-8
695,-8
695,-8
695,-8
695,-8
696,-7
696,-7
696,-7
696,-7
696,-7
696,-7
696,-7
696,-8
696,-8
696,-8
696,-8
696,-8
696,-8
697,-8
697,-8
697,-8
697,-8
697,-8
697,-8
698,-8
698,-8
698,-8
698,-8
698,-8
698,-8
698,-8
698,-8
698,-8
698,-8
698,-8
698,-8
698,-8
699,-8
699,-8
699,-8
699,-8
699,-8
699,-8
699,-8
699,-8
699,-8
699,-8
699,-8
699,-8
700,-7
700,-7
700,-7
700,-7
700,-7
700,-7
700,-7
701,-8
701,-8
701,-8
701,-8
701,-8
701,-8
701,-7
701,-7
701,-7
701,-7
701,-7
701,-7
702,-8
702,-8
702,-8
702,-8
702,-8
702,-8
702,-8
703,-8
703,-8
703,-8
703,-8
703,-8
703,-8
703,-7
703,-7
703,-7
703,-7
703,-7
703,-7
704,-7
704,-7
704,-7
704,-7
704,-7
704,-7
704,-8
704,-8
704,-8
704,-8
704,-8
704,-8
704,-8
705,-7
705,-7
705,-7
705,-7
705,-7
705,-7
706,-7
706,-7
706,-7
706,-7
706,-7
706,-7
706,-7
706,-7
706,-7
706,-7
706,-7
706,-7
706,-7
707,-8
707,-8
707,-8
707,-8
707,-8
707,-8
708,-7
708,-7
708,-7
708,-7
708,-7
708,-7
708,-7
708,-7
708,-7
708,-7
708,-7
708,-7
708,-7
709,-8
709,-8
709,-8
709,-8
709,-8
709,-8
709,-7
709,-7
709,-7
709,-7
709,-7
709,-7
710,-8
710,-8
710,-8
710,-8
710,-8
710,-8
711,-8
711,-8
711,-8
711,-8
711,-8
711,-8
711,-8
711,-7
711,-7
711,-7
711,-7
711,-7
711,-7
712,-7
712,-7
712,-7
712,-7
712,-7
712,-7
713,-7
713,-7
713,-7
713,-7
713,-7
713,-7
713,-7
713,-8
713,-8
713,-8
713,-8
713,-8
713,-8
714,-8
714,-8
714,-8
714,-8
714,-8
714,-8
715,-8
715,-8
715,-8
715,-8
715,-8
715,-8
715,-8
715,-8
715,-8
715,-8
715,-8
715,-8
715,-8
716,-8
716,-8
716,-8
716,-8
716,-8
716,-8
716,-8
716,-8
716,-8
716,-8
716,-8
716,-8
717,-7
717,-7
717,-7
717,-7
717,-7
717,-7
717,-7
718,-8
718,-8
718,-8
718,-8
718,-8
718,-8
718,-8
718,-8
718,-8
718,-8
718,-8
718,-8
719,-8
719,-8
719,-8
719,-8
719,-8
719,-8
719,-8
720,-8
720,-8
720,-8
720,-8
720,-8
720,-8
720,-7
720,-7
720,-7
720,-7
720,-7
720,-7
721,-8
721,-8
721,-8
721,-8
721,-8
721,-8
721,-8
721,-8
721,-8
721,-8
721,-8
721,-8
721,-8
722,-7
722,-7
722,-7
722,-7
722,-7
722,-7
723,-8
723,-8
723,-8
723,-8
723,-8
723,-8
723,-8
723,-8
723,-8
723,-8
723,-8
723,-8
723,-8
724,-7
724,-7
724,-7
724,-7
724,-7
724,-7
725,-7
725,-7
725,-7
725,-7
725,-7
725,-7
725,-7
725,-7
725,-7
725,-7
725,-7
725,-7
725,-7
726,-7
726,-7
726,-7
726,-7
726,-7
726,-7
727,-7
727,-7
727,-7
727,-7
727,-7
727,-7
727,-8
727,-8
727,-8
727,-8
727,-8
727,-8
728,-8
728,-8
728,-8
728,-8
728,-8
728,-8
728,-8
728,-7
728,-7
728,-7
728,-7
728,-7
728,-7
729,-7
729,-7
729,-7
729,-7
729,-7
729,-7
730,-7
730,-7
730,-7
730,-7
730,-7
730,-7
730,-7
730,-8
730,-8
730,-8
730,-8
730,-8
730,-8
731,-8
731,-8
731,-8
731,-8
731,-8
731,-8
732,-8
732,-8
732,-8
732,-8
732,-8
732,-8
732,-8
732,-7
732,-7
732,-7
732,-7
732,-7
732,-7
733,-7
733,-7
733,-7
733,-7
733,-7
733,-7
733,-8
733,-8
733,-8
733,-8
733,-8
733,-8
734,-7
734,-7
734,-7
734,-7
734,-7
734,-7
734,-7
735,-7
735,-7
735,-7
735,-7
735,-7
735,-7
735,-7
735,-7
735,-7
735,-7
735,-7
735,-7
736,-7
736,-7
736,-7
736,-7
736,-7
736,-7
736,-7
737,-8
737,-8
737,-8
737,-8
737,-8
737,-8
737,-7
737,-7
737,-7
737,-7
737,-7
737,-7
738,-8
738,-8
738,-8
738,-8
738,-8
738,-8
739,-7
739,-7
739,-7
739,-7
739,-7
739,-7
739,-7
739,-7
739,-7
739,-7
739,-7
739,-7
739,-7
740,-7
740,-7
740,-7
740,-7
740,-7
740,-7
740,-7
740,-7
740,-7
740,-7
740,-7
740,-7
740,-7
741,-8
741,-8
741,-8
741,-8
741,-8
741,-8
742,-8
742,-8
742,-8
742,-8
742,-8
742,-8
742,-7
742,-7
742,-7
742,-7
742,-7
742,-7
742,-7
743,-8
