0,0
0,0
0,10
0,10
0,10
0,10
0,10
0,10
0,10
0,10
0,10
0,10
0,10
0,10
1,10
1,10
1,10
1,10
1,10
1,10
1,10
1,10
1,10
1,10
1,10
1,10
1,10
2,10
2,10
2,10
2,10
2,10
2,10
3,10
3,10
3,10
3,10
3,10
3,10
3,10
3,10
3,10
3,10
3,10
3,10
4,10
4,10
4,10
4,10
4,10
4,10
4,10
5,10
5,100.0
5,100.0
5,100.0
5,100.0
5,100.0
5,100.0
5,100.0
5,100.0
5,100.0
5,100.0
5,100.0
6,100.0
6,100.0
6,100.0
6,100.0
6,100.0
6,100.0
6,100.0
7,100.0
7,100.0
7,100.0
7,100.0
7,100.0
7,100.0
7,100.0
7,100.0
7,100.0
7,100.0
7,100.0
7,100.0
8,100.0
8,100.0
8,100.0
8,100.0
8,100.0
8,100.0
8,100.0
8,100.0
8,100.0
8,100.0
8,100.0
8,100.0
8,100.0
9,100.0
9,100.0
9,100.0
9,100.0
9,100.0
9,100.0
10,100.0
10,100.0
10,100.0
10,100.0
10,100.0
10,100.0
10,100.0
10,100.0
10,100.0
10,100.0
10,100.0
10,100.0
10,100.0
11,100.0
11,100.0
11,100.0
11,100.0
11,100.0
11,100.0
12,100.0
12,100.0
12,100.0
12,100.0
12,100.0
12,100.0
12,100.0
12,100.0
12,100.0
12,100.0
12,100.0
12,100.0
12,100.0
13,100.0
13,100.0
13,100.0
13,100.0
13,100.0
13,100.0
13,100.0
13,100.0
13,100.0
13,100.0
13,100.0
13,100.0
14,100.0
14,100.0
14,100.0
14,100.0
14,100.0
14,100.0
15,100.0
15,100.0
15,100.0
15,100.0
15,100.0
15,100.0
15,100.0
15,100.0
15,100.0
15,100.0
15,100.0
15,100.0
15,100.0
16,100.0
16,40.0
16,40.0
16,40.0
16,40.0
16,40.0
17,40.0
17,0.0
17,0.0
17,0.0
17,0.0
17,0.0
17,0.0
17,97.7
17,97.7
17,97.7
17,97.7
17,97.7
17,97.7
18,97.7
18,100.0
18,100.0
18,100.0
18,100.0
18,100.0
19,100.0
19,100.0
19,100.0
19,100.0
19,100.0
19,100.0
19,100.0
19,0.0
19,0.0
19,0.0
19,0.0
19,0.0
19,0.0
20,0.0
20,100.0
20,100.0
20,100.0
20,100.0
20,100.0
20,100.0
20,100.0
20,100.0
20,100.0
20,100.0
20,100.0
21,100.0
21,0.0
21,0.0
21,0.0
21,0.0
21,0.0
21,0.0
22,0.0
22,100.0
22,100.0
22,100.0
22,100.0
22,100.0
22,100.0
22,100.0
22,100.0
22,100.0
22,100.0
22,100.0
23,100.0
23,0.0
23,0.0
23,0.0
23,0.0
23,0.0
23,0.0
24,0.0
24,0.0
24,0.0
24,0.0
24,0.0
24,0.0
24,0.0
24,0.0
24,0.0
24,0.0
24,0.0
24,0.0
25,0.0
25,100.0
25,100.0
25,100.0
25,100.0
25,100.0
25,100.0
25,100.0
25,100.0
25,100.0
25,100.0
25,100.0
25,100.0
26,100.0
26,100.0
26,100.0
26,100.0
26,100.0
26,100.0
27,100.0
27,100.0
27,100.0
27,100.0
27,100.0
27,100.0
27,100.0
27,100.0
27,100.0
27,100.0
27,100.0
27,100.0
27,100.0
28,100.0
28,76.7
28,76.7
28,76.7
28,76.7
28,76.7
29,76.7
29,100.0
29,100.0
29,100.0
29,100.0
29,100.0
29,100.0
29,0.0
29,0.0
29,0.0
29,0.0
29,0.0
29,0.0
30,100.0
30,100.0
30,100.0
30,100.0
30,100.0
30,100.0
31,100.0
31,100.0
31,100.0
31,100.0
31,100.0
31,100.0
31,100.0
31,100.0
31,100.0
31,100.0
31,100.0
31,100.0
32,100.0
32,0.0
32,0.0
32,0.0
32,0.0
32,0.0
32,0.0
32,0.0
32,0.0
32,0.0
32,0.0
32,0.0
32,0.0
33,0.0
33,100.0
33,100.0
33,100.0
33,100.0
33,100.0
34,100.0
34,100.0
34,100.0
34,100.0
34,100.0
34,100.0
34,100.0
34,35.3
34,35.3
34,35.3
34,35.3
34,35.3
34,35.3
35,35.3
35,0.0
35,0.0
35,0.0
35,0.0
35,0.0
36,0.0
36,100.0
36,100.0
36,100.0
36,100.0
36,100.0
36,100.0
36,0.0
36,0.0
36,0.0
36,0.0
36,0.0
36,0.0
37,0.0
37,100.0
37,100.0
37,100.0
37,100.0
37,100.0
37,100.0
37,97.7
37,97.7
37,97.7
37,97.7
37,97.7
38,97.7
38,0.0
38,0.0
38,0.0
38,0.0
38,0.0
38,0.0
39,0.0
39,100.0
39,100.0
39,100.0
39,100.0
39,100.0
39,100.0
39,0.0
39,0.0
39,0.0
39,0.0
39,0.0
40,0.0
40,100.0
40,100.0
40,100.0
40,100.0
40,100.0
40,100.0
41,0.0
41,0.0
41,0.0
41,0.0
41,0.0
41,0.0
41,0.0
41,94.3
41,94.3
41,94.3
41,94.3
41,94.3
42,94.3
42,70.3
42,70.3
42,70.3
42,70.3
42,70.3
42,70.3
42,100.0
42,100.0
42,100.0
42,100.0
42,100.0
42,100.0
43,100.0
43,0.0
43,0.0
43,0.0
43,0.0
43,0.0
44,0.0
44,100.0
44,100.0
44,100.0
44,100.0
44,100.0
44,100.0
44,0.0
44,0.0
44,0.0
44,0.0
44,0.0
44,0.0
45,0.0
45,93.1
45,93.1
45,93.1
45,93.1
45,93.1
46,93.1
46,13.5
46,13.5
46,13.5
46,13.5
46,13.5
46,13.5
46,92.3
46,92.3
46,92.3
46,92.3
46,92.3
46,92.3
47,67.8
47,67.8
47,67.8
47,67.8
47,67.8
47,67.8
48,67.8
48,67.3
48,67.3
48,67.3
48,67.3
48,67.3
48,67.3
48,100.0
48,100.0
48,100.0
48,100.0
48,100.0
49,100.0
49,91.9
49,91.9
49,91.9
49,91.9
49,91.9
49,91.9
49,91.9
49,100.0
49,100.0
49,100.0
49,100.0
49,100.0
50,100.0
50,100.0
50,100.0
50,100.0
50,100.0
50,100.0
51,100.0
51,93.5
51,93.5
51,93.5
51,93.5
51,93.5
51,93.5
51,0.0
51,0.0
51,0.0
51,0.0
51,0.0
51,0.0
52,0.0
52,8.5
52,8.5
52,8.5
52,8.5
52,8.5
53,8.5
53,100.0
53,100.0
53,100.0
53,100.0
53,100.0
53,100.0
53,100.0
53,100.0
53,100.0
53,100.0
53,100.0
53,100.0
54,100.0
54,100.0
54,100.0
54,100.0
54,100.0
54,100.0
54,100.0
54,100.0
54,100.0
54,100.0
54,100.0
54,100.0
55,100.0
55,0.0
55,0.0
55,0.0
55,0.0
55,0.0
55,0.0
56,0.0
56,100.0
56,100.0
56,100.0
56,100.0
56,100.0
56,100.0
56,0.0
56,0.0
56,0.0
56,0.0
56,0.0
57,0.0
57,100.0
57,100.0
57,100.0
57,100.0
57,100.0
57,100.0
58,90.7
58,90.7
58,90.7
58,90.7
58,90.7
58,90.7
58,90.7
58,90.7
58,90.7
58,90.7
58,90.7
58,90.7
59,90.7
59,0.0
59,0.0
59,0.0
59,0.0
59,0.0
60,0.0
60,0.0
60,0.0
60,0.0
60,0.0
60,0.0
60,0.0
60,0.0
60,100.0
60,100.0
60,100.0
60,100.0
60,100.0
61,100.0
61,0.0
61,0.0
61,0.0
61,0.0
61,0.0
61,0.0
61,100.0
61,100.0
61,100.0
61,100.0
61,100.0
61,100.0
62,100.0
62,65.8
62,65.8
62,65.8
62,65.8
62,65.8
63,65.8
63,0.0
63,0.0
63,0.0
63,0.0
63,0.0
63,0.0
63,0.0
63,0.0
63,0.0
63,0.0
63,0.0
63,0.0
64,100.0
64,100.0
64,100.0
64,100.0
64,100.0
64,100.0
65,100.0
65,100.0
65,100.0
65,100.0
65,100.0
65,100.0
65,100.0
65,0.0
65,0.0
65,0.0
65,0.0
65,0.0
66,0.0
66,0.0
66,0.0
66,0.0
66,0.0
66,0.0
66,0.0
66,0.0
66,100.0
66,100.0
66,100.0
66,100.0
66,100.0
67,100.0
67,0.0
67,0.0
67,0.0
67,0.0
67,0.0
68,0.0
68,61.1
68,61.1
68,61.1
68,61.1
68,61.1
68,61.1
68,100.0
68,100.0
68,100.0
68,100.0
68,100.0
68,100.0
69,100.0
69,0.0
69,0.0
69,0.0
69,0.0
69,0.0
70,0.0
70,100.0
70,100.0
70,100.0
70,100.0
70,100.0
70,100.0
70,100.0
70,100.0
70,100.0
70,100.0
70,100.0
70,100.0
71,100.0
71,0.0
71,0.0
71,0.0
71,0.0
71,0.0
72,0.0
72,100.0
72,100.0
72,100.0
72,100.0
72,100.0
72,100.0
72,0.0
72,0.0
72,0.0
72,0.0
72,0.0
72,0.0
73,0.0
73,100.0
73,100.0
73,100.0
73,100.0
73,100.0
73,100.0
73,61.7
73,61.7
73,61.7
73,61.7
73,61.7
74,61.7
74,0.0
74,0.0
74,0.0
74,0.0
74,0.0
74,0.0
75,100.0
75,100.0
75,100.0
75,100.0
75,100.0
75,100.0
75,100.0
75,0.0
75,0.0
75,0.0
75,0.0
75,0.0
76,0.0
76,100.0
76,100.0
76,100.0
76,100.0
76,100.0
77,100.0
77,0.0
77,0.0
77,0.0
77,0.0
77,0.0
77,0.0
77,0.0
77,100.0
77,100.0
77,100.0
77,100.0
77,100.0
78,100.0
78,85.0
78,85.0
78,85.0
78,85.0
78,85.0
78,85.0
78,100.0
78,100.0
78,100.0
78,100.0
78,100.0
78,100.0
79,100.0
79,0.0
79,0.0
79,0.0
79,0.0
79,0.0
80,0.0
80,56.9
80,56.9
80,56.9
80,56.9
80,56.9
80,56.9
80,100.0
80,100.0
80,100.0
80,100.0
80,100.0
80,100.0
81,0.0
81,0.0
81,0.0
81,0.0
81,0.0
81,0.0
82,0.0
82,100.0
82,100.0
82,100.0
82,100.0
82,100.0
82,100.0
82,0.0
82,0.0
82,0.0
82,0.0
82,0.0
83,0.0
83,0.0
83,0.0
83,0.0
83,0.0
83,0.0
83,0.0
84,0.0
84,100.0
84,100.0
84,100.0
84,100.0
84,100.0
84,100.0
84,58.2
84,58.2
84,58.2
84,58.2
84,58.2
85,58.2
85,85.0
85,85.0
85,85.0
85,85.0
85,85.0
85,85.0
85,100.0
85,100.0
85,100.0
85,100.0
85,100.0
85,100.0
86,100.0
86,0.0
86,0.0
86,0.0
86,0.0
86,0.0
87,0.0
87,100.0
87,100.0
87,100.0
87,100.0
87,100.0
87,100.0
87,85.4
87,85.4
87,85.4
87,85.4
87,85.4
87,85.4
88,85.4
88,58.1
88,58.1
88,58.1
88,58.1
88,58.1
89,58.1
89,100.0
89,100.0
89,100.0
89,100.0
89,100.0
89,100.0
89,59.9
89,59.9
89,59.9
89,59.9
89,59.9
89,59.9
90,59.9
90,59.3
90,59.3
90,59.3
90,59.3
90,59.3
90,59.3
90,100.0
90,100.0
90,100.0
90,100.0
90,100.0
91,100.0
91,0.0
91,0.0
91,0.0
91,0.0
91,0.0
91,0.0
92,0.0
92,0.0
92,0.0
92,0.0
92,0.0
92,0.0
92,0.0
92,0.0
92,0.0
92,0.0
92,0.0
92,0.0
93,0.0
93,100.0
93,100.0
93,100.0
93,100.0
93,100.0
94,100.0
94,84.6
94,84.6
94,84.6
94,84.6
94,84.6
94,84.6
94,84.6
94,100.0
94,100.0
94,100.0
94,100.0
94,100.0
95,100.0
95,0.0
95,0.0
95,0.0
95,0.0
95,0.0
95,0.0
95,100.0
95,100.0
95,100.0
95,100.0
95,100.0
95,100.0
96,100.0
96,85.4
96,85.4
96,85.4
96,85.4
96,85.4
97,85.4
97,0.0
97,0.0
97,0.0
97,0.0
97,0.0
97,0.0
97,56.3
97,56.3
97,56.3
97,56.3
97,56.3
97,56.3
98,55.7
98,55.7
98,55.7
98,55.7
98,55.7
98,55.7
99,55.7
99,100.0
99,100.0
99,100.0
99,100.0
99,100.0
99,100.0
99,0.0
99,0.0
99,0.0
99,0.0
99,0.0
100,0.0
100,55.7
100,55.7
100,55.7
100,55.7
100,55.7
100,55.7
101,55.7
101,100.0
101,100.0
101,100.0
101,100.0
101,100.0
101,100.0
101,100.0
101,100.0
101,100.0
101,100.0
101,100.0
102,100.0
102,0.0
102,0.0
102,0.0
102,0.0
102,0.0
102,0.0
102,84.6
102,84.6
102,84.6
102,84.6
102,84.6
102,84.6
103,84.6
103,0.0
103,0.0
103,0.0
103,0.0
103,0.0
104,0.0
104,100.0
104,100.0
104,100.0
104,100.0
104,100.0
104,100.0
104,84.2
104,84.2
104,84.2
104,84.2
104,84.2
104,84.2
105,84.2
105,100.0
105,100.0
105,100.0
105,100.0
105,100.0
106,100.0
106,56.9
106,56.9
106,56.9
106,56.9
106,56.9
106,56.9
106,100.0
106,100.0
106,100.0
106,100.0
106,100.0
106,100.0
107,100.0
107,0.0
107,0.0
107,0.0
107,0.0
107,0.0
107,0.0
107,100.0
107,100.0
107,100.0
107,100.0
107,100.0
108,100.0
108,58.1
108,58.1
108,58.1
108,58.1
108,58.1
108,58.1
109,0.0
109,0.0
109,0.0
109,0.0
109,0.0
109,0.0
109,0.0
109,100.0
109,100.0
109,100.0
109,100.0
109,100.0
110,100.0
110,100.0
110,100.0
110,100.0
110,100.0
110,100.0
111,100.0
111,0.0
111,0.0
111,0.0
111,0.0
111,0.0
111,0.0
111,0.0
111,82.8
111,82.8
111,82.8
111,82.8
111,82.8
112,82.8
112,100.0
112,100.0
112,100.0
112,100.0
112,100.0
113,100.0
113,0.0
113,0.0
113,0.0
113,0.0
113,0.0
113,0.0
113,0.0
113,0.0
113,0.0
113,0.0
113,0.0
113,0.0
114,0.0
114,100.0
114,100.0
114,100.0
114,100.0
114,100.0
114,100.0
114,0.0
114,0.0
114,0.0
114,0.0
114,0.0
114,0.0
115,100.0
115,100.0
115,100.0
115,100.0
115,100.0
115,100.0
116,100.0
116,0.0
116,0.0
116,0.0
116,0.0
116,0.0
116,0.0
116,100.0
116,100.0
116,100.0
116,100.0
116,100.0
117,100.0
117,83.1
117,83.1
117,83.1
117,83.1
117,83.1
117,83.1
118,83.1
118,0.0
118,0.0
118,0.0
118,0.0
118,0.0
118,0.0
118,81.3
118,81.3
118,81.3
118,81.3
118,81.3
119,81.3
119,100.0
119,100.0
119,100.0
119,100.0
119,100.0
119,100.0
119,100.0
119,100.0
119,100.0
119,100.0
119,100.0
119,100.0
120,100.0
120,0.0
120,0.0
120,0.0
120,0.0
120,0.0
121,0.0
121,100.0
121,100.0
121,100.0
121,100.0
121,100.0
121,100.0
121,54.1
121,54.1
121,54.1
121,54.1
121,54.1
121,54.1
122,54.1
122,53.2
122,53.2
122,53.2
122,53.2
122,53.2
123,53.2
123,82.4
123,82.4
123,82.4
123,82.4
123,82.4
123,82.4
123,100.0
123,100.0
123,100.0
123,100.0
123,100.0
123,100.0
124,100.0
124,0.0
124,0.0
124,0.0
124,0.0
124,0.0
125,0.0
125,82.4
125,82.4
125,82.4
125,82.4
125,82.4
125,82.4
125,82.4
125,82.4
125,82.4
125,82.4
125,82.4
125,82.4
126,100.0
126,100.0
126,100.0
126,100.0
126,100.0
126,100.0
126,100.0
126,0.0
126,0.0
126,0.0
126,0.0
126,0.0
127,0.0
127,100.0
127,100.0
127,100.0
127,100.0
127,100.0
128,100.0
128,0.0
128,0.0
128,0.0
128,0.0
128,0.0
128,0.0
128,0.0
128,100.0
128,100.0
128,100.0
128,100.0
128,100.0
129,100.0
129,0.0
129,0.0
129,0.0
129,0.0
129,0.0
130,0.0
130,52.3
130,52.3
130,52.3
130,52.3
130,52.3
130,52.3
130,52.3
130,0.0
130,0.0
130,0.0
130,0.0
130,0.0
131,0.0
131,100.0
131,100.0
131,100.0
131,100.0
131,100.0
131,100.0
131,0.0
131,0.0
131,0.0
131,0.0
131,0.0
131,0.0
132,100.0
132,100.0
132,100.0
132,100.0
132,100.0
132,100.0
133,100.0
133,100.0
133,100.0
133,100.0
133,100.0
133,100.0
133,100.0
133,0.0
133,0.0
133,0.0
133,0.0
133,0.0
134,0.0
134,100.0
134,100.0
134,100.0
134,100.0
134,100.0
134,100.0
135,100.0
135,0.0
135,0.0
135,0.0
135,0.0
135,0.0
135,0.0
135,50.6
135,50.6
135,50.6
135,50.6
135,50.6
136,50.6
136,100.0
136,100.0
136,100.0
136,100.0
136,100.0
136,100.0
137,100.0
137,51.5
137,51.5
137,51.5
137,51.5
137,51.5
137,51.5
137,81.7
137,81.7
137,81.7
137,81.7
137,81.7
138,81.7
138,81.7
138,81.7
138,81.7
138,81.7
138,81.7
138,81.7
138,81.7
138,81.7
138,81.7
138,81.7
138,81.7
138,81.7
139,81.7
139,50.6
139,50.6
139,50.6
139,50.6
139,50.6
140,50.6
140,49.7
140,49.7
140,49.7
140,49.7
140,49.7
140,49.7
140,0.0
140,0.0
140,0.0
140,0.0
140,0.0
140,0.0
141,0.0
141,100.0
141,100.0
141,100.0
141,100.0
141,100.0
142,100.0
142,0.0
142,0.0
142,0.0
142,0.0
142,0.0
142,0.0
142,47.2
142,47.2
142,47.2
142,47.2
142,47.2
142,47.2
143,47.2
143,100.0
143,100.0
143,100.0
143,100.0
143,100.0
143,100.0
143,100.0
143,100.0
143,100.0
143,100.0
143,100.0
144,100.0
144,49.7
144,49.7
144,49.7
144,49.7
144,49.7
144,49.7
145,100.0
145,100.0
145,100.0
145,100.0
145,100.0
145,100.0
145,100.0
145,0.0
145,0.0
145,0.0
145,0.0
145,0.0
146,0.0
146,100.0
146,100.0
146,100.0
146,100.0
146,100.0
147,100.0
147,0.0
147,0.0
147,0.0
147,0.0
147,0.0
147,0.0
147,0.0
147,100.0
147,100.0
147,100.0
147,100.0
147,100.0
148,100.0
148,100.0
148,100.0
148,100.0
148,100.0
148,100.0
149,100.0
149,81.3
149,81.3
149,81.3
149,81.3
149,81.3
149,81.3
149,0.0
149,0.0
149,0.0
149,0.0
149,0.0
149,0.0
150,0.0
150,80.6
150,80.6
150,80.6
150,80.6
150,80.6
150,80.6
150,80.6
150,80.6
150,80.6
150,80.6
150,80.6
150,80.6
151,0.0
151,0.0
151,0.0
151,0.0
151,0.0
151,0.0
152,0.0
152,100.0
152,100.0
152,100.0
152,100.0
152,100.0
152,100.0
152,0.0
152,0.0
152,0.0
152,0.0
152,0.0
153,0.0
153,47.2
153,47.2
153,47.2
153,47.2
153,47.2
153,47.2
154,47.2
154,100.0
154,100.0
154,100.0
154,100.0
154,100.0
154,100.0
154,0.0
154,0.0
154,0.0
154,0.0
154,0.0
155,0.0
155,100.0
155,100.0
155,100.0
155,100.0
155,100.0
155,100.0
155,49.7
155,49.7
155,49.7
155,49.7
155,49.7
155,49.7
156,49.7
156,0.0
156,0.0
156,0.0
156,0.0
156,0.0
157,0.0
157,46.3
157,46.3
157,46.3
157,46.3
157,46.3
157,46.3
157,100.0
157,100.0
157,100.0
157,100.0
157,100.0
157,100.0
158,100.0
158,0.0
158,0.0
158,0.0
158,0.0
158,0.0
159,0.0
159,100.0
159,100.0
159,100.0
159,100.0
159,100.0
159,100.0
159,100.0
159,100.0
159,100.0
159,100.0
159,100.0
159,100.0
160,100.0
160,80.2
160,80.2
160,80.2
160,80.2
160,80.2
160,80.2
160,80.2
160,80.2
160,80.2
160,80.2
160,80.2
161,80.2
161,100.0
161,100.0
161,100.0
161,100.0
161,100.0
161,100.0
162,0.0
162,0.0
162,0.0
162,0.0
162,0.0
162,0.0
162,0.0
162,0.0
162,0.0
162,0.0
162,0.0
162,0.0
163,0.0
163,0.0
163,0.0
163,0.0
163,0.0
163,0.0
164,0.0
164,78.6
164,78.6
164,78.6
164,78.6
164,78.6
164,78.6
164,78.6
164,100.0
164,100.0
164,100.0
164,100.0
164,100.0
165,100.0
165,0.0
165,0.0
165,0.0
165,0.0
165,0.0
166,0.0
166,100.0
166,100.0
166,100.0
166,100.0
166,100.0
166,100.0
166,0.0
166,0.0
166,0.0
166,0.0
166,0.0
166,0.0
167,0.0
167,45.4
167,45.4
167,45.4
167,45.4
167,45.4
167,45.4
167,79.1
167,79.1
167,79.1
167,79.1
167,79.1
167,79.1
168,100.0
168,100.0
168,100.0
168,100.0
168,100.0
168,100.0
169,100.0
169,100.0
169,100.0
169,100.0
169,100.0
169,100.0
169,100.0
169,100.0
169,100.0
169,100.0
169,100.0
169,100.0
170,100.0
170,49.0
170,49.0
170,49.0
170,49.0
170,49.0
170,49.0
171,49.0
171,0.0
171,0.0
171,0.0
171,0.0
171,0.0
171,0.0
171,0.0
171,0.0
171,0.0
171,0.0
171,0.0
172,0.0
172,100.0
172,100.0
172,100.0
172,100.0
172,100.0
172,100.0
172,0.0
172,0.0
172,0.0
172,0.0
172,0.0
172,0.0
173,0.0
173,43.6
173,43.6
173,43.6
173,43.6
173,43.6
174,43.6
174,78.1
174,78.1
174,78.1
174,78.1
174,78.1
174,78.1
174,100.0
174,100.0
174,100.0
174,100.0
174,100.0
174,100.0
175,100.0
175,0.0
175,0.0
175,0.0
175,0.0
175,0.0
176,0.0
176,100.0
176,100.0
176,100.0
176,100.0
176,100.0
176,100.0
176,79.8
176,79.8
176,79.8
176,79.8
176,79.8
176,79.8
177,79.8
177,0.0
177,0.0
177,0.0
177,0.0
177,0.0
178,0.0
178,36.1
178,36.1
178,36.1
178,36.1
178,36.1
178,36.1
178,0.0
178,0.0
178,0.0
178,0.0
178,0.0
178,0.0
179,0.0
179,0.0
179,0.0
179,0.0
179,0.0
179,0.0
179,0.0
179,0.0
179,0.0
179,0.0
179,0.0
179,0.0
180,0.0
180,68.2
180,68.2
180,68.2
180,68.2
180,68.2
181,68.2
181,0.0
181,0.0
181,0.0
181,0.0
181,0.0
181,0.0
181,0.0
181,0.0
181,0.0
181,0.0
181,0.0
181,0.0
182,0.0
182,100.0
182,100.0
182,100.0
182,100.0
182,100.0
183,100.0
183,91.9
183,91.9
183,91.9
183,91.9
183,91.9
183,91.9
183,91.9
183,100.0
183,100.0
183,100.0
183,100.0
183,100.0
184,100.0
184,100.0
184,100.0
184,100.0
184,100.0
184,100.0
184,100.0
184,94.2
184,94.2
184,94.2
184,94.2
184,94.2
184,94.2
185,70.7
185,70.7
185,70.7
185,70.7
185,70.7
185,70.7
186,70.7
186,100.0
186,100.0
186,100.0
186,100.0
186,100.0
186,100.0
186,0.0
186,0.0
186,0.0
186,0.0
186,0.0
187,0.0
187,100.0
187,100.0
187,100.0
187,100.0
187,100.0
187,100.0
188,100.0
188,100.0
188,100.0
188,100.0
188,100.0
188,100.0
188,100.0
188,100.0
188,100.0
188,100.0
188,100.0
188,100.0
189,100.0
189,0.0
189,0.0
189,0.0
189,0.0
189,0.0
189,0.0
190,100.0
190,100.0
190,100.0
190,100.0
190,100.0
190,100.0
190,100.0
190,78.6
190,78.6
190,78.6
190,78.6
190,78.6
191,78.6
191,0.0
191,0.0
191,0.0
191,0.0
191,0.0
191,0.0
191,0.0
191,0.0
191,0.0
191,0.0
191,0.0
191,0.0
192,0.0
192,0.0
192,0.0
192,0.0
192,0.0
192,0.0
193,0.0
193,0.0
193,0.0
193,0.0
193,0.0
193,0.0
193,0.0
193,0.0
193,0.0
193,0.0
193,0.0
193,0.0
193,0.0
194,0.0
194,94.6
194,94.6
194,94.6
194,94.6
194,94.6
195,94.6
195,95.0
195,95.0
195,95.0
195,95.0
195,95.0
195,95.0
195,0.0
195,0.0
195,0.0
195,0.0
195,0.0
195,0.0
196,100.0
196,100.0
196,100.0
196,100.0
196,100.0
196,100.0
196,100.0
196,0.0
196,0.0
196,0.0
196,0.0
196,0.0
197,0.0
197,100.0
197,100.0
197,100.0
197,100.0
197,100.0
198,100.0
198,100.0
198,100.0
198,100.0
198,100.0
198,100.0
198,100.0
198,100.0
198,97.6
198,97.6
198,97.6
198,97.6
198,97.6
199,97.6
199,100.0
199,100.0
199,100.0
199,100.0
199,100.0
200,100.0
200,100.0
200,100.0
200,100.0
200,100.0
200,100.0
200,100.0
200,100.0
200,100.0
200,100.0
200,100.0
200,100.0
200,100.0
201,100.0
201,0.0
201,0.0
201,0.0
201,0.0
201,0.0
202,0.0
202,42.6
202,42.6
202,42.6
202,42.6
202,42.6
202,42.6
202,100.0
202,100.0
202,100.0
202,100.0
202,100.0
202,100.0
203,100.0
203,43.6
203,43.6
203,43.6
203,43.6
203,43.6
203,43.6
203,100.0
203,100.0
203,100.0
203,100.0
203,100.0
204,100.0
204,0.0
204,0.0
204,0.0
204,0.0
204,0.0
204,0.0
205,0.0
205,100.0
205,100.0
205,100.0
205,100.0
205,100.0
205,100.0
205,0.0
205,0.0
205,0.0
205,0.0
205,0.0
206,0.0
206,0.0
206,0.0
206,0.0
206,0.0
206,0.0
206,0.0
207,100.0
207,100.0
207,100.0
207,100.0
207,100.0
207,100.0
207,100.0
207,0.0
207,0.0
207,0.0
207,0.0
207,0.0
208,0.0
208,100.0
208,100.0
208,100.0
208,100.0
208,100.0
208,100.0
208,42.6
208,42.6
208,42.6
208,42.6
208,42.6
208,42.6
209,42.6
209,0.0
209,0.0
209,0.0
209,0.0
209,0.0
210,0.0
210,100.0
210,100.0
210,100.0
210,100.0
210,100.0
210,100.0
210,41.6
210,41.6
210,41.6
210,41.6
210,41.6
210,41.6
211,100.0
211,100.0
211,100.0
211,100.0
211,100.0
211,100.0
212,100.0
212,45.4
212,45.4
212,45.4
212,45.4
212,45.4
212,45.4
212,0.0
212,0.0
212,0.0
212,0.0
212,0.0
213,0.0
213,0.0
213,0.0
213,0.0
213,0.0
213,0.0
213,0.0
213,0.0
213,100.0
213,100.0
213,100.0
213,100.0
213,100.0
214,100.0
214,0.0
214,0.0
214,0.0
214,0.0
214,0.0
215,0.0
215,100.0
215,100.0
215,100.0
215,100.0
215,100.0
215,100.0
215,100.0
215,78.1
215,78.1
215,78.1
215,78.1
215,78.1
216,78.1
216,0.0
216,0.0
216,0.0
216,0.0
216,0.0
217,0.0
217,100.0
217,100.0
217,100.0
217,100.0
217,100.0
217,100.0
217,0.0
217,0.0
217,0.0
217,0.0
217,0.0
217,0.0
218,0.0
218,100.0
218,100.0
218,100.0
218,100.0
218,100.0
219,100.0
219,0.0
219,0.0
219,0.0
219,0.0
219,0.0
219,0.0
219,100.0
219,100.0
219,100.0
219,100.0
219,100.0
219,100.0
220,100.0
220,100.0
220,100.0
220,100.0
220,100.0
220,100.0
220,100.0
220,79.5
220,79.5
220,79.5
220,79.5
220,79.5
221,79.5
221,100.0
221,100.0
221,100.0
221,100.0
221,100.0
221,100.0
222,100.0
222,0.0
222,0.0
222,0.0
222,0.0
222,0.0
222,0.0
222,0.0
222,0.0
222,0.0
222,0.0
222,0.0
223,0.0
223,100.0
223,100.0
223,100.0
223,100.0
223,100.0
223,100.0
224,0.0
224,0.0
224,0.0
224,0.0
224,0.0
224,0.0
224,0.0
224,76.1
224,76.1
224,76.1
224,76.1
224,76.1
225,76.1
225,0.0
225,0.0
225,0.0
225,0.0
225,0.0
225,0.0
225,100.0
225,100.0
225,100.0
225,100.0
225,100.0
225,100.0
226,100.0
226,0.0
226,0.0
226,0.0
226,0.0
226,0.0
227,0.0
227,100.0
227,100.0
227,100.0
227,100.0
227,100.0
227,100.0
227,0.0
227,0.0
227,0.0
227,0.0
227,0.0
227,0.0
228,97.1
228,97.1
228,97.1
228,97.1
228,97.1
228,97.1
229,97.1
229,100.0
229,100.0
229,100.0
229,100.0
229,100.0
229,100.0
229,75.2
229,75.2
229,75.2
229,75.2
229,75.2
229,75.2
230,0.0
230,0.0
230,0.0
230,0.0
230,0.0
230,0.0
231,0.0
231,0.0
231,0.0
231,0.0
231,0.0
231,0.0
231,0.0
231,100.0
231,100.0
231,100.0
231,100.0
231,100.0
232,100.0
232,0.0
232,0.0
232,0.0
232,0.0
232,0.0
232,0.0
232,0.0
232,100.0
232,100.0
232,100.0
232,100.0
232,100.0
233,100.0
233,96.7
233,96.7
233,96.7
233,96.7
233,96.7
234,96.7
234,100.0
234,100.0
234,100.0
234,100.0
234,100.0
234,100.0
234,98.0
234,98.0
234,98.0
234,98.0
234,98.0
234,98.0
235,98.0
235,98.4
235,98.4
235,98.4
235,98.4
235,98.4
236,98.4
236,0.0
236,0.0
236,0.0
236,0.0
236,0.0
236,0.0
236,100.0
236,100.0
236,100.0
236,100.0
236,100.0
236,100.0
237,100.0
237,100.0
237,100.0
237,100.0
237,100.0
237,100.0
237,100.0
237,100.0
237,100.0
237,100.0
237,100.0
237,100.0
238,100.0
238,0.0
238,0.0
238,0.0
238,0.0
238,0.0
238,0.0
239,36.1
239,36.1
239,36.1
239,36.1
239,36.1
239,36.1
239,36.1
239,97.6
239,97.6
239,97.6
239,97.6
239,97.6
240,97.6
240,98.0
240,98.0
240,98.0
240,98.0
240,98.0
240,98.0
241,0.0
241,0.0
241,0.0
241,0.0
241,0.0
241,0.0
241,0.0
241,30.5
241,30.5
241,30.5
241,30.5
241,30.5
242,30.5
242,0.0
242,0.0
242,0.0
242,0.0
242,0.0
243,0.0
243,100.0
243,100.0
243,100.0
243,100.0
243,100.0
243,100.0
243,100.0
243,0.0
243,0.0
243,0.0
243,0.0
243,0.0
244,0.0
244,0.0
244,0.0
244,0.0
244,0.0
244,0.0
244,0.0
244,0.0
244,0.0
244,0.0
244,0.0
244,0.0
244,0.0
245,61.0
245,61.0
245,61.0
245,61.0
245,61.0
245,61.0
246,61.0
246,0.0
246,0.0
246,0.0
246,0.0
246,0.0
246,0.0
246,0.0
246,0.0
246,0.0
246,0.0
246,0.0
247,0.0
247,0.0
247,0.0
247,0.0
247,0.0
247,0.0
247,0.0
248,0.0
248,0.0
248,0.0
248,0.0
248,0.0
248,0.0
248,0.0
248,0.0
248,0.0
248,0.0
248,0.0
248,0.0
249,0.0
249,49.6
249,49.6
249,49.6
249,49.6
249,49.6
249,49.6
249,49.6
249,0.0
249,0.0
249,0.0
249,0.0
249,0.0
250,0.0
250,0.0
250,0.0
250,0.0
250,0.0
250,0.0
251,0.0
251,0.0
251,0.0
251,0.0
251,0.0
251,0.0
251,0.0
251,0.0
251,0.0
251,0.0
251,0.0
251,0.0
251,0.0
252,0.0
252,0.0
252,0.0
252,0.0
252,0.0
252,0.0
253,0.0
253,0.0
253,0.0
253,0.0
253,0.0
253,0.0
253,0.0
253,94.9
253,94.9
253,94.9
253,94.9
253,94.9
253,94.9
254,94.9
254,0.0
254,0.0
254,0.0
254,0.0
254,0.0
255,0.0
255,25.1
255,25.1
255,25.1
255,25.1
255,25.1
255,25.1
255,0.0
255,0.0
255,0.0
255,0.0
255,0.0
255,0.0
256,0.0
256,0.0
256,0.0
256,0.0
256,0.0
256,0.0
256,0.0
256,7.6
256,7.6
256,7.6
256,7.6
256,7.6
257,7.6
257,100.0
257,100.0
257,100.0
257,100.0
257,100.0
258,100.0
258,0.0
258,0.0
258,0.0
258,0.0
258,0.0
258,0.0
258,0.0
258,92.2
258,92.2
258,92.2
258,92.2
258,92.2
259,92.2
259,12.6
259,12.6
259,12.6
259,12.6
259,12.6
260,12.6
260,100.0
260,100.0
260,100.0
260,100.0
260,100.0
260,100.0
260,100.0
260,25.1
260,25.1
260,25.1
260,25.1
260,25.1
261,25.1
261,100.0
261,100.0
261,100.0
261,100.0
261,100.0
261,100.0
261,100.0
261,100.0
261,100.0
261,100.0
261,100.0
261,100.0
262,78.0
262,78.0
262,78.0
262,78.0
262,78.0
262,78.0
263,78.0
263,100.0
263,100.0
263,100.0
263,100.0
263,100.0
263,100.0
263,100.0
263,100.0
263,100.0
263,100.0
263,100.0
264,100.0
264,100.0
264,100.0
264,100.0
264,100.0
264,100.0
264,100.0
265,100.0
265,0.0
265,0.0
265,0.0
265,0.0
265,0.0
265,0.0
265,100.0
265,100.0
265,100.0
265,100.0
265,100.0
266,100.0
266,100.0
266,100.0
266,100.0
266,100.0
266,100.0
266,100.0
267,100.0
267,100.0
267,100.0
267,100.0
267,100.0
267,100.0
267,100.0
267,100.0
267,100.0
267,100.0
267,100.0
267,100.0
268,100.0
268,100.0
268,100.0
268,100.0
268,100.0
268,100.0
268,100.0
268,100.0
268,100.0
268,100.0
268,100.0
268,100.0
268,100.0
269,100.0
269,39.8
269,39.8
269,39.8
269,39.8
269,39.8
270,39.8
270,0.0
270,0.0
270,0.0
270,0.0
270,0.0
270,0.0
270,100.0
270,100.0
270,100.0
270,100.0
270,100.0
270,100.0
271,100.0
271,0.0
271,0.0
271,0.0
271,0.0
271,0.0
272,0.0
272,100.0
272,100.0
272,100.0
272,100.0
272,100.0
272,100.0
272,0.0
272,0.0
272,0.0
272,0.0
272,0.0
272,0.0
273,0.0
273,0.0
273,0.0
273,0.0
273,0.0
273,0.0
273,0.0
273,0.0
273,0.0
273,0.0
273,0.0
273,0.0
274,0.0
274,100.0
274,100.0
274,100.0
274,100.0
274,100.0
274,100.0
275,0.0
275,0.0
275,0.0
275,0.0
275,0.0
275,0.0
275,0.0
275,0.0
275,0.0
275,0.0
275,0.0
275,0.0
276,0.0
276,65.1
276,65.1
276,65.1
276,65.1
276,65.1
277,65.1
277,0.0
277,0.0
277,0.0
277,0.0
277,0.0
277,0.0
277,0.0
277,100.0
277,100.0
277,100.0
277,100.0
277,100.0
278,100.0
278,0.0
278,0.0
278,0.0
278,0.0
278,0.0
278,0.0
278,0.0
278,0.0
278,0.0
278,0.0
278,0.0
278,0.0
279,0.0
279,0.0
279,0.0
279,0.0
279,0.0
279,0.0
280,0.0
280,100.0
280,100.0
280,100.0
280,100.0
280,100.0
280,100.0
280,87.0
280,87.0
280,87.0
280,87.0
280,87.0
281,87.0
281,0.0
281,0.0
281,0.0
281,0.0
281,0.0
281,0.0
282,0.0
282,0.0
282,0.0
282,0.0
282,0.0
282,0.0
282,0.0
282,100.0
282,100.0
282,100.0
282,100.0
282,100.0
283,100.0
283,85.2
283,85.2
283,85.2
283,85.2
283,85.2
283,85.2
284,85.2
284,0.0
284,0.0
284,0.0
284,0.0
284,0.0
284,0.0
284,100.0
284,100.0
284,100.0
284,100.0
284,100.0
285,100.0
285,0.0
285,0.0
285,0.0
285,0.0
285,0.0
285,0.0
285,85.8
285,85.8
285,85.8
285,85.8
285,85.8
285,85.8
286,85.8
286,100.0
286,100.0
286,100.0
286,100.0
286,100.0
287,100.0
287,100.0
287,100.0
287,100.0
287,100.0
287,100.0
287,100.0
287,88.2
287,88.2
287,88.2
287,88.2
287,88.2
287,88.2
288,88.2
288,0.0
288,0.0
288,0.0
288,0.0
288,0.0
289,0.0
289,100.0
289,100.0
289,100.0
289,100.0
289,100.0
289,100.0
289,0.0
289,0.0
289,0.0
289,0.0
289,0.0
289,0.0
290,0.0
290,100.0
290,100.0
290,100.0
290,100.0
290,100.0
290,100.0
290,0.0
290,0.0
290,0.0
290,0.0
290,0.0
291,0.0
291,90.7
291,90.7
291,90.7
291,90.7
291,90.7
291,90.7
292,91.1
292,91.1
292,91.1
292,91.1
292,91.1
292,91.1
292,91.1
292,91.5
292,91.5
292,91.5
292,91.5
292,91.5
293,91.5
293,5.6
293,5.6
293,5.6
293,5.6
293,5.6
294,5.6
294,100.0
294,100.0
294,100.0
294,100.0
294,100.0
294,100.0
294,100.0
294,0.0
294,0.0
294,0.0
294,0.0
294,0.0
295,0.0
295,92.2
295,92.2
295,92.2
295,92.2
295,92.2
296,92.2
296,100.0
296,100.0
296,100.0
296,100.0
296,100.0
296,100.0
296,0.0
296,0.0
296,0.0
296,0.0
296,0.0
296,0.0
297,0.0
297,100.0
297,100.0
297,100.0
297,100.0
297,100.0
297,100.0
297,0.0
297,0.0
297,0.0
297,0.0
297,0.0
297,0.0
298,93.0
298,93.0
298,93.0
298,93.0
298,93.0
298,93.0
299,93.0
299,69.2
299,69.2
299,69.2
299,69.2
299,69.2
299,69.2
299,100.0
299,100.0
299,100.0
299,100.0
299,100.0
300,100.0
300,100.0
300,100.0
300,100.0
300,100.0
300,100.0
300,100.0
301,100.0
301,0.0
301,0.0
301,0.0
301,0.0
301,0.0
301,0.0
301,28.0
301,28.0
301,28.0
301,28.0
301,28.0
302,28.0
302,0.0
302,0.0
302,0.0
302,0.0
302,0.0
302,0.0
302,93.8
302,93.8
302,93.8
302,93.8
302,93.8
302,93.8
303,93.8
303,0.0
303,0.0
303,0.0
303,0.0
303,0.0
304,0.0
304,100.0
304,100.0
304,100.0
304,100.0
304,100.0
304,100.0
304,10.6
304,10.6
304,10.6
304,10.6
304,10.6
304,10.6
305,10.6
305,0.0
305,0.0
305,0.0
305,0.0
305,0.0
306,0.0
306,100.0
306,100.0
306,100.0
306,100.0
306,100.0
306,100.0
306,66.7
306,66.7
306,66.7
306,66.7
306,66.7
306,66.7
307,66.7
307,0.0
307,0.0
307,0.0
307,0.0
307,0.0
308,0.0
308,0.0
308,0.0
308,0.0
308,0.0
308,0.0
308,0.0
308,0.0
308,0.0
308,0.0
308,0.0
308,0.0
308,0.0
309,0.0
309,0.0
309,0.0
309,0.0
309,0.0
309,0.0
309,0.0
309,0.0
309,0.0
309,0.0
309,0.0
309,0.0
310,0.0
310,0.0
310,0.0
310,0.0
310,0.0
310,0.0
311,0.0
311,0.0
311,0.0
311,0.0
311,0.0
311,0.0
311,0.0
311,0.0
311,0.0
311,0.0
311,0.0
311,0.0
311,0.0
312,0.0
312,0.0
312,0.0
312,0.0
312,0.0
312,0.0
313,0.0
313,100.0
313,100.0
313,100.0
313,100.0
313,100.0
313,100.0
313,0.0
313,0.0
313,0.0
313,0.0
313,0.0
313,0.0
314,0.0
314,0.0
314,0.0
314,0.0
314,0.0
314,0.0
314,0.0
314,100.0
314,100.0
314,100.0
314,100.0
314,100.0
315,100.0
315,80.1
315,80.1
315,80.1
315,80.1
315,80.1
315,80.1
316,80.1
316,0.0
316,0.0
316,0.0
316,0.0
316,0.0
316,0.0
316,0.0
316,0.0
316,0.0
316,0.0
316,0.0
317,0.0
317,100.0
317,100.0
317,100.0
317,100.0
317,100.0
317,100.0
318,100.0
318,0.0
318,0.0
318,0.0
318,0.0
318,0.0
318,0.0
318,0.0
318,0.0
318,0.0
318,0.0
318,0.0
319,0.0
319,100.0
319,100.0
319,100.0
319,100.0
319,100.0
319,100.0
320,100.0
320,100.0
320,100.0
320,100.0
320,100.0
320,100.0
320,100.0
320,78.5
320,78.5
320,78.5
320,78.5
320,78.5
321,78.5
321,100.0
321,100.0
321,100.0
321,100.0
321,100.0
321,100.0
321,100.0
321,100.0
321,100.0
321,100.0
321,100.0
321,100.0
322,100.0
322,50.5
322,50.5
322,50.5
322,50.5
322,50.5
323,50.5
323,81.6
323,81.6
323,81.6
323,81.6
323,81.6
323,81.6
323,0.0
323,0.0
323,0.0
323,0.0
323,0.0
323,0.0
324,100.0
324,100.0
324,100.0
324,100.0
324,100.0
324,100.0
325,100.0
325,50.5
325,50.5
325,50.5
325,50.5
325,50.5
325,50.5
325,100.0
325,100.0
325,100.0
325,100.0
325,100.0
325,100.0
326,0.0
326,0.0
326,0.0
326,0.0
326,0.0
326,0.0
326,0.0
326,100.0
326,100.0
326,100.0
326,100.0
326,100.0
327,100.0
327,82.3
327,82.3
327,82.3
327,82.3
327,82.3
328,82.3
328,0.0
328,0.0
328,0.0
328,0.0
328,0.0
328,0.0
328,0.0
328,0.0
328,0.0
328,0.0
328,0.0
328,0.0
329,0.0
329,79.4
329,79.4
329,79.4
329,79.4
329,79.4
330,79.4
330,0.0
330,0.0
330,0.0
330,0.0
330,0.0
330,0.0
330,0.0
330,0.0
330,0.0
330,0.0
330,0.0
330,0.0
331,0.0
331,0.0
331,0.0
331,0.0
331,0.0
331,0.0
331,0.0
331,0.0
331,0.0
331,0.0
331,0.0
331,0.0
332,0.0
332,0.0
332,0.0
332,0.0
332,0.0
332,0.0
332,0.0
333,0.0
333,0.0
333,0.0
333,0.0
333,0.0
333,0.0
333,0.0
333,0.0
333,0.0
333,0.0
333,0.0
333,0.0
334,0.0
334,0.0
334,0.0
334,0.0
334,0.0
334,0.0
334,0.0
335,0.0
335,0.0
335,0.0
335,0.0
335,0.0
335,0.0
335,0.0
335,0.0
335,0.0
335,0.0
335,0.0
335,0.0
336,0.0
336,0.0
336,0.0
336,0.0
336,0.0
336,0.0
336,0.0
337,0.0
337,0.0
337,0.0
337,0.0
337,0.0
337,0.0
337,0.0
337,0.0
337,0.0
337,0.0
337,0.0
337,0.0
338,0.0
338,0.0
338,0.0
338,0.0
338,0.0
338,0.0
338,0.0
338,0.0
338,0.0
338,0.0
338,0.0
338,0.0
338,0.0
339,0.0
339,0.0
339,0.0
339,0.0
339,0.0
339,0.0
340,0.0
340,0.0
340,0.0
340,0.0
340,0.0
340,0.0
340,0.0
340,0.0
340,0.0
340,0.0
340,0.0
340,0.0
340,0.0
341,0.0
341,0.0
341,0.0
341,0.0
341,0.0
341,0.0
342,0.0
342,0.0
342,0.0
342,0.0
342,0.0
342,0.0
342,0.0
342,0.0
342,0.0
342,0.0
342,0.0
342,0.0
342,0.0
343,0.0
343,0.0
343,0.0
343,0.0
343,0.0
343,0.0
343,0.0
343,0.0
343,0.0
343,0.0
343,0.0
343,0.0
344,0.0
344,0.0
344,0.0
344,0.0
344,0.0
344,0.0
345,0.0
345,0.0
345,0.0
345,0.0
345,0.0
345,0.0
345,0.0
345,0.0
345,0.0
345,0.0
345,0.0
345,0.0
345,0.0
346,0.0
346,0.0
346,0.0
346,0.0
346,0.0
346,0.0
347,0.0
347,0.0
347,0.0
347,0.0
347,0.0
347,0.0
347,0.0
347,0.0
347,0.0
347,0.0
347,0.0
347,0.0
347,0.0
348,0.0
348,0.0
348,0.0
348,0.0
348,0.0
348,0.0
349,0.0
349,0.0
349,0.0
349,0.0
349,0.0
349,0.0
349,0.0
349,0.0
349,0.0
349,0.0
349,0.0
349,0.0
349,0.0
350,0.0
350,0.0
350,0.0
350,0.0
350,0.0
350,0.0
350,0.0
350,0.0
350,0.0
350,0.0
350,0.0
350,0.0
351,0.0
351,0.0
351,0.0
351,0.0
351,0.0
351,0.0
351,0.0
352,0.0
352,0.0
352,0.0
352,0.0
352,0.0
352,0.0
352,0.0
352,0.0
352,0.0
352,0.0
352,0.0
352,0.0
353,0.0
353,0.0
353,0.0
353,0.0
353,0.0
353,0.0
353,0.0
354,0.0
354,0.0
354,0.0
354,0.0
354,0.0
354,0.0
354,0.0
354,0.0
354,0.0
354,0.0
354,0.0
354,0.0
355,0.0
355,0.0
355,0.0
355,0.0
355,0.0
355,0.0
355,0.0
355,0.0
355,0.0
355,0.0
355,0.0
355,0.0
355,0.0
356,0.0
356,0.0
356,0.0
356,0.0
356,0.0
356,0.0
357,0.0
357,0.0
357,0.0
357,0.0
357,0.0
357,0.0
357,0.0
357,0.0
357,0.0
357,0.0
357,0.0
357,0.0
357,0.0
358,0.0
358,0.0
358,0.0
358,0.0
358,0.0
358,0.0
359,0.0
359,0.0
359,0.0
359,0.0
359,0.0
359,0.0
359,0.0
359,0.0
359,0.0
359,0.0
359,0.0
359,0.0
359,0.0
360,0.0
360,0.0
360,0.0
360,0.0
360,0.0
360,0.0
361,0.0
361,0.0
361,0.0
361,0.0
361,0.0
361,0.0
361,0.0
361,0.0
361,0.0
361,0.0
361,0.0
361,0.0
362,0.0
362,0.0
362,0.0
362,0.0
362,0.0
362,0.0
362,0.0
362,0.0
362,0.0
362,0.0
362,0.0
362,0.0
362,0.0
363,0.0
363,0.0
363,0.0
363,0.0
363,0.0
363,0.0
364,0.0
364,0.0
364,0.0
364,0.0
364,0.0
364,0.0
364,0.0
364,0.0
364,0.0
364,0.0
364,0.0
364,0.0
364,0.0
365,0.0
365,10
365,10
365,10
365,10
365,10
366,10
366,10
366,10
366,10
366,10
366,10
366,10
366,10
366,10
366,10
366,10
366,10
366,10
367,10
367,10
367,10
367,10
367,10
367,10
367,10
367,10
367,10
367,10
367,10
367,10
368,10
368,10
368,10
368,10
368,10
368,10
368,10
369,10
369,10
369,10
369,10
369,10
369,10
369,10
369,10
369,10
369,10
369,10
369,10
370,10
370,10
370,10
370,10
370,10
370,10
370,10
371,10
371,10
371,10
371,10
371,10
371,10
371,10
371,10
371,10
371,10
371,10
371,10
372,10
372,10
372,10
372,10
372,10
372,10
373,10
373,10
373,10
373,10
373,10
373,10
373,10
373,10
373,10
373,10
373,10
373,10
373,10
374,10
374,10
374,10
374,10
374,10
374,10
374,10
374,10
374,10
374,10
374,10
374,10
374,10
375,10
375,10
375,10
375,10
375,10
375,10
376,10
376,10
376,10
376,10
376,10
376,10
376,10
376,10
376,10
376,10
376,10
376,10
376,10
377,10
377,10
377,10
377,10
377,10
377,10
378,10
378,10
378,10
378,10
378,10
378,10
378,10
378,10
378,10
378,10
378,10
378,10
379,10
379,10
379,10
379,10
379,10
379,10
379,10
379,10
379,10
379,10
379,10
379,10
379,10
380,10
380,10
380,10
380,10
380,10
380,10
381,10
381,10
381,10
381,10
381,10
381,10
381,10
381,10
381,10
381,10
381,10
381,10
381,10
382,10
382,10
382,10
382,10
382,10
382,10
383,10
383,10
383,10
383,10
383,10
383,10
383,10
383,10
383,10
383,10
383,10
383,10
383,10
384,10
384,10
384,10
384,10
384,10
384,10
385,10
385,10
385,10
385,10
385,10
385,10
385,10
385,10
385,10
385,10
385,10
385,10
385,10
386,10
386,10
386,10
386,10
386,10
386,10
386,10
386,10
386,10
386,10
386,10
386,10
387,10
387,10
387,10
387,10
387,10
387,10
387,10
388,10
388,10
388,10
388,10
388,10
388,10
388,10
388,10
388,10
388,10
388,10
388,10
389,10
389,10
389,10
389,10
389,10
389,10
390,10
390,10
390,10
390,10
390,10
390,10
390,10
390,10
390,10
390,10
390,10
390,10
390,10
391,10
391,10
391,10
391,10
391,10
391,10
391,10
391,10
391,10
391,10
391,10
391,10
391,10
392,10
392,10
392,10
392,10
392,10
392,10
393,10
393,10
393,10
393,10
393,10
393,10
393,10
393,10
393,10
393,10
393,10
393,10
393,10
394,10
394,10
394,10
394,10
394,10
394,10
395,10
395,10
395,10
395,10
395,10
395,10
395,10
395,10
395,10
395,10
395,10
395,10
396,10
396,10
396,10
396,10
396,10
396,10
396,10
397,10
397,10
397,10
397,10
397,10
397,10
397,10
397,10
397,10
397,10
397,10
397,10
398,10
398,10
398,10
398,10
398,10
398,10
398,10
398,10
398,10
398,10
398,10
398,10
398,10
399,10
399,10
399,10
399,10
399,10
399,10
400,10
400,10
400,10
400,10
400,10
400,10
400,10
400,10
400,10
400,10
400,10
400,10
400,10
401,10
401,10
401,10
401,10
401,10
401,10
402,10
402,10
402,10
402,10
402,10
402,10
402,10
402,10
402,10
402,10
402,10
402,10
402,10
403,10
403,10
403,10
403,10
403,10
403,10
403,10
403,10
403,10
403,10
403,10
403,10
404,10
404,10
404,10
404,10
404,10
404,10
404,10
405,10
405,10
405,10
405,10
405,10
405,10
405,10
405,10
405,10
405,10
405,10
405,10
406,10
406,10
406,10
406,10
406,10
406,10
407,10
407,10
407,10
407,10
407,10
407,10
407,10
407,10
407,10
407,10
407,10
407,10
407,10
408,10
408,10
408,10
408,10
408,10
408,10
408,10
408,10
408,10
408,10
408,10
408,10
408,10
409,10
409,10
409,10
409,10
409,10
409,10
410,10
410,10
410,10
410,10
410,10
410,10
410,10
410,10
410,10
410,10
410,10
410,10
410,10
411,10
411,10
411,10
411,10
411,10
411,10
412,10
412,10
412,10
412,10
412,10
412,10
412,10
412,10
412,10
412,10
412,10
412,10
413,10
413,10
413,10
413,10
413,10
413,10
413,10
414,10
414,10
414,10
414,10
414,10
414,10
414,10
414,10
414,10
414,10
414,10
414,10
415,10
415,10
415,10
415,10
415,10
415,10
415,10
415,10
415,10
415,10
415,10
415,10
415,10
416,10
416,10
416,10
416,10
416,10
416,10
417,10
417,10
417,10
417,10
417,10
417,10
417,10
417,10
417,10
417,10
417,10
417,10
417,10
418,10
418,10
418,10
418,10
418,10
418,10
419,10
419,10
419,10
419,10
419,10
419,10
419,10
419,10
419,10
419,10
419,10
419,10
419,10
420,10
420,10
420,10
420,10
420,10
420,10
420,10
420,10
420,10
420,10
420,10
420,10
421,10
421,10
421,10
421,10
421,10
421,10
421,10
422,10
422,10
422,10
422,10
422,10
422,10
422,10
422,10
422,10
422,10
422,10
422,10
423,10
423,10
423,10
423,10
423,10
423,10
424,10
424,10
424,10
424,10
424,10
424,10
424,10
424,10
424,10
424,10
424,10
424,10
424,10
425,10
425,10
425,10
425,10
425,10
425,10
426,10
426,10
426,10
426,10
426,10
426,10
426,10
426,10
426,10
426,10
426,10
426,10
426,10
427,10
427,10
427,10
427,10
427,10
427,10
427,10
427,10
427,10
427,10
427,10
427,10
428,10
428,10
428,10
428,10
428,10
428,10
428,10
429,10
429,10
429,10
429,10
429,10
429,10
429,10
429,10
429,10
429,10
429,10
429,10
430,10
430,10
430,10
430,10
430,10
430,10
430,10
431,10
431,10
431,10
431,10
431,10
431,10
431,10
431,10
431,10
431,10
431,10
431,10
432,10
432,10
432,10
432,10
432,10
432,10
432,10
432,10
432,10
432,10
432,10
432,10
432,10
433,10
433,10
433,10
433,10
433,10
433,10
434,10
434,10
434,10
434,10
434,10
434,10
434,10
434,10
434,10
434,10
434,10
434,10
434,10
435,10
435,10
435,10
435,10
435,10
435,10
436,10
436,10
436,10
436,10
436,10
436,10
436,10
436,10
436,10
436,10
436,10
436,10
436,10
437,10
437,10
437,10
437,10
437,10
437,10
438,10
438,10
438,10
438,10
438,10
438,10
438,10
438,10
438,10
438,10
438,10
438,10
438,10
439,10
439,10
439,10
439,10
439,10
439,10
439,10
439,10
439,10
439,10
439,10
439,10
440,10
440,10
440,10
440,10
440,10
440,10
441,10
441,10
441,10
441,10
441,10
441,10
441,10
441,10
441,10
441,10
441,10
441,10
441,10
442,10
442,10
442,10
442,10
442,10
442,10
443,10
443,10
443,10
443,10
443,10
443,10
443,10
443,10
443,10
443,10
443,10
443,10
443,10
444,10
444,10
444,10
444,10
444,10
444,10
444,10
444,10
444,10
444,10
444,10
444,10
444,10
445,10
445,10
445,10
445,10
445,10
445,10
446,10
446,10
446,10
446,10
446,10
446,10
446,10
446,10
446,10
446,10
446,10
446,10
447,10
447,10
447,10
447,10
447,10
447,10
447,10
448,10
448,10
448,10
448,10
448,10
448,10
448,10
448,10
448,10
448,10
448,10
448,10
449,10
449,10
449,10
449,10
449,10
449,10
449,10
450,10
450,10
450,10
450,10
450,10
450,10
450,10
450,10
450,10
450,10
450,10
450,10
451,10
451,10
451,10
451,10
451,10
451,10
451,10
451,10
451,10
451,10
451,10
451,10
451,10
452,10
452,10
452,10
452,10
452,10
452,10
453,10
453,10
453,10
453,10
453,10
453,10
453,10
453,10
453,10
453,10
453,10
453,10
453,10
454,10
454,10
454,10
454,10
454,10
454,10
455,10
455,10
455,10
455,10
455,10
455,10
455,10
455,10
455,10
455,10
455,10
455,10
455,10
456,10
456,10
456,10
456,10
456,10
456,10
456,10
456,10
456,10
456,10
456,10
456,10
457,10
457,10
457,10
457,10
457,10
457,10
458,10
458,10
458,10
458,10
458,10
458,10
458,10
458,10
458,10
458,10
458,10
458,10
458,10
459,10
459,10
459,10
459,10
459,10
459,10
460,10
460,10
460,10
460,10
460,10
460,10
460,10
460,10
460,10
460,10
460,10
460,10
460,10
461,10
461,10
461,10
461,10
461,10
461,10
461,10
461,10
461,10
461,10
461,10
461,10
461,10
462,10
462,10
462,10
462,10
462,10
462,10
463,10
463,10
463,10
463,10
463,10
463,10
463,10
463,10
463,10
463,10
463,10
463,10
464,10
464,10
464,10
464,10
464,10
464,10
464,10
465,10
465,10
465,10
465,10
465,10
465,10
465,10
465,10
465,10
465,10
465,10
465,10
466,10
466,10
466,10
466,10
466,10
466,10
466,10
467,10
467,10
467,10
467,10
467,10
467,10
467,10
467,10
467,10
467,10
467,10
467,10
468,10
468,10
468,10
468,10
468,10
468,10
468,10
468,10
468,10
468,10
468,10
468,10
468,10
469,10
469,10
469,10
469,10
469,10
469,10
470,10
470,10
470,10
470,10
470,10
470,10
470,10
470,10
470,10
470,10
470,10
470,10
470,10
471,10
471,10
471,10
471,10
471,10
471,10
472,10
472,10
472,10
472,10
472,10
472,10
472,10
472,10
472,10
472,10
472,10
472,10
472,10
473,10
473,10
473,10
473,10
473,10
473,10
473,10
473,10
473,10
473,10
473,10
473,10
474,10
474,10
474,10
474,10
474,10
474,10
475,10
475,10
475,10
475,10
475,10
475,10
475,10
475,10
475,10
475,10
475,10
475,10
475,10
476,10
476,10
476,10
476,10
476,10
476,10
477,10
477,10
477,10
477,10
477,10
477,10
477,10
477,10
477,10
477,10
477,10
477,10
477,10
478,10
478,10
478,10
478,10
478,10
478,10
479,10
479,10
479,10
479,10
479,10
479,10
479,10
479,10
479,10
479,10
479,10
479,10
479,10
480,10
480,10
480,10
480,10
480,10
480,10
480,10
480,10
480,10
480,10
480,10
480,10
481,10
481,10
481,10
481,10
481,10
481,10
481,10
482,10
482,10
482,10
482,10
482,10
482,10
482,10
482,10
482,10
482,10
482,10
482,10
483,10
483,10
483,10
483,10
483,10
483,10
483,10
484,10
484,10
484,10
484,10
484,10
484,10
484,10
484,10
484,10
484,10
484,10
484,10
485,10
485,10
485,10
485,10
485,10
485,10
485,10
485,10
485,10
485,10
485,10
485,10
485,10
486,10
486,10
486,10
486,10
486,10
486,10
487,10
487,10
487,10
487,10
487,10
487,10
487,10
487,10
487,10
487,10
487,10
487,10
487,10
488,10
488,10
488,10
488,10
488,10
488,10
489,10
489,10
489,10
489,10
489,10
489,10
489,10
489,10
489,10
489,10
489,10
489,10
489,10
490,10
490,10
490,10
490,10
490,10
490,10
491,10
491,10
491,10
491,10
491,10
491,10
491,10
491,10
491,10
491,10
491,10
491,10
491,10
492,10
492,10
492,10
492,10
492,10
492,10
492,10
492,10
492,10
492,10
492,10
492,10
493,10
493,10
493,10
493,10
493,10
493,10
494,10
494,10
494,10
494,10
494,10
494,10
494,10
494,10
494,10
494,10
494,10
494,10
494,10
495,10
495,10
495,10
495,10
495,10
495,10
496,10
496,10
496,10
496,10
496,10
496,10
496,10
496,10
496,10
496,10
496,10
496,10
496,10
497,10
497,10
497,10
497,10
497,10
497,10
497,10
497,10
497,10
497,10
497,10
497,10
498,10
498,10
498,10
498,10
498,10
498,10
498,10
499,10
499,10
499,10
499,10
499,10
499,10
499,10
499,10
499,10
499,10
499,10
499,10
500,10
500,10
500,10
500,10
500,10
500,10
500,10
501,10
501,10
501,10
501,10
501,10
501,10
501,10
501,10
501,10
501,10
501,10
501,10
502,10
502,10
502,10
502,10
502,10
502,10
502,10
503,10
503,10
503,10
503,10
503,10
503,10
503,10
503,10
503,10
503,10
503,10
503,10
504,10
504,10
504,10
504,10
504,10
504,10
504,10
504,10
504,10
504,10
504,10
504,10
504,10
505,10
505,10
505,10
505,10
505,10
505,10
506,10
506,10
506,10
506,10
506,10
506,10
506,10
506,10
506,10
506,10
506,10
506,10
506,10
507,10
507,10
507,10
507,10
507,10
507,10
508,10
508,10
508,10
508,10
508,10
508,10
508,10
508,10
508,10
508,10
508,10
508,10
509,10
509,10
509,10
509,10
509,10
509,10
509,10
509,10
509,10
509,10
509,10
509,10
509,10
510,10
510,10
510,10
510,10
510,10
510,10
511,10
511,10
511,10
511,10
511,10
511,10
511,10
511,10
511,10
511,10
511,10
511,10
511,10
512,10
512,10
512,10
512,10
512,10
512,10
513,10
513,10
513,10
513,10
513,10
513,10
513,10
513,10
513,10
513,10
513,10
513,10
513,10
514,10
514,10
514,10
514,10
514,10
514,10
515,10
515,10
515,10
515,10
515,10
515,10
515,10
515,10
515,10
515,10
515,10
515,10
515,10
516,10
516,10
516,10
516,10
516,10
516,10
516,10
516,10
516,10
516,10
516,10
516,10
517,10
517,10
517,10
517,10
517,10
517,10
517,10
518,10
518,10
518,10
518,10
518,10
518,10
518,10
518,10
518,10
518,10
518,10
518,10
519,10
519,10
519,10
519,10
519,10
519,10
520,10
520,10
520,10
520,10
520,10
520,10
520,10
520,10
520,10
520,10
520,10
520,10
520,10
521,10
521,10
521,10
521,10
521,10
521,10
521,10
521,10
521,10
521,10
521,10
521,10
521,10
522,10
522,10
522,10
522,10
522,10
522,10
523,10
523,10
523,10
523,10
523,10
523,10
523,10
523,10
523,10
523,10
523,10
523,10
523,10
524,10
524,10
524,10
524,10
524,10
524,10
525,10
525,10
525,10
525,10
525,10
525,10
525,10
525,10
525,10
525,10
525,10
525,10
526,10
526,10
526,10
526,10
526,10
526,10
526,10
526,10
526,10
526,10
526,10
526,10
526,10
527,10
527,10
527,10
527,10
527,10
527,10
528,10
528,10
528,10
528,10
528,10
528,10
528,10
528,10
528,10
528,10
528,10
528,10
528,10
529,10
529,10
529,10
529,10
529,10
529,10
530,10
530,10
530,10
530,10
530,10
530,10
530,10
530,10
530,10
530,10
530,10
530,10
530,10
531,10
531,10
531,10
531,10
531,10
531,10
532,10
532,10
532,10
532,10
532,10
532,10
532,10
532,10
532,10
532,10
532,10
532,10
532,10
533,10
533,10
533,10
533,10
533,10
533,10
533,10
533,10
533,10
533,10
533,10
533,10
534,10
534,10
534,10
534,10
534,10
534,10
534,10
535,10
535,10
535,10
535,10
535,10
535,10
535,10
535,10
535,10
535,10
535,10
535,10
536,10
536,10
536,10
536,10
536,10
536,10
537,10
537,10
537,10
537,10
537,10
537,10
537,10
537,10
537,10
537,10
537,10
537,10
537,10
538,10
538,10
538,10
538,10
538,10
538,10
538,10
538,10
538,10
538,10
538,10
538,10
538,10
539,10
539,10
539,10
539,10
539,10
539,10
540,10
540,10
540,10
540,10
540,10
540,10
540,10
540,10
540,10
540,10
540,10
540,10
540,10
541,10
541,10
541,10
541,10
541,10
541,10
542,10
542,10
542,10
542,10
542,10
542,10
542,10
542,10
542,10
542,10
542,10
542,10
543,10
543,10
543,10
543,10
543,10
543,10
543,10
544,10
544,10
544,10
544,10
544,10
544,10
544,10
544,10
544,10
544,10
544,10
544,10
545,10
545,10
545,10
545,10
545,10
545,10
545,10
545,10
545,10
545,10
545,10
545,10
545,10
546,10
546,10
546,10
546,10
546,10
546,10
547,10
547,10
547,10
547,10
547,10
547,10
547,10
547,10
547,10
547,10
547,10
547,10
547,10
548,10
548,10
548,10
548,10
548,10
548,10
549,10
549,10
549,10
549,10
549,10
549,10
549,10
549,10
549,10
549,10
549,10
549,10
549,10
550,10
550,10
550,10
550,10
550,10
550,10
550,10
550,10
550,10
550,10
550,10
550,10
551,10
551,10
551,10
551,10
551,10
551,10
551,10
552,10
552,10
552,10
552,10
552,10
552,10
552,10
552,10
552,10
552,10
552,10
552,10
553,10
553,10
553,10
553,10
553,10
553,10
554,10
554,10
554,10
554,10
554,10
554,10
554,10
554,10
554,10
554,10
554,10
554,10
554,10
555,10
555,10
555,10
555,10
555,10
555,10
556,10
556,10
556,10
556,10
556,10
556,10
556,10
556,10
556,10
556,10
556,10
556,10
556,10
557,10
557,10
557,10
557,10
557,10
557,10
557,10
557,10
557,10
557,10
557,10
557,10
557,10
558,10
558,10
558,10
558,10
558,10
558,10
559,10
559,10
559,10
559,10
559,10
559,10
559,10
559,10
559,10
559,10
559,10
559,10
560,10
560,10
560,10
560,10
560,10
560,10
560,10
561,10
561,10
561,10
561,10
561,10
561,10
561,10
561,10
561,10
561,10
561,10
561,10
562,10
562,10
562,10
562,10
562,10
562,10
562,10
562,10
562,10
562,10
562,10
562,10
562,10
563,10
563,10
563,10
563,10
563,10
563,10
564,10
564,10
564,10
564,10
564,10
564,10
564,10
564,10
564,10
564,10
564,10
564,10
564,10
565,10
565,10
565,10
565,10
565,10
565,10
566,10
566,10
566,10
566,10
566,10
566,10
566,10
566,10
566,10
566,10
566,10
566,10
566,10
567,10
567,10
567,10
567,10
567,10
567,10
568,10
568,10
568,10
568,10
568,10
568,10
568,10
568,10
568,10
568,10
568,10
568,10
568,10
569,10
569,10
569,10
569,10
569,10
569,10
569,10
569,10
569,10
569,10
569,10
569,10
570,10
570,10
570,10
570,10
570,10
570,10
571,10
571,10
571,10
571,10
571,10
571,10
571,10
571,10
571,10
571,10
571,10
571,10
571,10
572,10
572,10
572,10
572,10
572,10
572,10
573,10
573,10
573,10
573,10
573,10
573,10
573,10
573,10
573,10
573,10
573,10
573,10
573,10
574,10
574,10
574,10
574,10
574,10
574,10
574,10
574,10
574,10
574,10
574,10
574,10
574,10
575,10
575,10
575,10
575,10
575,10
575,10
576,10
576,10
576,10
576,10
576,10
576,10
576,10
576,10
576,10
576,10
576,10
576,10
577,10
577,10
577,10
577,10
577,10
577,10
577,10
578,10
578,10
578,10
578,10
578,10
578,10
578,10
578,10
578,10
578,10
578,10
578,10
579,10
579,10
579,10
579,10
579,10
579,10
579,10
580,10
580,10
580,10
580,10
580,10
580,10
580,10
580,10
580,10
580,10
580,10
580,10
581,10
581,10
581,10
581,10
581,10
581,10
581,10
581,10
581,10
581,10
581,10
581,10
581,10
582,10
582,10
582,10
582,10
582,10
582,10
583,10
583,10
583,10
583,10
583,10
583,10
583,10
583,10
583,10
583,10
583,10
583,10
583,10
584,10
584,10
584,10
584,10
584,10
584,10
585,10
585,10
585,10
585,10
585,10
585,10
585,10
585,10
585,10
585,10
585,10
585,10
585,10
586,10
586,10
586,10
586,10
586,10
586,10
586,10
586,10
586,10
586,10
586,10
586,10
587,10
587,10
587,10
587,10
587,10
587,10
587,10
588,10
588,10
588,10
588,10
588,10
588,10
588,10
588,10
588,10
588,10
588,10
588,10
589,10
589,10
589,10
589,10
589,10
589,10
590,10
590,10
590,10
590,10
590,10
590,10
590,10
590,10
590,10
590,10
590,10
590,10
590,10
591,10
591,10
591,10
591,10
591,10
591,10
591,10
591,10
591,10
591,10
591,10
591,10
591,10
592,10
592,10
592,10
592,10
592,10
592,10
593,10
593,10
593,10
593,10
593,10
593,10
593,10
593,10
593,10
593,10
593,10
593,10
593,10
594,10
594,10
594,10
594,10
594,10
594,10
595,10
595,10
595,10
595,10
595,10
595,10
595,10
595,10
595,10
595,10
595,10
595,10
596,10
596,10
596,10
596,10
596,10
596,10
596,10
597,10
597,10
597,10
597,10
597,10
597,10
597,10
597,10
597,10
597,10
597,10
597,10
598,10
598,10
598,10
598,10
598,10
598,10
598,10
598,10
598,10
598,10
598,10
598,10
598,10
599,10
599,10
599,10
599,10
599,10
599,10
600,10
600,10
600,10
600,10
600,10
600,10
600,10
600,10
600,10
600,10
600,10
600,10
600,10
601,10
601,10
601,10
601,10
601,10
601,10
602,10
602,10
602,10
602,10
602,10
602,10
602,10
602,10
602,10
602,10
602,10
602,10
602,10
603,10
603,10
603,10
603,10
603,10
603,10
603,10
603,10
603,10
603,10
603,10
603,10
604,10
604,10
604,10
604,10
604,10
604,10
604,10
605,10
605,10
605,10
605,10
605,10
605,10
605,10
605,10
605,10
605,10
605,10
605,10
606,10
606,10
606,10
606,10
606,10
606,10
607,10
607,10
607,10
607,10
607,10
607,10
607,10
607,10
607,10
607,10
607,10
607,10
607,10
608,10
608,10
608,10
608,10
608,10
608,10
609,10
609,10
609,10
609,10
609,10
609,10
609,10
609,10
609,10
609,10
609,10
609,10
609,10
610,10
610,10
610,10
610,10
610,10
610,10
610,10
610,10
610,10
610,10
610,10
610,10
610,10
611,10
611,10
611,10
611,10
611,10
611,10
612,10
612,10
612,10
612,10
612,10
612,10
612,10
612,10
612,10
612,10
612,10
612,10
613,10
613,10
613,10
613,10
613,10
613,10
613,10
614,10
614,10
614,10
614,10
614,10
614,10
614,10
614,10
614,10
614,10
614,10
614,10
615,10
615,10
615,10
615,10
615,10
615,10
615,10
615,10
615,10
615,10
615,10
615,10
615,10
616,10
616,10
616,10
616,10
616,10
616,10
617,10
617,10
617,10
617,10
617,10
617,10
617,10
617,10
617,10
617,10
617,10
617,10
617,10
618,10
618,10
618,10
618,10
618,10
618,10
619,10
619,10
619,10
619,10
619,10
619,10
619,10
619,10
619,10
619,10
619,10
619,10
619,10
620,10
620,10
620,10
620,10
620,10
620,10
621,10
621,10
621,10
621,10
621,10
621,10
621,10
621,10
621,10
621,10
621,10
621,10
621,10
622,10
622,10
622,10
622,10
622,10
622,10
622,10
622,10
622,10
622,10
622,10
622,10
623,10
623,10
623,10
623,10
623,10
623,10
624,10
624,10
624,10
624,10
624,10
624,10
624,10
624,10
624,10
624,10
624,10
624,10
624,10
625,10
625,10
625,10
625,10
625,10
625,10
626,10
626,10
626,10
626,10
626,10
626,10
626,10
626,10
626,10
626,10
626,10
626,10
626,10
627,10
627,10
627,10
627,10
627,10
627,10
627,10
627,10
627,10
627,10
627,10
627,10
627,10
628,10
628,10
628,10
628,10
628,10
628,10
629,10
629,10
629,10
629,10
629,10
629,10
629,10
629,10
629,10
629,10
629,10
629,10
630,10
630,10
630,10
630,10
630,10
630,10
630,10
631,10
631,10
631,10
631,10
631,10
631,10
631,10
631,10
631,10
631,10
631,10
631,10
632,10
632,10
632,10
632,10
632,10
632,10
632,10
633,10
633,10
633,10
633,10
633,10
633,10
633,10
633,10
633,10
633,10
633,10
633,10
634,10
634,10
634,10
634,10
634,10
634,10
634,10
634,10
634,10
634,10
634,10
634,10
634,10
635,10
635,10
635,10
635,10
635,10
635,10
636,10
636,10
636,10
636,10
636,10
636,10
636,10
636,10
636,10
636,10
636,10
636,10
636,10
637,10
637,10
637,10
637,10
637,10
637,10
638,10
638,10
638,10
638,10
638,10
638,10
638,10
638,10
638,10
638,10
638,10
638,10
638,10
639,10
639,10
639,10
639,10
639,10
639,10
639,10
639,10
639,10
639,10
639,10
639,10
640,10
640,10
640,10
640,10
640,10
640,10
641,10
641,10
641,10
641,10
641,10
641,10
641,10
641,10
641,10
641,10
641,10
641,10
641,10
642,10
642,10
642,10
642,10
642,10
642,10
643,10
643,10
643,10
643,10
643,10
643,10
643,10
643,10
643,10
643,10
643,10
643,10
643,10
644,10
644,10
644,10
644,10
644,10
644,10
645,10
645,10
645,10
645,10
645,10
645,10
645,10
645,10
645,10
645,10
645,10
645,10
645,10
646,10
646,10
646,10
646,10
646,10
646,10
646,10
646,10
646,10
646,10
646,10
646,10
647,10
647,10
647,10
647,10
647,10
647,10
647,10
648,10
648,10
648,10
648,10
648,10
648,10
648,10
648,10
648,10
648,10
648,10
648,10
649,10
649,10
649,10
649,10
649,10
649,10
649,10
650,10
650,10
650,10
650,10
650,10
650,10
650,10
650,10
650,10
650,10
650,10
650,10
651,10
651,10
651,10
651,10
651,10
651,10
651,10
651,10
651,10
651,10
651,10
651,10
651,10
652,10
652,10
652,10
652,10
652,10
652,10
653,10
653,10
653,10
653,10
653,10
653,10
653,10
653,10
653,10
653,10
653,10
653,10
653,10
654,10
654,10
654,10
654,10
654,10
654,10
655,10
655,10
655,10
655,10
655,10
655,10
655,10
655,10
655,10
655,10
655,10
655,10
655,10
656,10
656,10
656,10
656,10
656,10
656,10
656,10
656,10
656,10
656,10
656,10
656,10
657,10
657,10
657,10
657,10
657,10
657,10
658,10
658,10
658,10
658,10
658,10
658,10
658,10
658,10
658,10
658,10
658,10
658,10
658,10
659,10
659,10
659,10
659,10
659,10
659,10
660,10
660,10
660,10
660,10
660,10
660,10
660,10
660,10
660,10
660,10
660,10
660,10
660,10
661,10
661,10
661,10
661,10
661,10
661,10
662,10
662,10
662,10
662,10
662,10
662,10
662,10
662,10
662,10
662,10
662,10
662,10
662,10
663,10
663,10
663,10
663,10
663,10
663,10
663,10
663,10
663,10
663,10
663,10
663,10
664,10
664,10
664,10
664,10
664,10
664,10
664,10
665,10
665,10
665,10
665,10
665,10
665,10
665,10
665,10
665,10
665,10
665,10
665,10
666,10
666,10
666,10
666,10
666,10
666,10
666,10
667,10
667,10
667,10
667,10
667,10
667,10
667,10
667,10
667,10
667,10
667,10
667,10
668,10
668,10
668,10
668,10
668,10
668,10
668,10
668,10
668,10
668,10
668,10
668,10
668,10
669,10
669,10
669,10
669,10
669,10
669,10
670,10
670,10
670,10
670,10
670,10
670,10
670,10
670,10
670,10
670,10
670,10
670,10
670,10
671,10
671,10
671,10
671,10
671,10
671,10
672,10
672,10
672,10
672,10
672,10
672,10
672,10
672,10
672,10
672,10
672,10
672,10
672,10
673,10
673,10
673,10
673,10
673,10
673,10
674,10
674,10
674,10
674,10
674,10
674,10
674,10
674,10
674,10
674,10
674,10
674,10
675,10
675,10
675,10
675,10
675,10
675,10
675,10
675,10
675,10
675,10
675,10
675,10
675,10
676,10
676,10
676,10
676,10
676,10
676,10
677,10
677,10
677,10
677,10
677,10
677,10
677,10
677,10
677,10
677,10
677,10
677,10
677,10
678,10
678,10
678,10
678,10
678,10
678,10
679,10
679,10
679,10
679,10
679,10
679,10
679,10
679,10
679,10
679,10
679,10
679,10
679,10
680,10
680,10
680,10
680,10
680,10
680,10
680,10
680,10
680,10
680,10
680,10
680,10
681,10
681,10
681,10
681,10
681,10
681,10
681,10
682,10
682,10
682,10
682,10
682,10
682,10
682,10
682,10
682,10
682,10
682,10
682,10
683,10
683,10
683,10
683,10
683,10
683,10
683,10
684,10
684,10
684,10
684,10
684,10
684,10
684,10
684,10
684,10
684,10
684,10
684,10
685,10
685,10
685,10
685,10
685,10
685,10
685,10
686,10
686,10
686,10
686,10
686,10
686,10
686,10
686,10
686,10
686,10
686,10
686,10
687,10
687,10
687,10
687,10
687,10
687,10
687,10
687,10
687,10
687,10
687,10
687,10
687,10
688,10
688,10
688,10
688,10
688,10
688,10
689,10
689,10
689,10
689,10
689,10
689,10
689,10
689,10
689,10
689,10
689,10
689,10
689,10
690,10
690,10
690,10
690,10
690,10
690,10
691,10
691,10
691,10
691,10
691,10
691,10
691,10
691,10
691,10
691,10
691,10
691,10
691,10
692,10
692,10
692,10
692,10
692,10
692,10
692,10
692,10
692,10
692,10
692,10
692,10
693,10
693,10
693,10
693,10
693,10
693,10
694,10
694,10
694,10
694,10
694,10
694,10
694,10
694,10
694,10
694,10
694,10
694,10
694,10
695,10
695,10
695,10
695,10
695,10
695,10
696,10
696,10
696,10
696,10
696,10
696,10
696,10
696,10
696,10
696,10
696,10
696,10
696,10
697,10
697,10
697,10
697,10
697,10
697,10
698,10
698,10
698,10
698,10
698,10
698,10
698,10
698,10
698,10
698,10
698,10
698,10
698,10
699,10
699,10
699,10
699,10
699,10
699,10
699,10
699,10
699,10
699,10
699,10
699,10
700,10
700,10
700,10
700,10
700,10
700,10
700,10
701,10
701,10
701,10
701,10
701,10
701,10
701,10
701,10
701,10
701,10
701,10
701,10
702,10
702,10
702,10
702,10
702,10
702,10
702,10
703,10
703,10
703,10
703,10
703,10
703,10
703,10
703,10
703,10
703,10
703,10
703,10
704,10
704,10
704,10
704,10
704,10
704,10
704,10
704,10
704,10
704,10
704,10
704,10
704,10
705,10
705,10
705,10
705,10
705,10
705,10
706,10
706,10
706,10
706,10
706,10
706,10
706,10
706,10
706,10
706,10
706,10
706,10
706,10
707,10
707,10
707,10
707,10
707,10
707,10
708,10
708,10
708,10
708,10
708,10
708,10
708,10
708,10
708,10
708,10
708,10
708,10
708,10
709,10
709,10
709,10
709,10
709,10
709,10
709,10
709,10
709,10
709,10
709,10
709,10
710,10
710,10
710,10
710,10
710,10
710,10
711,10
711,10
711,10
711,10
711,10
711,10
711,10
711,10
711,10
711,10
711,10
711,10
711,10
712,10
712,10
712,10
712,10
712,10
712,10
713,10
713,10
713,10
713,10
713,10
713,10
713,10
713,10
713,10
713,10
713,10
713,10
713,10
714,10
714,10
714,10
714,10
714,10
714,10
715,10
715,10
715,10
715,10
715,10
715,10
715,10
715,10
715,10
715,10
715,10
715,10
715,10
716,10
716,10
716,10
716,10
716,10
716,10
716,10
716,10
716,10
716,10
716,10
716,10
717,10
717,10
717,10
717,10
717,10
717,10
717,10
718,10
718,10
718,10
718,10
718,10
718,10
718,10
718,10
718,10
718,10
718,10
718,10
719,10
719,10
719,10
719,10
719,10
719,10
719,10
720,10
720,10
720,10
720,10
720,10
720,10
720,10
720,10
720,10
720,10
720,10
720,10
721,10
721,10
721,10
721,10
721,10
721,10
721,10
721,10
721,10
721,10
721,10
721,10
721,10
722,10
722,10
722,10
722,10
722,10
722,10
723,10
723,10
723,10
723,10
723,10
723,10
723,10
723,10
723,10
723,10
723,10
723,10
723,10
724,10
724,10
724,10
724,10
724,10
724,10
725,10
725,10
725,10
725,10
725,10
725,10
725,10
725,10
725,10
725,10
725,10
725,10
725,10
726,10
726,10
726,10
726,10
726,10
726,10
727,10
727,10
727,10
727,10
727,10
727,10
727,10
727,10
727,10
727,10
727,10
727,10
728,10
728,10
728,10
728,10
728,10
728,10
728,10
728,10
728,10
728,10
728,10
728,10
728,10
729,10
729,10
729,10
729,10
729,10
729,10
730,10
730,10
730,10
730,10
730,10
730,10
730,10
730,10
730,10
730,10
730,10
730,10
730,10
731,10
731,10
731,10
731,10
731,10
731,10
732,10
732,10
732,10
732,10
732,10
732,10
732,10
732,10
732,10
732,10
732,10
732,10
732,10
733,10
733,10
733,10
733,10
733,10
733,10
733,10
733,10
733,10
733,10
733,10
733,10
734,10
734,10
734,10
734,10
734,10
734,10
734,10
735,10
735,10
735,10
735,10
735,10
735,10
735,10
735,10
735,10
735,10
735,10
735,10
736,10
736,10
736,10
736,10
736,10
736,10
736,10
737,10
737,10
737,10
737,10
737,10
737,10
737,10
737,10
737,10
737,10
737,10
737,10
738,10
738,10
738,10
738,10
738,10
738,10
739,10
739,10
739,10
739,10
739,10
739,10
739,10
739,10
739,10
739,10
739,10
739,10
739,10
740,10
740,10
740,10
740,10
740,10
740,10
740,10
740,10
740,10
740,10
740,10
740,10
740,10
741,10
741,10
741,10
741,10
741,10
741,10
742,10
742,10
742,10
742,10
742,10
742,10
742,10
742,10
742,10
742,10
742,10
742,10
742,10
743,10
