0,0
0,0
0,100.0
0,100.0
0,100.0
0,100.0
0,100.0
0,100.0
0,100.0
0,100.0
0,100.0
0,100.0
0,100.0
0,100.0
1,100.0
1,36.9
1,36.9
1,36.9
1,36.9
1,36.9
1,36.9
1,100.0
1,100.0
1,100.0
1,100.0
1,100.0
1,100.0
2,0.0
2,0.0
2,0.0
2,0.0
2,0.0
2,0.0
3,0.0
3,100.0
3,100.0
3,100.0
3,100.0
3,100.0
3,100.0
3,100.0
3,100.0
3,100.0
3,100.0
3,100.0
4,100.0
4,100.0
4,100.0
4,100.0
4,100.0
4,100.0
4,100.0
5,100.0
5,0.0
5,0.0
5,0.0
5,0.0
5,0.0
5,0.0
5,100.0
5,100.0
5,100.0
5,100.0
5,100.0
6,100.0
6,0.0
6,0.0
6,0.0
6,0.0
6,0.0
6,0.0
7,100.0
7,100.0
7,100.0
7,100.0
7,100.0
7,100.0
7,100.0
7,0.0
7,0.0
7,0.0
7,0.0
7,0.0
8,0.0
8,100.0
8,100.0
8,100.0
8,100.0
8,100.0
8,100.0
8,100.0
8,100.0
8,100.0
8,100.0
8,100.0
8,100.0
9,100.0
9,0.0
9,0.0
9,0.0
9,0.0
9,0.0
10,0.0
10,100.0
10,100.0
10,100.0
10,100.0
10,100.0
10,100.0
10,100.0
10,100.0
10,100.0
10,100.0
10,100.0
10,100.0
11,100.0
11,0.0
11,0.0
11,0.0
11,0.0
11,0.0
12,0.0
12,100.0
12,100.0
12,100.0
12,100.0
12,100.0
12,100.0
12,100.0
12,100.0
12,100.0
12,100.0
12,100.0
12,100.0
13,0.0
13,0.0
13,0.0
13,0.0
13,0.0
13,0.0
13,0.0
13,100.0
13,100.0
13,100.0
13,100.0
13,100.0
14,100.0
14,100.0
14,100.0
14,100.0
14,100.0
14,100.0
15,100.0
15,77.2
15,77.2
15,77.2
15,77.2
15,77.2
15,77.2
15,77.2
15,100.0
15,100.0
15,100.0
15,100.0
15,100.0
16,100.0
16,76.7
16,76.7
16,76.7
16,76.7
16,76.7
17,76.7
17,98.9
17,98.9
17,98.9
17,98.9
17,98.9
17,98.9
17,98.9
17,98.5
17,98.5
17,98.5
17,98.5
17,98.5
18,98.5
18,100.0
18,100.0
18,100.0
18,100.0
18,100.0
19,100.0
19,76.2
19,76.2
19,76.2
19,76.2
19,76.2
19,76.2
19,75.2
19,75.2
19,75.2
19,75.2
19,75.2
19,75.2
20,75.2
20,100.0
20,100.0
20,100.0
20,100.0
20,100.0
20,100.0
20,100.0
20,100.0
20,100.0
20,100.0
20,100.0
21,100.0
21,100.0
21,100.0
21,100.0
21,100.0
21,100.0
21,100.0
22,100.0
22,39.0
22,39.0
22,39.0
22,39.0
22,39.0
22,39.0
22,0.0
22,0.0
22,0.0
22,0.0
22,0.0
23,0.0
23,100.0
23,100.0
23,100.0
23,100.0
23,100.0
23,100.0
24,74.2
24,74.2
24,74.2
24,74.2
24,74.2
24,74.2
24,74.2
24,96.8
24,96.8
24,96.8
24,96.8
24,96.8
25,96.8
25,100.0
25,100.0
25,100.0
25,100.0
25,100.0
25,100.0
25,0.0
25,0.0
25,0.0
25,0.0
25,0.0
25,0.0
26,0.0
26,100.0
26,100.0
26,100.0
26,100.0
26,100.0
27,100.0
27,0.0
27,0.0
27,0.0
27,0.0
27,0.0
27,0.0
27,100.0
27,100.0
27,100.0
27,100.0
27,100.0
27,100.0
28,100.0
28,95.5
28,95.5
28,95.5
28,95.5
28,95.5
29,95.5
29,95.0
29,95.0
29,95.0
29,95.0
29,95.0
29,95.0
29,100.0
29,100.0
29,100.0
29,100.0
29,100.0
29,100.0
30,100.0
30,100.0
30,100.0
30,100.0
30,100.0
30,100.0
31,100.0
31,0.0
31,0.0
31,0.0
31,0.0
31,0.0
31,0.0
31,100.0
31,100.0
31,100.0
31,100.0
31,100.0
32,100.0
32,100.0
32,100.0
32,100.0
32,100.0
32,100.0
32,100.0
32,100.0
32,0.0
32,0.0
32,0.0
32,0.0
32,0.0
33,0.0
33,100.0
33,100.0
33,100.0
33,100.0
33,100.0
34,100.0
34,0.0
34,0.0
34,0.0
34,0.0
34,0.0
34,0.0
34,0.0
34,100.0
34,100.0
34,100.0
34,100.0
34,100.0
35,100.0
35,25.8
35,25.8
35,25.8
35,25.8
35,25.8
36,25.8
36,100.0
36,100.0
36,100.0
36,100.0
36,100.0
36,100.0
36,0.0
36,0.0
36,0.0
36,0.0
36,0.0
36,0.0
37,0.0
37,100.0
37,100.0
37,100.0
37,100.0
37,100.0
37,100.0
37,100.0
37,100.0
37,100.0
37,100.0
37,100.0
38,100.0
38,0.0
38,0.0
38,0.0
38,0.0
38,0.0
38,0.0
39,0.0
39,100.0
39,100.0
39,100.0
39,100.0
39,100.0
39,100.0
39,10.9
39,10.9
39,10.9
39,10.9
39,10.9
40,10.9
40,91.5
40,91.5
40,91.5
40,91.5
40,91.5
40,91.5
41,100.0
41,100.0
41,100.0
41,100.0
41,100.0
41,100.0
41,100.0
41,0.0
41,0.0
41,0.0
41,0.0
41,0.0
42,0.0
42,100.0
42,100.0
42,100.0
42,100.0
42,100.0
42,100.0
42,100.0
42,100.0
42,100.0
42,100.0
42,100.0
42,100.0
43,100.0
43,10.9
43,10.9
43,10.9
43,10.9
43,10.9
44,10.9
44,100.0
44,100.0
44,100.0
44,100.0
44,100.0
44,100.0
44,0.0
44,0.0
44,0.0
44,0.0
44,0.0
44,0.0
45,0.0
45,100.0
45,100.0
45,100.0
45,100.0
45,100.0
46,100.0
46,100.0
46,100.0
46,100.0
46,100.0
46,100.0
46,100.0
46,0.0
46,0.0
46,0.0
46,0.0
46,0.0
46,0.0
47,100.0
47,100.0
47,100.0
47,100.0
47,100.0
47,100.0
48,100.0
48,100.0
48,100.0
48,100.0
48,100.0
48,100.0
48,100.0
48,100.0
48,100.0
48,100.0
48,100.0
48,100.0
49,100.0
49,100.0
49,100.0
49,100.0
49,100.0
49,100.0
49,100.0
49,100.0
49,0.0
49,0.0
49,0.0
49,0.0
49,0.0
50,0.0
50,100.0
50,100.0
50,100.0
50,100.0
50,100.0
51,100.0
51,0.0
51,0.0
51,0.0
51,0.0
51,0.0
51,0.0
51,0.0
51,100.0
51,100.0
51,100.0
51,100.0
51,100.0
52,100.0
52,64.0
52,64.0
52,64.0
52,64.0
52,64.0
53,64.0
53,0.0
53,0.0
53,0.0
53,0.0
53,0.0
53,0.0
53,100.0
53,100.0
53,100.0
53,100.0
53,100.0
53,100.0
54,100.0
54,100.0
54,100.0
54,100.0
54,100.0
54,100.0
54,100.0
54,100.0
54,100.0
54,100.0
54,100.0
54,100.0
55,100.0
55,0.0
55,0.0
55,0.0
55,0.0
55,0.0
55,0.0
56,0.0
56,100.0
56,100.0
56,100.0
56,100.0
56,100.0
56,100.0
56,0.0
56,0.0
56,0.0
56,0.0
56,0.0
57,0.0
57,100.0
57,100.0
57,100.0
57,100.0
57,100.0
57,100.0
58,100.0
58,100.0
58,100.0
58,100.0
58,100.0
58,100.0
58,100.0
58,0.0
58,0.0
58,0.0
58,0.0
58,0.0
59,0.0
59,100.0
59,100.0
59,100.0
59,100.0
59,100.0
59,100.0
60,86.6
60,86.6
60,86.6
60,86.6
60,86.6
60,86.6
60,86.6
60,100.0
60,100.0
60,100.0
60,100.0
60,100.0
61,100.0
61,0.0
61,0.0
61,0.0
61,0.0
61,0.0
61,0.0
61,87.0
61,87.0
61,87.0
61,87.0
61,87.0
61,87.0
62,87.0
62,100.0
62,100.0
62,100.0
62,100.0
62,100.0
63,100.0
63,0.0
63,0.0
63,0.0
63,0.0
63,0.0
63,0.0
63,100.0
63,100.0
63,100.0
63,100.0
63,100.0
63,100.0
64,100.0
64,0.0
64,0.0
64,0.0
64,0.0
64,0.0
65,0.0
65,100.0
65,100.0
65,100.0
65,100.0
65,100.0
65,100.0
65,100.0
65,100.0
65,100.0
65,100.0
65,100.0
65,100.0
66,100.0
66,100.0
66,100.0
66,100.0
66,100.0
66,100.0
66,100.0
66,0.0
66,0.0
66,0.0
66,0.0
66,0.0
67,0.0
67,56.9
67,56.9
67,56.9
67,56.9
67,56.9
68,56.9
68,83.8
68,83.8
68,83.8
68,83.8
68,83.8
68,83.8
68,83.8
68,100.0
68,100.0
68,100.0
68,100.0
68,100.0
69,100.0
69,100.0
69,100.0
69,100.0
69,100.0
69,100.0
70,100.0
70,0.0
70,0.0
70,0.0
70,0.0
70,0.0
70,0.0
70,100.0
70,100.0
70,100.0
70,100.0
70,100.0
70,100.0
71,100.0
71,56.3
71,56.3
71,56.3
71,56.3
71,56.3
72,56.3
72,100.0
72,100.0
72,100.0
72,100.0
72,100.0
72,100.0
72,0.0
72,0.0
72,0.0
72,0.0
72,0.0
72,0.0
73,0.0
73,0.0
73,0.0
73,0.0
73,0.0
73,0.0
73,0.0
73,100.0
73,100.0
73,100.0
73,100.0
73,100.0
74,100.0
74,0.0
74,0.0
74,0.0
74,0.0
74,0.0
74,0.0
75,0.0
75,0.0
75,0.0
75,0.0
75,0.0
75,0.0
75,0.0
75,100.0
75,100.0
75,100.0
75,100.0
75,100.0
76,100.0
76,100.0
76,100.0
76,100.0
76,100.0
76,100.0
76,100.0
77,82.7
77,82.7
77,82.7
77,82.7
77,82.7
77,82.7
77,82.7
77,100.0
77,100.0
77,100.0
77,100.0
77,100.0
78,100.0
78,0.0
78,0.0
78,0.0
78,0.0
78,0.0
78,0.0
78,100.0
78,100.0
78,100.0
78,100.0
78,100.0
78,100.0
79,100.0
79,0.0
79,0.0
79,0.0
79,0.0
79,0.0
80,0.0
80,0.0
80,0.0
80,0.0
80,0.0
80,0.0
80,0.0
80,100.0
80,100.0
80,100.0
80,100.0
80,100.0
80,100.0
81,100.0
81,100.0
81,100.0
81,100.0
81,100.0
81,100.0
82,100.0
82,0.0
82,0.0
82,0.0
82,0.0
82,0.0
82,0.0
82,0.0
82,0.0
82,0.0
82,0.0
82,0.0
82,0.0
83,100.0
83,100.0
83,100.0
83,100.0
83,100.0
83,100.0
84,100.0
84,49.7
84,49.7
84,49.7
84,49.7
84,49.7
84,49.7
84,100.0
84,100.0
84,100.0
84,100.0
84,100.0
85,100.0
85,100.0
85,100.0
85,100.0
85,100.0
85,100.0
85,100.0
85,100.0
85,82.0
85,82.0
85,82.0
85,82.0
85,82.0
86,82.0
86,0.0
86,0.0
86,0.0
86,0.0
86,0.0
87,0.0
87,100.0
87,100.0
87,100.0
87,100.0
87,100.0
87,100.0
87,100.0
87,100.0
87,100.0
87,100.0
87,100.0
87,100.0
88,100.0
88,100.0
88,100.0
88,100.0
88,100.0
88,100.0
89,100.0
89,49.0
89,49.0
89,49.0
89,49.0
89,49.0
89,49.0
89,0.0
89,0.0
89,0.0
89,0.0
89,0.0
89,0.0
90,0.0
90,100.0
90,100.0
90,100.0
90,100.0
90,100.0
90,100.0
90,100.0
90,100.0
90,100.0
90,100.0
90,100.0
91,100.0
91,0.0
91,0.0
91,0.0
91,0.0
91,0.0
91,0.0
92,0.0
92,100.0
92,100.0
92,100.0
92,100.0
92,100.0
92,100.0
92,47.1
92,47.1
92,47.1
92,47.1
92,47.1
93,47.1
93,0.0
93,0.0
93,0.0
93,0.0
93,0.0
93,0.0
94,0.0
94,0.0
94,0.0
94,0.0
94,0.0
94,0.0
94,0.0
94,100.0
94,100.0
94,100.0
94,100.0
94,100.0
95,100.0
95,79.8
95,79.8
95,79.8
95,79.8
95,79.8
96,79.8
96,79.5
96,79.5
96,79.5
96,79.5
96,79.5
96,79.5
96,79.5
96,0.0
96,0.0
96,0.0
96,0.0
96,0.0
97,0.0
97,77.6
97,77.6
97,77.6
97,77.6
97,77.6
97,77.6
97,100.0
97,100.0
97,100.0
97,100.0
97,100.0
97,100.0
98,100.0
98,40.7
98,40.7
98,40.7
98,40.7
98,40.7
99,40.7
99,99.3
99,99.3
99,99.3
99,99.3
99,99.3
99,99.3
99,100.0
99,100.0
99,100.0
99,100.0
99,100.0
99,100.0
100,0.0
100,0.0
100,0.0
100,0.0
100,0.0
100,0.0
101,0.0
101,98.4
101,98.4
101,98.4
101,98.4
101,98.4
101,98.4
101,100.0
101,100.0
101,100.0
101,100.0
101,100.0
102,100.0
102,77.1
102,77.1
102,77.1
102,77.1
102,77.1
102,77.1
102,77.1
102,100.0
102,100.0
102,100.0
102,100.0
102,100.0
103,100.0
103,77.1
103,77.1
103,77.1
103,77.1
103,77.1
104,77.1
104,99.7
104,99.7
104,99.7
104,99.7
104,99.7
104,99.7
104,100.0
104,100.0
104,100.0
104,100.0
104,100.0
104,100.0
105,100.0
105,0.0
105,0.0
105,0.0
105,0.0
105,0.0
106,0.0
106,0.0
106,0.0
106,0.0
106,0.0
106,0.0
106,0.0
106,100.0
106,100.0
106,100.0
106,100.0
106,100.0
106,100.0
107,100.0
107,43.5
107,43.5
107,43.5
107,43.5
107,43.5
107,43.5
107,41.7
107,41.7
107,41.7
107,41.7
107,41.7
108,41.7
108,100.0
108,100.0
108,100.0
108,100.0
108,100.0
108,100.0
109,100.0
109,0.0
109,0.0
109,0.0
109,0.0
109,0.0
109,0.0
109,100.0
109,100.0
109,100.0
109,100.0
109,100.0
110,100.0
110,100.0
110,100.0
110,100.0
110,100.0
110,100.0
110,100.0
111,0.0
111,0.0
111,0.0
111,0.0
111,0.0
111,0.0
111,0.0
111,99.7
111,99.7
111,99.7
111,99.7
111,99.7
112,99.7
112,100.0
112,100.0
112,100.0
112,100.0
112,100.0
113,100.0
113,0.0
113,0.0
113,0.0
113,0.0
113,0.0
113,0.0
113,0.0
113,100.0
113,100.0
113,100.0
113,100.0
113,100.0
114,100.0
114,100.0
114,100.0
114,100.0
114,100.0
114,100.0
114,100.0
114,37.0
114,37.0
114,37.0
114,37.0
114,37.0
114,37.0
115,37.0
115,97.6
115,97.6
115,97.6
115,97.6
115,97.6
116,97.6
116,35.1
116,35.1
116,35.1
116,35.1
116,35.1
116,35.1
116,100.0
116,100.0
116,100.0
116,100.0
116,100.0
116,100.0
117,38.9
117,38.9
117,38.9
117,38.9
117,38.9
117,38.9
118,38.9
118,100.0
118,100.0
118,100.0
118,100.0
118,100.0
118,100.0
118,77.6
118,77.6
118,77.6
118,77.6
118,77.6
119,77.6
119,40.7
119,40.7
119,40.7
119,40.7
119,40.7
119,40.7
119,40.7
119,0.0
119,0.0
119,0.0
119,0.0
119,0.0
120,0.0
120,100.0
120,100.0
120,100.0
120,100.0
120,100.0
121,100.0
121,75.6
121,75.6
121,75.6
121,75.6
121,75.6
121,75.6
121,100.0
121,100.0
121,100.0
121,100.0
121,100.0
121,100.0
122,100.0
122,0.0
122,0.0
122,0.0
122,0.0
122,0.0
123,0.0
123,100.0
123,100.0
123,100.0
123,100.0
123,100.0
123,100.0
123,39.8
123,39.8
123,39.8
123,39.8
123,39.8
123,39.8
124,39.8
124,98.9
124,98.9
124,98.9
124,98.9
124,98.9
125,98.9
125,98.9
125,98.9
125,98.9
125,98.9
125,98.9
125,98.9
125,75.6
125,75.6
125,75.6
125,75.6
125,75.6
125,75.6
126,75.6
126,37.0
126,37.0
126,37.0
126,37.0
126,37.0
126,37.0
126,97.6
126,97.6
126,97.6
126,97.6
126,97.6
127,97.6
127,100.0
127,100.0
127,100.0
127,100.0
127,100.0
127,100.0
128,0.0
128,0.0
128,0.0
128,0.0
128,0.0
128,0.0
128,0.0
128,100.0
128,100.0
128,100.0
128,100.0
128,100.0
129,100.0
129,98.0
129,98.0
129,98.0
129,98.0
129,98.0
129,98.0
130,0.0
130,0.0
130,0.0
130,0.0
130,0.0
130,0.0
130,0.0
130,95.8
130,95.8
130,95.8
130,95.8
130,95.8
131,95.8
131,0.0
131,0.0
131,0.0
131,0.0
131,0.0
131,0.0
131,100.0
131,100.0
131,100.0
131,100.0
131,100.0
131,100.0
132,100.0
132,0.0
132,0.0
132,0.0
132,0.0
132,0.0
133,0.0
133,100.0
133,100.0
133,100.0
133,100.0
133,100.0
133,100.0
133,100.0
133,100.0
133,100.0
133,100.0
133,100.0
133,100.0
134,0.0
134,0.0
134,0.0
134,0.0
134,0.0
134,0.0
135,0.0
135,100.0
135,100.0
135,100.0
135,100.0
135,100.0
135,100.0
135,0.0
135,0.0
135,0.0
135,0.0
135,0.0
136,0.0
136,30.3
136,30.3
136,30.3
136,30.3
136,30.3
136,30.3
137,30.3
137,100.0
137,100.0
137,100.0
137,100.0
137,100.0
137,100.0
137,100.0
137,100.0
137,100.0
137,100.0
137,100.0
138,100.0
138,0.0
138,0.0
138,0.0
138,0.0
138,0.0
138,0.0
138,0.0
138,100.0
138,100.0
138,100.0
138,100.0
138,100.0
139,100.0
139,72.7
139,72.7
139,72.7
139,72.7
139,72.7
140,72.7
140,100.0
140,100.0
140,100.0
140,100.0
140,100.0
140,100.0
140,0.0
140,0.0
140,0.0
140,0.0
140,0.0
140,0.0
141,0.0
141,100.0
141,100.0
141,100.0
141,100.0
141,100.0
142,100.0
142,0.0
142,0.0
142,0.0
142,0.0
142,0.0
142,0.0
142,100.0
142,100.0
142,100.0
142,100.0
142,100.0
142,100.0
143,100.0
143,33.3
143,33.3
143,33.3
143,33.3
143,33.3
143,33.3
143,0.0
143,0.0
143,0.0
143,0.0
143,0.0
144,0.0
144,100.0
144,100.0
144,100.0
144,100.0
144,100.0
144,100.0
145,0.0
145,0.0
145,0.0
145,0.0
145,0.0
145,0.0
145,0.0
145,100.0
145,100.0
145,100.0
145,100.0
145,100.0
146,100.0
146,0.0
146,0.0
146,0.0
146,0.0
146,0.0
147,0.0
147,70.7
147,70.7
147,70.7
147,70.7
147,70.7
147,70.7
147,70.7
147,100.0
147,100.0
147,100.0
147,100.0
147,100.0
148,100.0
148,0.0
148,0.0
148,0.0
148,0.0
148,0.0
149,0.0
149,70.2
149,70.2
149,70.2
149,70.2
149,70.2
149,70.2
149,70.2
149,100.0
149,100.0
149,100.0
149,100.0
149,100.0
150,100.0
150,70.7
150,70.7
150,70.7
150,70.7
150,70.7
150,70.7
150,100.0
150,100.0
150,100.0
150,100.0
150,100.0
150,100.0
151,22.9
151,22.9
151,22.9
151,22.9
151,22.9
151,22.9
152,22.9
152,100.0
152,100.0
152,100.0
152,100.0
152,100.0
152,100.0
152,0.0
152,0.0
152,0.0
152,0.0
152,0.0
153,0.0
153,100.0
153,100.0
153,100.0
153,100.0
153,100.0
153,100.0
154,100.0
154,0.0
154,0.0
154,0.0
154,0.0
154,0.0
154,0.0
154,0.0
154,0.0
154,0.0
154,0.0
154,0.0
155,0.0
155,93.4
155,93.4
155,93.4
155,93.4
155,93.4
155,93.4
155,93.4
155,100.0
155,100.0
155,100.0
155,100.0
155,100.0
156,100.0
156,94.2
156,94.2
156,94.2
156,94.2
156,94.2
157,94.2
157,100.0
157,100.0
157,100.0
157,100.0
157,100.0
157,100.0
157,25.4
157,25.4
157,25.4
157,25.4
157,25.4
157,25.4
158,25.4
158,70.2
158,70.2
158,70.2
158,70.2
158,70.2
159,70.2
159,17.9
159,17.9
159,17.9
159,17.9
159,17.9
159,17.9
159,100.0
159,100.0
159,100.0
159,100.0
159,100.0
159,100.0
160,100.0
160,0.0
160,0.0
160,0.0
160,0.0
160,0.0
160,0.0
160,100.0
160,100.0
160,100.0
160,100.0
160,100.0
161,100.0
161,71.2
161,71.2
161,71.2
161,71.2
161,71.2
161,71.2
162,0.0
162,0.0
162,0.0
162,0.0
162,0.0
162,0.0
162,0.0
162,69.2
162,69.2
162,69.2
162,69.2
162,69.2
163,69.2
163,12.9
163,12.9
163,12.9
163,12.9
163,12.9
163,12.9
164,100.0
164,100.0
164,100.0
164,100.0
164,100.0
164,100.0
164,100.0
164,69.2
164,69.2
164,69.2
164,69.2
164,69.2
165,69.2
165,100.0
165,100.0
165,100.0
165,100.0
165,100.0
166,100.0
166,0.0
166,0.0
166,0.0
166,0.0
166,0.0
166,0.0
166,0.0
166,100.0
166,100.0
166,100.0
166,100.0
166,100.0
167,100.0
167,100.0
167,100.0
167,100.0
167,100.0
167,100.0
167,100.0
167,100.0
167,100.0
167,100.0
167,100.0
167,100.0
167,100.0
168,0.0
168,0.0
168,0.0
168,0.0
168,0.0
168,0.0
169,0.0
169,100.0
169,100.0
169,100.0
169,100.0
169,100.0
169,100.0
169,68.2
169,68.2
169,68.2
169,68.2
169,68.2
170,68.2
170,100.0
170,100.0
170,100.0
170,100.0
170,100.0
170,100.0
171,100.0
171,15.4
171,15.4
171,15.4
171,15.4
171,15.4
171,15.4
171,92.6
171,92.6
171,92.6
171,92.6
171,92.6
172,92.6
172,100.0
172,100.0
172,100.0
172,100.0
172,100.0
172,100.0
172,100.0
172,0.0
172,0.0
172,0.0
172,0.0
172,0.0
173,0.0
173,100.0
173,100.0
173,100.0
173,100.0
173,100.0
174,100.0
174,0.0
174,0.0
174,0.0
174,0.0
174,0.0
174,0.0
174,100.0
174,100.0
174,100.0
174,100.0
174,100.0
174,100.0
175,100.0
175,0.0
175,0.0
175,0.0
175,0.0
175,0.0
176,0.0
176,100.0
176,100.0
176,100.0
176,100.0
176,100.0
176,100.0
176,100.0
176,100.0
176,100.0
176,100.0
176,100.0
176,100.0
177,100.0
177,100.0
177,100.0
177,100.0
177,100.0
177,100.0
178,100.0
178,94.6
178,94.6
178,94.6
178,94.6
178,94.6
178,94.6
178,0.0
178,0.0
178,0.0
178,0.0
178,0.0
178,0.0
179,93.0
179,93.0
179,93.0
179,93.0
179,93.0
179,93.0
179,93.0
179,0.0
179,0.0
179,0.0
179,0.0
179,0.0
180,0.0
180,100.0
180,100.0
180,100.0
180,100.0
180,100.0
181,100.0
181,7.9
181,7.9
181,7.9
181,7.9
181,7.9
181,7.9
181,7.9
181,100.0
181,100.0
181,100.0
181,100.0
181,100.0
182,100.0
182,68.7
182,68.7
182,68.7
182,68.7
182,68.7
183,68.7
183,0.0
183,0.0
183,0.0
183,0.0
183,0.0
183,0.0
183,0.0
183,100.0
183,100.0
183,100.0
183,100.0
183,100.0
184,100.0
184,91.8
184,91.8
184,91.8
184,91.8
184,91.8
184,91.8
184,100.0
184,100.0
184,100.0
184,100.0
184,100.0
184,100.0
185,68.2
185,68.2
185,68.2
185,68.2
185,68.2
185,68.2
186,68.2
186,92.2
186,92.2
186,92.2
186,92.2
186,92.2
186,92.2
186,100.0
186,100.0
186,100.0
186,100.0
186,100.0
187,100.0
187,15.4
187,15.4
187,15.4
187,15.4
187,15.4
187,15.4
188,15.4
188,0.0
188,0.0
188,0.0
188,0.0
188,0.0
188,0.0
188,100.0
188,100.0
188,100.0
188,100.0
188,100.0
189,100.0
189,100.0
189,100.0
189,100.0
189,100.0
189,100.0
189,100.0
190,100.0
190,0.0
190,0.0
190,0.0
190,0.0
190,0.0
190,0.0
190,100.0
190,100.0
190,100.0
190,100.0
190,100.0
191,100.0
191,100.0
191,100.0
191,100.0
191,100.0
191,100.0
191,100.0
191,0.0
191,0.0
191,0.0
191,0.0
191,0.0
191,0.0
192,0.0
192,100.0
192,100.0
192,100.0
192,100.0
192,100.0
193,100.0
193,100.0
193,100.0
193,100.0
193,100.0
193,100.0
193,100.0
193,100.0
193,100.0
193,100.0
193,100.0
193,100.0
193,100.0
194,100.0
194,0.0
194,0.0
194,0.0
194,0.0
194,0.0
195,0.0
195,91.5
195,91.5
195,91.5
195,91.5
195,91.5
195,91.5
195,100.0
195,100.0
195,100.0
195,100.0
195,100.0
195,100.0
196,100.0
196,100.0
196,100.0
196,100.0
196,100.0
196,100.0
196,100.0
196,17.9
196,17.9
196,17.9
196,17.9
196,17.9
197,17.9
197,100.0
197,100.0
197,100.0
197,100.0
197,100.0
198,100.0
198,100.0
198,100.0
198,100.0
198,100.0
198,100.0
198,100.0
198,100.0
198,93.8
198,93.8
198,93.8
198,93.8
198,93.8
199,93.8
199,0.0
199,0.0
199,0.0
199,0.0
199,0.0
200,0.0
200,91.5
200,91.5
200,91.5
200,91.5
200,91.5
200,91.5
200,91.5
200,91.5
200,91.5
200,91.5
200,91.5
200,91.5
201,91.5
201,66.7
201,66.7
201,66.7
201,66.7
201,66.7
202,66.7
202,100.0
202,100.0
202,100.0
202,100.0
202,100.0
202,100.0
202,0.0
202,0.0
202,0.0
202,0.0
202,0.0
202,0.0
203,0.0
203,100.0
203,100.0
203,100.0
203,100.0
203,100.0
203,100.0
203,0.0
203,0.0
203,0.0
203,0.0
203,0.0
204,0.0
204,100.0
204,100.0
204,100.0
204,100.0
204,100.0
204,100.0
205,100.0
205,0.0
205,0.0
205,0.0
205,0.0
205,0.0
205,0.0
205,100.0
205,100.0
205,100.0
205,100.0
205,100.0
206,100.0
206,91.8
206,91.8
206,91.8
206,91.8
206,91.8
206,91.8
207,91.8
207,100.0
207,100.0
207,100.0
207,100.0
207,100.0
207,100.0
207,0.0
207,0.0
207,0.0
207,0.0
207,0.0
208,0.0
208,100.0
208,100.0
208,100.0
208,100.0
208,100.0
208,100.0
208,100.0
208,100.0
208,100.0
208,100.0
208,100.0
208,100.0
209,100.0
209,0.0
209,0.0
209,0.0
209,0.0
209,0.0
210,0.0
210,100.0
210,100.0
210,100.0
210,100.0
210,100.0
210,100.0
210,100.0
210,100.0
210,100.0
210,100.0
210,100.0
210,100.0
211,100.0
211,0.0
211,0.0
211,0.0
211,0.0
211,0.0
212,0.0
212,100.0
212,100.0
212,100.0
212,100.0
212,100.0
212,100.0
212,0.0
212,0.0
212,0.0
212,0.0
212,0.0
212,0.0
213,100.0
213,100.0
213,100.0
213,100.0
213,100.0
213,100.0
214,100.0
214,3.0
214,3.0
214,3.0
214,3.0
214,3.0
214,3.0
214,100.0
214,100.0
214,100.0
214,100.0
214,100.0
214,100.0
215,67.2
215,67.2
215,67.2
215,67.2
215,67.2
215,67.2
215,67.2
215,66.7
215,66.7
215,66.7
215,66.7
215,66.7
216,66.7
216,100.0
216,100.0
216,100.0
216,100.0
216,100.0
217,100.0
217,100.0
217,100.0
217,100.0
217,100.0
217,100.0
217,100.0
217,100.0
217,0.0
217,0.0
217,0.0
217,0.0
217,0.0
218,0.0
218,0.0
218,0.0
218,0.0
218,0.0
218,0.0
219,0.0
219,100.0
219,100.0
219,100.0
219,100.0
219,100.0
219,100.0
219,100.0
219,100.0
219,100.0
219,100.0
219,100.0
219,100.0
220,100.0
220,0.0
220,0.0
220,0.0
220,0.0
220,0.0
220,0.0
220,0.0
220,0.0
220,0.0
220,0.0
220,0.0
221,0.0
221,100.0
221,100.0
221,100.0
221,100.0
221,100.0
221,100.0
222,100.0
222,90.6
222,90.6
222,90.6
222,90.6
222,90.6
222,90.6
222,0.0
222,0.0
222,0.0
222,0.0
222,0.0
223,0.0
223,100.0
223,100.0
223,100.0
223,100.0
223,100.0
223,100.0
224,100.0
224,100.0
224,100.0
224,100.0
224,100.0
224,100.0
224,100.0
224,0.0
224,0.0
224,0.0
224,0.0
224,0.0
225,0.0
225,100.0
225,100.0
225,100.0
225,100.0
225,100.0
225,100.0
225,0.0
225,0.0
225,0.0
225,0.0
225,0.0
225,0.0
226,0.0
226,0.0
226,0.0
226,0.0
226,0.0
226,0.0
227,0.0
227,100.0
227,100.0
227,100.0
227,100.0
227,100.0
227,100.0
227,100.0
227,100.0
227,100.0
227,100.0
227,100.0
227,100.0
228,100.0
228,100.0
228,100.0
228,100.0
228,100.0
228,100.0
229,100.0
229,0.0
229,0.0
229,0.0
229,0.0
229,0.0
229,0.0
229,0.0
229,0.0
229,0.0
229,0.0
229,0.0
229,0.0
230,0.0
230,100.0
230,100.0
230,100.0
230,100.0
230,100.0
231,100.0
231,0.5
231,0.5
231,0.5
231,0.5
231,0.5
231,0.5
231,100.0
231,100.0
231,100.0
231,100.0
231,100.0
231,100.0
232,0.0
232,0.0
232,0.0
232,0.0
232,0.0
232,0.0
232,0.0
232,100.0
232,100.0
232,100.0
232,100.0
232,100.0
233,100.0
233,67.7
233,67.7
233,67.7
233,67.7
233,67.7
234,67.7
234,0.0
234,0.0
234,0.0
234,0.0
234,0.0
234,0.0
234,0.0
234,100.0
234,100.0
234,100.0
234,100.0
234,100.0
235,100.0
235,90.2
235,90.2
235,90.2
235,90.2
235,90.2
236,90.2
236,65.1
236,65.1
236,65.1
236,65.1
236,65.1
236,65.1
236,100.0
236,100.0
236,100.0
236,100.0
236,100.0
236,100.0
237,100.0
237,90.2
237,90.2
237,90.2
237,90.2
237,90.2
237,90.2
237,100.0
237,100.0
237,100.0
237,100.0
237,100.0
237,100.0
238,100.0
238,100.0
238,100.0
238,100.0
238,100.0
238,100.0
239,100.0
239,3.0
239,3.0
239,3.0
239,3.0
239,3.0
239,3.0
239,100.0
239,100.0
239,100.0
239,100.0
239,100.0
240,100.0
240,0.0
240,0.0
240,0.0
240,0.0
240,0.0
240,0.0
241,0.0
241,100.0
241,100.0
241,100.0
241,100.0
241,100.0
241,100.0
241,0.0
241,0.0
241,0.0
241,0.0
241,0.0
242,0.0
242,100.0
242,100.0
242,100.0
242,100.0
242,100.0
242,100.0
243,0.0
243,0.0
243,0.0
243,0.0
243,0.0
243,0.0
243,0.0
243,100.0
243,100.0
243,100.0
243,100.0
243,100.0
244,100.0
244,100.0
244,100.0
244,100.0
244,100.0
244,100.0
244,100.0
244,100.0
244,100.0
244,100.0
244,100.0
244,100.0
244,100.0
245,100.0
245,0.0
245,0.0
245,0.0
245,0.0
245,0.0
246,0.0
246,0.0
246,0.0
246,0.0
246,0.0
246,0.0
246,0.0
246,100.0
246,100.0
246,100.0
246,100.0
246,100.0
246,100.0
247,100.0
247,0.0
247,0.0
247,0.0
247,0.0
247,0.0
248,0.0
248,100.0
248,100.0
248,100.0
248,100.0
248,100.0
248,100.0
248,100.0
248,100.0
248,100.0
248,100.0
248,100.0
248,100.0
249,0.0
249,0.0
249,0.0
249,0.0
249,0.0
249,0.0
249,0.0
249,0.0
249,0.0
249,0.0
249,0.0
249,0.0
250,0.0
250,100.0
250,100.0
250,100.0
250,100.0
250,100.0
251,100.0
251,0.0
251,0.0
251,0.0
251,0.0
251,0.0
251,0.0
251,0.0
251,100.0
251,100.0
251,100.0
251,100.0
251,100.0
252,100.0
252,100.0
252,100.0
252,100.0
252,100.0
252,100.0
253,100.0
253,0.0
253,0.0
253,0.0
253,0.0
253,0.0
253,0.0
253,0.0
253,100.0
253,100.0
253,100.0
253,100.0
253,100.0
254,100.0
254,0.0
254,0.0
254,0.0
254,0.0
254,0.0
255,0.0
255,100.0
255,100.0
255,100.0
255,100.0
255,100.0
255,100.0
255,0.0
255,0.0
255,0.0
255,0.0
255,0.0
255,0.0
256,0.0
256,100.0
256,100.0
256,100.0
256,100.0
256,100.0
256,100.0
256,0.0
256,0.0
256,0.0
256,0.0
256,0.0
257,0.0
257,0.0
257,0.0
257,0.0
257,0.0
257,0.0
257,0.0
258,0.0
258,89.0
258,89.0
258,89.0
258,89.0
258,89.0
258,89.0
258,100.0
258,100.0
258,100.0
258,100.0
258,100.0
259,100.0
259,89.8
259,89.8
259,89.8
259,89.8
259,89.8
259,89.8
260,64.5
260,64.5
260,64.5
260,64.5
260,64.5
260,64.5
260,64.5
260,0.0
260,0.0
260,0.0
260,0.0
260,0.0
261,0.0
261,100.0
261,100.0
261,100.0
261,100.0
261,100.0
261,100.0
261,0.0
261,0.0
261,0.0
261,0.0
261,0.0
261,0.0
262,0.0
262,100.0
262,100.0
262,100.0
262,100.0
262,100.0
263,100.0
263,100.0
263,100.0
263,100.0
263,100.0
263,100.0
263,100.0
263,100.0
263,100.0
263,100.0
263,100.0
263,100.0
263,100.0
264,100.0
264,0.0
264,0.0
264,0.0
264,0.0
264,0.0
265,0.0
265,62.7
265,62.7
265,62.7
265,62.7
265,62.7
265,62.7
265,100.0
265,100.0
265,100.0
265,100.0
265,100.0
265,100.0
266,100.0
266,100.0
266,100.0
266,100.0
266,100.0
266,100.0
267,100.0
267,0.0
267,0.0
267,0.0
267,0.0
267,0.0
267,0.0
267,0.0
267,0.0
267,0.0
267,0.0
267,0.0
268,0.0
268,100.0
268,100.0
268,100.0
268,100.0
268,100.0
268,100.0
268,100.0
268,0.0
268,0.0
268,0.0
268,0.0
268,0.0
269,0.0
269,88.6
269,88.6
269,88.6
269,88.6
269,88.6
270,88.6
270,100.0
270,100.0
270,100.0
270,100.0
270,100.0
270,100.0
270,100.0
270,100.0
270,100.0
270,100.0
270,100.0
270,100.0
271,100.0
271,0.0
271,0.0
271,0.0
271,0.0
271,0.0
272,0.0
272,100.0
272,100.0
272,100.0
272,100.0
272,100.0
272,100.0
272,0.0
272,0.0
272,0.0
272,0.0
272,0.0
272,0.0
273,0.0
273,100.0
273,100.0
273,100.0
273,100.0
273,100.0
273,100.0
273,100.0
273,100.0
273,100.0
273,100.0
273,100.0
274,100.0
274,0.0
274,0.0
274,0.0
274,0.0
274,0.0
274,0.0
275,0.0
275,100.0
275,100.0
275,100.0
275,100.0
275,100.0
275,100.0
275,0.0
275,0.0
275,0.0
275,0.0
275,0.0
276,0.0
276,100.0
276,100.0
276,100.0
276,100.0
276,100.0
276,100.0
277,100.0
277,0.0
277,0.0
277,0.0
277,0.0
277,0.0
277,0.0
277,100.0
277,100.0
277,100.0
277,100.0
277,100.0
278,100.0
278,0.0
278,0.0
278,0.0
278,0.0
278,0.0
278,0.0
279,100.0
279,100.0
279,100.0
279,100.0
279,100.0
279,100.0
279,100.0
279,100.0
279,100.0
279,100.0
279,100.0
279,100.0
280,100.0
280,100.0
280,100.0
280,100.0
280,100.0
280,100.0
280,100.0
280,0.0
280,0.0
280,0.0
280,0.0
280,0.0
280,0.0
281,0.0
281,100.0
281,100.0
281,100.0
281,100.0
281,100.0
282,100.0
282,0.0
282,0.0
282,0.0
282,0.0
282,0.0
282,0.0
282,100.0
282,100.0
282,100.0
282,100.0
282,100.0
282,100.0
283,89.0
283,89.0
283,89.0
283,89.0
283,89.0
283,89.0
284,89.0
284,0.0
284,0.0
284,0.0
284,0.0
284,0.0
284,0.0
284,61.5
284,61.5
284,61.5
284,61.5
284,61.5
285,61.5
285,87.4
285,87.4
285,87.4
285,87.4
285,87.4
285,87.4
285,87.4
285,100.0
285,100.0
285,100.0
285,100.0
285,100.0
286,100.0
286,0.0
286,0.0
286,0.0
286,0.0
286,0.0
287,0.0
287,100.0
287,100.0
287,100.0
287,100.0
287,100.0
287,100.0
287,100.0
287,100.0
287,100.0
287,100.0
287,100.0
287,100.0
288,100.0
288,0.0
288,0.0
288,0.0
288,0.0
288,0.0
289,0.0
289,88.2
289,88.2
289,88.2
289,88.2
289,88.2
289,88.2
289,100.0
289,100.0
289,100.0
289,100.0
289,100.0
289,100.0
290,100.0
290,100.0
290,100.0
290,100.0
290,100.0
290,100.0
290,100.0
290,89.0
290,89.0
290,89.0
290,89.0
290,89.0
291,89.0
291,100.0
291,100.0
291,100.0
291,100.0
291,100.0
291,100.0
292,100.0
292,63.9
292,63.9
292,63.9
292,63.9
292,63.9
292,63.9
292,89.0
292,89.0
292,89.0
292,89.0
292,89.0
293,89.0
293,0.0
293,0.0
293,0.0
293,0.0
293,0.0
293,0.0
294,0.0
294,100.0
294,100.0
294,100.0
294,100.0
294,100.0
294,100.0
294,0.0
294,0.0
294,0.0
294,0.0
294,0.0
295,0.0
295,100.0
295,100.0
295,100.0
295,100.0
295,100.0
295,100.0
296,89.8
296,89.8
296,89.8
296,89.8
296,89.8
296,89.8
296,89.8
296,89.8
296,89.8
296,89.8
296,89.8
296,89.8
297,89.8
297,100.0
297,100.0
297,100.0
297,100.0
297,100.0
297,100.0
297,65.1
297,65.1
297,65.1
297,65.1
297,65.1
297,65.1
298,65.1
298,100.0
298,100.0
298,100.0
298,100.0
298,100.0
299,100.0
299,3.0
299,3.0
299,3.0
299,3.0
299,3.0
299,3.0
299,0.0
299,0.0
299,0.0
299,0.0
299,0.0
299,0.0
300,100.0
300,100.0
300,100.0
300,100.0
300,100.0
300,100.0
301,100.0
301,100.0
301,100.0
301,100.0
301,100.0
301,100.0
301,100.0
301,0.0
301,0.0
301,0.0
301,0.0
301,0.0
302,0.0
302,100.0
302,100.0
302,100.0
302,100.0
302,100.0
302,100.0
302,100.0
302,0.0
302,0.0
302,0.0
302,0.0
302,0.0
303,0.0
303,0.0
303,0.0
303,0.0
303,0.0
303,0.0
304,0.0
304,100.0
304,100.0
304,100.0
304,100.0
304,100.0
304,100.0
304,100.0
304,100.0
304,100.0
304,100.0
304,100.0
304,100.0
305,100.0
305,0.0
305,0.0
305,0.0
305,0.0
305,0.0
306,0.0
306,100.0
306,100.0
306,100.0
306,100.0
306,100.0
306,100.0
306,100.0
306,100.0
306,100.0
306,100.0
306,100.0
306,100.0
307,100.0
307,0.0
307,0.0
307,0.0
307,0.0
307,0.0
308,0.0
308,100.0
308,100.0
308,100.0
308,100.0
308,100.0
308,100.0
308,0.0
308,0.0
308,0.0
308,0.0
308,0.0
308,0.0
309,0.0
309,100.0
309,100.0
309,100.0
309,100.0
309,100.0
309,100.0
309,91.0
309,91.0
309,91.0
309,91.0
309,91.0
310,91.0
310,100.0
310,100.0
310,100.0
310,100.0
310,100.0
310,100.0
311,100.0
311,0.0
311,0.0
311,0.0
311,0.0
311,0.0
311,0.0
311,65.1
311,65.1
311,65.1
311,65.1
311,65.1
312,65.1
312,0.0
312,0.0
312,0.0
312,0.0
312,0.0
312,0.0
313,100.0
313,100.0
313,100.0
313,100.0
313,100.0
313,100.0
313,100.0
313,67.7
313,67.7
313,67.7
313,67.7
313,67.7
314,67.7
314,67.2
314,67.2
314,67.2
314,67.2
314,67.2
314,67.2
314,3.0
314,3.0
314,3.0
314,3.0
314,3.0
314,3.0
315,3.0
315,0.0
315,0.0
315,0.0
315,0.0
315,0.0
316,0.0
316,0.0
316,0.0
316,0.0
316,0.0
316,0.0
316,0.0
316,100.0
316,100.0
316,100.0
316,100.0
316,100.0
316,100.0
317,0.0
317,0.0
317,0.0
317,0.0
317,0.0
317,0.0
318,0.0
318,100.0
318,100.0
318,100.0
318,100.0
318,100.0
318,100.0
318,0.0
318,0.0
318,0.0
318,0.0
318,0.0
319,0.0
319,0.0
319,0.0
319,0.0
319,0.0
319,0.0
319,0.0
320,0.0
320,0.0
320,0.0
320,0.0
320,0.0
320,0.0
320,0.0
320,100.0
320,100.0
320,100.0
320,100.0
320,100.0
321,100.0
321,100.0
321,100.0
321,100.0
321,100.0
321,100.0
321,100.0
321,100.0
321,0.0
321,0.0
321,0.0
321,0.0
321,0.0
322,0.0
322,100.0
322,100.0
322,100.0
322,100.0
322,100.0
323,100.0
323,0.0
323,0.0
323,0.0
323,0.0
323,0.0
323,0.0
323,0.0
323,0.0
323,0.0
323,0.0
323,0.0
323,0.0
324,0.0
324,100.0
324,100.0
324,100.0
324,100.0
324,100.0
325,100.0
325,0.0
325,0.0
325,0.0
325,0.0
325,0.0
325,0.0
325,100.0
325,100.0
325,100.0
325,100.0
325,100.0
325,100.0
326,100.0
326,87.8
326,87.8
326,87.8
326,87.8
326,87.8
326,87.8
326,0.0
326,0.0
326,0.0
326,0.0
326,0.0
327,0.0
327,100.0
327,100.0
327,100.0
327,100.0
327,100.0
327,100.0
328,100.0
328,0.0
328,0.0
328,0.0
328,0.0
328,0.0
328,0.0
328,100.0
328,100.0
328,100.0
328,100.0
328,100.0
329,100.0
329,0.0
329,0.0
329,0.0
329,0.0
329,0.0
329,0.0
330,85.7
330,85.7
330,85.7
330,85.7
330,85.7
330,85.7
330,85.7
330,85.7
330,85.7
330,85.7
330,85.7
330,85.7
331,85.7
331,58.6
331,58.6
331,58.6
331,58.6
331,58.6
332,58.6
332,100.0
332,100.0
332,100.0
332,100.0
332,100.0
332,100.0
332,100.0
332,58.6
332,58.6
332,58.6
332,58.6
332,58.6
333,58.6
333,100.0
333,100.0
333,100.0
333,100.0
333,100.0
333,100.0
333,100.0
333,100.0
333,100.0
333,100.0
333,100.0
333,100.0
334,87.0
334,87.0
334,87.0
334,87.0
334,87.0
334,87.0
335,87.0
335,0.0
335,0.0
335,0.0
335,0.0
335,0.0
335,0.0
335,100.0
335,100.0
335,100.0
335,100.0
335,100.0
335,100.0
336,0.0
336,0.0
336,0.0
336,0.0
336,0.0
336,0.0
337,0.0
337,100.0
337,100.0
337,100.0
337,100.0
337,100.0
337,100.0
337,0.0
337,0.0
337,0.0
337,0.0
337,0.0
338,0.0
338,100.0
338,100.0
338,100.0
338,100.0
338,100.0
338,100.0
338,100.0
338,0.0
338,0.0
338,0.0
338,0.0
338,0.0
339,0.0
339,58.0
339,58.0
339,58.0
339,58.0
339,58.0
340,58.0
340,84.9
340,84.9
340,84.9
340,84.9
340,84.9
340,84.9
340,0.0
340,0.0
340,0.0
340,0.0
340,0.0
340,0.0
341,0.0
341,100.0
341,100.0
341,100.0
341,100.0
341,100.0
342,100.0
342,0.0
342,0.0
342,0.0
342,0.0
342,0.0
342,0.0
342,83.0
342,83.0
342,83.0
342,83.0
342,83.0
342,83.0
343,83.0
343,0.0
343,0.0
343,0.0
343,0.0
343,0.0
344,0.0
344,100.0
344,100.0
344,100.0
344,100.0
344,100.0
344,100.0
344,0.0
344,0.0
344,0.0
344,0.0
344,0.0
344,0.0
345,0.0
345,100.0
345,100.0
345,100.0
345,100.0
345,100.0
345,100.0
345,0.0
345,0.0
345,0.0
345,0.0
345,0.0
346,0.0
346,100.0
346,100.0
346,100.0
346,100.0
346,100.0
346,100.0
347,0.0
347,0.0
347,0.0
347,0.0
347,0.0
347,0.0
347,0.0
347,0.0
347,0.0
347,0.0
347,0.0
347,0.0
348,0.0
348,0.0
348,0.0
348,0.0
348,0.0
348,0.0
349,0.0
349,76.5
349,76.5
349,76.5
349,76.5
349,76.5
349,76.5
349,76.5
349,0.0
349,0.0
349,0.0
349,0.0
349,0.0
350,0.0
350,98.4
350,98.4
350,98.4
350,98.4
350,98.4
350,98.4
350,0.0
350,0.0
350,0.0
350,0.0
350,0.0
350,0.0
351,0.0
351,0.0
351,0.0
351,0.0
351,0.0
351,0.0
352,0.0
352,94.9
352,94.9
352,94.9
352,94.9
352,94.9
352,94.9
352,0.0
352,0.0
352,0.0
352,0.0
352,0.0
352,0.0
353,68.6
353,68.6
353,68.6
353,68.6
353,68.6
353,68.6
354,68.6
354,0.0
354,0.0
354,0.0
354,0.0
354,0.0
354,0.0
354,88.5
354,88.5
354,88.5
354,88.5
354,88.5
355,88.5
355,0.0
355,0.0
355,0.0
355,0.0
355,0.0
355,0.0
355,0.0
355,100.0
355,100.0
355,100.0
355,100.0
355,100.0
356,100.0
356,0.0
356,0.0
356,0.0
356,0.0
356,0.0
357,0.0
357,51.1
357,51.1
357,51.1
357,51.1
357,51.1
357,51.1
357,0.0
357,0.0
357,0.0
357,0.0
357,0.0
357,0.0
358,0.0
358,0.0
358,0.0
358,0.0
358,0.0
358,0.0
359,0.0
359,0.0
359,0.0
359,0.0
359,0.0
359,0.0
359,0.0
359,0.0
359,0.0
359,0.0
359,0.0
359,0.0
359,0.0
360,0.0
360,0.0
360,0.0
360,0.0
360,0.0
360,0.0
361,0.0
361,0.0
361,0.0
361,0.0
361,0.0
361,0.0
361,0.0
361,0.0
361,0.0
361,0.0
361,0.0
361,0.0
361,0.0
362,0.0
362,0.0
362,0.0
362,0.0
362,0.0
362,0.0
362,0.0
362,0.0
362,0.0
362,0.0
362,0.0
362,0.0
363,0.0
363,0.0
363,0.0
363,0.0
363,0.0
363,0.0
363,0.0
364,0.0
364,0.0
364,0.0
364,0.0
364,0.0
364,0.0
364,0.0
364,0.0
364,0.0
364,0.0
364,0.0
364,0.0
365,0.0
365,0.0
365,0.0
365,0.0
365,0.0
365,0.0
366,0.0
366,0.0
366,0.0
366,0.0
366,0.0
366,0.0
366,0.0
366,0.0
366,0.0
366,0.0
366,0.0
366,0.0
366,0.0
367,0.0
367,0.0
367,0.0
367,0.0
367,0.0
367,0.0
367,0.0
367,0.0
367,0.0
367,0.0
367,0.0
367,0.0
367,0.0
368,0.0
368,0.0
368,0.0
368,0.0
368,0.0
368,0.0
369,0.0
369,0.0
369,0.0
369,0.0
369,0.0
369,0.0
369,0.0
369,0.0
369,0.0
369,0.0
369,0.0
369,0.0
369,0.0
370,0.0
370,0.0
370,0.0
370,0.0
370,0.0
370,0.0
371,0.0
371,0.0
371,0.0
371,0.0
371,0.0
371,0.0
371,0.0
371,0.0
371,0.0
371,0.0
371,0.0
371,0.0
372,0.0
372,0.0
372,0.0
372,0.0
372,0.0
372,0.0
372,0.0
373,0.0
373,0.0
373,0.0
373,0.0
373,0.0
373,0.0
373,0.0
373,0.0
373,0.0
373,0.0
373,0.0
373,0.0
374,0.0
374,0.0
374,0.0
374,0.0
374,0.0
374,0.0
374,0.0
374,0.0
374,0.0
374,0.0
374,0.0
374,0.0
374,0.0
375,0.0
375,0.0
375,0.0
375,0.0
375,0.0
375,0.0
376,0.0
376,0.0
376,0.0
376,0.0
376,0.0
376,0.0
376,0.0
376,0.0
376,0.0
376,0.0
376,0.0
376,0.0
376,0.0
377,0.0
377,0.0
377,0.0
377,0.0
377,0.0
377,0.0
378,0.0
378,0.0
378,0.0
378,0.0
378,0.0
378,0.0
378,0.0
378,0.0
378,0.0
378,0.0
378,0.0
378,0.0
378,0.0
379,0.0
379,0.0
379,0.0
379,0.0
379,0.0
379,0.0
379,0.0
379,0.0
379,0.0
379,0.0
379,0.0
379,0.0
380,0.0
380,0.0
380,0.0
380,0.0
380,0.0
380,0.0
380,0.0
381,0.0
381,0.0
381,0.0
381,0.0
381,0.0
381,0.0
381,0.0
381,0.0
381,0.0
381,0.0
381,0.0
381,0.0
382,0.0
382,10
382,10
382,10
382,10
382,10
383,10
383,10
383,10
383,10
383,10
383,10
383,10
383,10
383,10
383,10
383,10
383,10
383,10
384,10
384,10
384,10
384,10
384,10
384,10
385,10
385,10
385,10
385,10
385,10
385,10
385,10
385,10
385,10
385,10
385,10
385,10
385,10
386,10
386,10
386,10
386,10
386,10
386,10
386,10
386,10
386,10
386,10
386,10
386,10
386,10
387,10
387,10
387,10
387,10
387,10
387,10
388,10
388,10
388,10
388,10
388,10
388,10
388,10
388,10
388,10
388,10
388,10
388,10
389,10
389,10
389,10
389,10
389,10
389,10
389,10
390,10
390,10
390,10
390,10
390,10
390,10
390,10
390,10
390,10
390,10
390,10
390,10
391,10
391,10
391,10
391,10
391,10
391,10
391,10
391,10
391,10
391,10
391,10
391,10
391,10
392,10
392,10
392,10
392,10
392,10
392,10
393,10
393,10
393,10
393,10
393,10
393,10
393,10
393,10
393,10
393,10
393,10
393,10
393,10
394,10
394,10
394,10
394,10
394,10
394,10
395,10
395,10
395,10
395,10
395,10
395,10
395,10
395,10
395,10
395,10
395,10
395,10
395,10
396,10
396,10
396,10
396,10
396,10
396,10
397,10
397,10
397,10
397,10
397,10
397,10
397,10
397,10
397,10
397,10
397,10
397,10
397,10
398,10
398,10
398,10
398,10
398,10
398,10
398,10
398,10
398,10
398,10
398,10
398,10
399,10
399,10
399,10
399,10
399,10
399,10
400,10
400,10
400,10
400,10
400,10
400,10
400,10
400,10
400,10
400,10
400,10
400,10
400,10
401,10
401,10
401,10
401,10
401,10
401,10
402,10
402,10
402,10
402,10
402,10
402,10
402,10
402,10
402,10
402,10
402,10
402,10
402,10
403,10
403,10
403,10
403,10
403,10
403,10
403,10
403,10
403,10
403,10
403,10
403,10
403,10
404,10
404,10
404,10
404,10
404,10
404,10
405,10
405,10
405,10
405,10
405,10
405,10
405,10
405,10
405,10
405,10
405,10
405,10
406,10
406,10
406,10
406,10
406,10
406,10
406,10
407,10
407,10
407,10
407,10
407,10
407,10
407,10
407,10
407,10
407,10
407,10
407,10
408,10
408,10
408,10
408,10
408,10
408,10
408,10
408,10
408,10
408,10
408,10
408,10
408,10
409,10
409,10
409,10
409,10
409,10
409,10
410,10
410,10
410,10
410,10
410,10
410,10
410,10
410,10
410,10
410,10
410,10
410,10
410,10
411,10
411,10
411,10
411,10
411,10
411,10
412,10
412,10
412,10
412,10
412,10
412,10
412,10
412,10
412,10
412,10
412,10
412,10
412,10
413,10
413,10
413,10
413,10
413,10
413,10
414,10
414,10
414,10
414,10
414,10
414,10
414,10
414,10
414,10
414,10
414,10
414,10
414,10
415,10
415,10
415,10
415,10
415,10
415,10
415,10
415,10
415,10
415,10
415,10
415,10
416,10
416,10
416,10
416,10
416,10
416,10
417,10
417,10
417,10
417,10
417,10
417,10
417,10
417,10
417,10
417,10
417,10
417,10
417,10
418,10
418,10
418,10
418,10
418,10
418,10
419,10
419,10
419,10
419,10
419,10
419,10
419,10
419,10
419,10
419,10
419,10
419,10
419,10
420,10
420,10
420,10
420,10
420,10
420,10
420,10
420,10
420,10
420,10
420,10
420,10
420,10
421,10
421,10
421,10
421,10
421,10
421,10
422,10
422,10
422,10
422,10
422,10
422,10
422,10
422,10
422,10
422,10
422,10
422,10
423,10
423,10
423,10
423,10
423,10
423,10
423,10
424,10
424,10
424,10
424,10
424,10
424,10
424,10
424,10
424,10
424,10
424,10
424,10
425,10
425,10
425,10
425,10
425,10
425,10
425,10
426,10
426,10
426,10
426,10
426,10
426,10
426,10
426,10
426,10
426,10
426,10
426,10
427,10
427,10
427,10
427,10
427,10
427,10
427,10
427,10
427,10
427,10
427,10
427,10
427,10
428,10
428,10
428,10
428,10
428,10
428,10
429,10
429,10
429,10
429,10
429,10
429,10
429,10
429,10
429,10
429,10
429,10
429,10
429,10
430,10
430,10
430,10
430,10
430,10
430,10
431,10
431,10
431,10
431,10
431,10
431,10
431,10
431,10
431,10
431,10
431,10
431,10
431,10
432,10
432,10
432,10
432,10
432,10
432,10
432,10
432,10
432,10
432,10
432,10
432,10
433,10
433,10
433,10
433,10
433,10
433,10
434,10
434,10
434,10
434,10
434,10
434,10
434,10
434,10
434,10
434,10
434,10
434,10
434,10
435,10
435,10
435,10
435,10
435,10
435,10
436,10
436,10
436,10
436,10
436,10
436,10
436,10
436,10
436,10
436,10
436,10
436,10
436,10
437,10
437,10
437,10
437,10
437,10
437,10
438,10
438,10
438,10
438,10
438,10
438,10
438,10
438,10
438,10
438,10
438,10
438,10
438,10
439,10
439,10
439,10
439,10
439,10
439,10
439,10
439,10
439,10
439,10
439,10
439,10
440,10
440,10
440,10
440,10
440,10
440,10
440,10
441,10
441,10
441,10
441,10
441,10
441,10
441,10
441,10
441,10
441,10
441,10
441,10
442,10
442,10
442,10
442,10
442,10
442,10
442,10
443,10
443,10
443,10
443,10
443,10
443,10
443,10
443,10
443,10
443,10
443,10
443,10
444,10
444,10
444,10
444,10
444,10
444,10
444,10
444,10
444,10
444,10
444,10
444,10
444,10
445,10
445,10
445,10
445,10
445,10
445,10
446,10
446,10
446,10
446,10
446,10
446,10
446,10
446,10
446,10
446,10
446,10
446,10
446,10
447,10
447,10
447,10
447,10
447,10
447,10
448,10
448,10
448,10
448,10
448,10
448,10
448,10
448,10
448,10
448,10
448,10
448,10
448,10
449,10
449,10
449,10
449,10
449,10
449,10
450,10
450,10
450,10
450,10
450,10
450,10
450,10
450,10
450,10
450,10
450,10
450,10
451,10
451,10
451,10
451,10
451,10
451,10
451,10
451,10
451,10
451,10
451,10
451,10
451,10
452,10
452,10
452,10
452,10
452,10
452,10
453,10
453,10
453,10
453,10
453,10
453,10
453,10
453,10
453,10
453,10
453,10
453,10
453,10
454,10
454,10
454,10
454,10
454,10
454,10
455,10
455,10
455,10
455,10
455,10
455,10
455,10
455,10
455,10
455,10
455,10
455,10
455,10
456,10
456,10
456,10
456,10
456,10
456,10
456,10
456,10
456,10
456,10
456,10
456,10
457,10
457,10
457,10
457,10
457,10
457,10
457,10
458,10
458,10
458,10
458,10
458,10
458,10
458,10
458,10
458,10
458,10
458,10
458,10
459,10
459,10
459,10
459,10
459,10
459,10
459,10
460,10
460,10
460,10
460,10
460,10
460,10
460,10
460,10
460,10
460,10
460,10
460,10
461,10
461,10
461,10
461,10
461,10
461,10
461,10
461,10
461,10
461,10
461,10
461,10
461,10
462,10
462,10
462,10
462,10
462,10
462,10
463,10
463,10
463,10
463,10
463,10
463,10
463,10
463,10
463,10
463,10
463,10
463,10
463,10
464,10
464,10
464,10
464,10
464,10
464,10
465,10
465,10
465,10
465,10
465,10
465,10
465,10
465,10
465,10
465,10
465,10
465,10
465,10
466,10
466,10
466,10
466,10
466,10
466,10
467,10
467,10
467,10
467,10
467,10
467,10
467,10
467,10
467,10
467,10
467,10
467,10
468,10
468,10
468,10
468,10
468,10
468,10
468,10
468,10
468,10
468,10
468,10
468,10
468,10
469,10
469,10
469,10
469,10
469,10
469,10
470,10
470,10
470,10
470,10
470,10
470,10
470,10
470,10
470,10
470,10
470,10
470,10
470,10
471,10
471,10
471,10
471,10
471,10
471,10
472,10
472,10
472,10
472,10
472,10
472,10
472,10
472,10
472,10
472,10
472,10
472,10
472,10
473,10
473,10
473,10
473,10
473,10
473,10
473,10
473,10
473,10
473,10
473,10
473,10
474,10
474,10
474,10
474,10
474,10
474,10
474,10
475,10
475,10
475,10
475,10
475,10
475,10
475,10
475,10
475,10
475,10
475,10
475,10
476,10
476,10
476,10
476,10
476,10
476,10
476,10
477,10
477,10
477,10
477,10
477,10
477,10
477,10
477,10
477,10
477,10
477,10
477,10
478,10
478,10
478,10
478,10
478,10
478,10
479,10
479,10
479,10
479,10
479,10
479,10
479,10
479,10
479,10
479,10
479,10
479,10
479,10
480,10
480,10
480,10
480,10
480,10
480,10
480,10
480,10
480,10
480,10
480,10
480,10
480,10
481,10
481,10
481,10
481,10
481,10
481,10
482,10
482,10
482,10
482,10
482,10
482,10
482,10
482,10
482,10
482,10
482,10
482,10
482,10
483,10
483,10
483,10
483,10
483,10
483,10
484,10
484,10
484,10
484,10
484,10
484,10
484,10
484,10
484,10
484,10
484,10
484,10
485,10
485,10
485,10
485,10
485,10
485,10
485,10
485,10
485,10
485,10
485,10
485,10
485,10
486,10
486,10
486,10
486,10
486,10
486,10
487,10
487,10
487,10
487,10
487,10
487,10
487,10
487,10
487,10
487,10
487,10
487,10
487,10
488,10
488,10
488,10
488,10
488,10
488,10
489,10
489,10
489,10
489,10
489,10
489,10
489,10
489,10
489,10
489,10
489,10
489,10
489,10
490,10
490,10
490,10
490,10
490,10
490,10
491,10
491,10
491,10
491,10
491,10
491,10
491,10
491,10
491,10
491,10
491,10
491,10
491,10
492,10
492,10
492,10
492,10
492,10
492,10
492,10
492,10
492,10
492,10
492,10
492,10
493,10
493,10
493,10
493,10
493,10
493,10
493,10
494,10
494,10
494,10
494,10
494,10
494,10
494,10
494,10
494,10
494,10
494,10
494,10
495,10
495,10
495,10
495,10
495,10
495,10
495,10
496,10
496,10
496,10
496,10
496,10
496,10
496,10
496,10
496,10
496,10
496,10
496,10
497,10
497,10
497,10
497,10
497,10
497,10
497,10
497,10
497,10
497,10
497,10
497,10
497,10
498,10
498,10
498,10
498,10
498,10
498,10
499,10
499,10
499,10
499,10
499,10
499,10
499,10
499,10
499,10
499,10
499,10
499,10
499,10
500,10
500,10
500,10
500,10
500,10
500,10
501,10
501,10
501,10
501,10
501,10
501,10
501,10
501,10
501,10
501,10
501,10
501,10
502,10
502,10
502,10
502,10
502,10
502,10
502,10
503,10
503,10
503,10
503,10
503,10
503,10
503,10
503,10
503,10
503,10
503,10
503,10
504,10
504,10
504,10
504,10
504,10
504,10
504,10
504,10
504,10
504,10
504,10
504,10
504,10
505,10
505,10
505,10
505,10
505,10
505,10
506,10
506,10
506,10
506,10
506,10
506,10
506,10
506,10
506,10
506,10
506,10
506,10
506,10
507,10
507,10
507,10
507,10
507,10
507,10
508,10
508,10
508,10
508,10
508,10
508,10
508,10
508,10
508,10
508,10
508,10
508,10
508,10
509,10
509,10
509,10
509,10
509,10
509,10
509,10
509,10
509,10
509,10
509,10
509,10
510,10
510,10
510,10
510,10
510,10
510,10
510,10
511,10
511,10
511,10
511,10
511,10
511,10
511,10
511,10
511,10
511,10
511,10
511,10
512,10
512,10
512,10
512,10
512,10
512,10
512,10
513,10
513,10
513,10
513,10
513,10
513,10
513,10
513,10
513,10
513,10
513,10
513,10
514,10
514,10
514,10
514,10
514,10
514,10
515,10
515,10
515,10
515,10
515,10
515,10
515,10
515,10
515,10
515,10
515,10
515,10
515,10
516,10
516,10
516,10
516,10
516,10
516,10
516,10
516,10
516,10
516,10
516,10
516,10
516,10
517,10
517,10
517,10
517,10
517,10
517,10
518,10
518,10
518,10
518,10
518,10
518,10
518,10
518,10
518,10
518,10
518,10
518,10
518,10
519,10
519,10
519,10
519,10
519,10
519,10
520,10
520,10
520,10
520,10
520,10
520,10
520,10
520,10
520,10
520,10
520,10
520,10
521,10
521,10
521,10
521,10
521,10
521,10
521,10
521,10
521,10
521,10
521,10
521,10
521,10
522,10
522,10
522,10
522,10
522,10
522,10
523,10
523,10
523,10
523,10
523,10
523,10
523,10
523,10
523,10
523,10
523,10
523,10
523,10
524,10
524,10
524,10
524,10
524,10
524,10
525,10
525,10
525,10
525,10
525,10
525,10
525,10
525,10
525,10
525,10
525,10
525,10
525,10
526,10
526,10
526,10
526,10
526,10
526,10
526,10
526,10
526,10
526,10
526,10
526,10
527,10
527,10
527,10
527,10
527,10
527,10
527,10
528,10
528,10
528,10
528,10
528,10
528,10
528,10
528,10
528,10
528,10
528,10
528,10
529,10
529,10
529,10
529,10
529,10
529,10
529,10
530,10
530,10
530,10
530,10
530,10
530,10
530,10
530,10
530,10
530,10
530,10
530,10
531,10
531,10
531,10
531,10
531,10
531,10
532,10
532,10
532,10
532,10
532,10
532,10
532,10
532,10
532,10
532,10
532,10
532,10
532,10
533,10
533,10
533,10
533,10
533,10
533,10
533,10
533,10
533,10
533,10
533,10
533,10
533,10
534,10
534,10
534,10
534,10
534,10
534,10
535,10
535,10
535,10
535,10
535,10
535,10
535,10
535,10
535,10
535,10
535,10
535,10
535,10
536,10
536,10
536,10
536,10
536,10
536,10
537,10
537,10
537,10
537,10
537,10
537,10
537,10
537,10
537,10
537,10
537,10
537,10
538,10
538,10
538,10
538,10
538,10
538,10
538,10
538,10
538,10
538,10
538,10
538,10
538,10
539,10
539,10
539,10
539,10
539,10
539,10
540,10
540,10
540,10
540,10
540,10
540,10
540,10
540,10
540,10
540,10
540,10
540,10
540,10
541,10
541,10
541,10
541,10
541,10
541,10
542,10
542,10
542,10
542,10
542,10
542,10
542,10
542,10
542,10
542,10
542,10
542,10
542,10
543,10
543,10
543,10
543,10
543,10
543,10
544,10
544,10
544,10
544,10
544,10
544,10
544,10
544,10
544,10
544,10
544,10
544,10
544,10
545,10
545,10
545,10
545,10
545,10
545,10
545,10
545,10
545,10
545,10
545,10
545,10
546,10
546,10
546,10
546,10
546,10
546,10
546,10
547,10
547,10
547,10
547,10
547,10
547,10
547,10
547,10
547,10
547,10
547,10
547,10
548,10
548,10
548,10
548,10
548,10
548,10
549,10
549,10
549,10
549,10
549,10
549,10
549,10
549,10
549,10
549,10
549,10
549,10
549,10
550,10
550,10
550,10
550,10
550,10
550,10
550,10
550,10
550,10
550,10
550,10
550,10
550,10
551,10
551,10
551,10
551,10
551,10
551,10
552,10
552,10
552,10
552,10
552,10
552,10
552,10
552,10
552,10
552,10
552,10
552,10
552,10
553,10
553,10
553,10
553,10
553,10
553,10
554,10
554,10
554,10
554,10
554,10
554,10
554,10
554,10
554,10
554,10
554,10
554,10
555,10
555,10
555,10
555,10
555,10
555,10
555,10
556,10
556,10
556,10
556,10
556,10
556,10
556,10
556,10
556,10
556,10
556,10
556,10
557,10
557,10
557,10
557,10
557,10
557,10
557,10
557,10
557,10
557,10
557,10
557,10
557,10
558,10
558,10
558,10
558,10
558,10
558,10
559,10
559,10
559,10
559,10
559,10
559,10
559,10
559,10
559,10
559,10
559,10
559,10
559,10
560,10
560,10
560,10
560,10
560,10
560,10
561,10
561,10
561,10
561,10
561,10
561,10
561,10
561,10
561,10
561,10
561,10
561,10
561,10
562,10
562,10
562,10
562,10
562,10
562,10
562,10
562,10
562,10
562,10
562,10
562,10
563,10
563,10
563,10
563,10
563,10
563,10
563,10
564,10
564,10
564,10
564,10
564,10
564,10
564,10
564,10
564,10
564,10
564,10
564,10
565,10
565,10
565,10
565,10
565,10
565,10
565,10
566,10
566,10
566,10
566,10
566,10
566,10
566,10
566,10
566,10
566,10
566,10
566,10
567,10
567,10
567,10
567,10
567,10
567,10
568,10
568,10
568,10
568,10
568,10
568,10
568,10
568,10
568,10
568,10
568,10
568,10
568,10
569,10
569,10
569,10
569,10
569,10
569,10
569,10
569,10
569,10
569,10
569,10
569,10
569,10
570,10
570,10
570,10
570,10
570,10
570,10
571,10
571,10
571,10
571,10
571,10
571,10
571,10
571,10
571,10
571,10
571,10
571,10
572,10
572,10
572,10
572,10
572,10
572,10
572,10
573,10
573,10
573,10
573,10
573,10
573,10
573,10
573,10
573,10
573,10
573,10
573,10
574,10
574,10
574,10
574,10
574,10
574,10
574,10
574,10
574,10
574,10
574,10
574,10
574,10
575,10
575,10
575,10
575,10
575,10
575,10
576,10
576,10
576,10
576,10
576,10
576,10
576,10
576,10
576,10
576,10
576,10
576,10
576,10
577,10
577,10
577,10
577,10
577,10
577,10
578,10
578,10
578,10
578,10
578,10
578,10
578,10
578,10
578,10
578,10
578,10
578,10
578,10
579,10
579,10
579,10
579,10
579,10
579,10
579,10
579,10
579,10
579,10
579,10
579,10
580,10
580,10
580,10
580,10
580,10
580,10
580,10
581,10
581,10
581,10
581,10
581,10
581,10
581,10
581,10
581,10
581,10
581,10
581,10
582,10
582,10
582,10
582,10
582,10
582,10
582,10
583,10
583,10
583,10
583,10
583,10
583,10
583,10
583,10
583,10
583,10
583,10
583,10
584,10
584,10
584,10
584,10
584,10
584,10
585,10
585,10
585,10
585,10
585,10
585,10
585,10
585,10
585,10
585,10
585,10
585,10
585,10
586,10
586,10
586,10
586,10
586,10
586,10
586,10
586,10
586,10
586,10
586,10
586,10
586,10
587,10
587,10
587,10
587,10
587,10
587,10
588,10
588,10
588,10
588,10
588,10
588,10
588,10
588,10
588,10
588,10
588,10
588,10
588,10
589,10
589,10
589,10
589,10
589,10
589,10
590,10
590,10
590,10
590,10
590,10
590,10
590,10
590,10
590,10
590,10
590,10
590,10
591,10
591,10
591,10
591,10
591,10
591,10
591,10
591,10
591,10
591,10
591,10
591,10
591,10
592,10
592,10
592,10
592,10
592,10
592,10
593,10
593,10
593,10
593,10
593,10
593,10
593,10
593,10
593,10
593,10
593,10
593,10
593,10
594,10
594,10
594,10
594,10
594,10
594,10
595,10
595,10
595,10
595,10
595,10
595,10
595,10
595,10
595,10
595,10
595,10
595,10
595,10
596,10
596,10
596,10
596,10
596,10
596,10
597,10
597,10
597,10
597,10
597,10
597,10
597,10
597,10
597,10
597,10
597,10
597,10
597,10
598,10
598,10
598,10
598,10
598,10
598,10
598,10
598,10
598,10
598,10
598,10
598,10
599,10
599,10
599,10
599,10
599,10
599,10
599,10
600,10
600,10
600,10
600,10
600,10
600,10
600,10
600,10
600,10
600,10
600,10
600,10
601,10
601,10
601,10
601,10
601,10
601,10
602,10
602,10
602,10
602,10
602,10
602,10
602,10
602,10
602,10
602,10
602,10
602,10
602,10
603,10
603,10
603,10
603,10
603,10
603,10
603,10
603,10
603,10
603,10
603,10
603,10
603,10
604,10
604,10
604,10
604,10
604,10
604,10
605,10
605,10
605,10
605,10
605,10
605,10
605,10
605,10
605,10
605,10
605,10
605,10
606,10
606,10
606,10
606,10
606,10
606,10
606,10
607,10
607,10
607,10
607,10
607,10
607,10
607,10
607,10
607,10
607,10
607,10
607,10
608,10
608,10
608,10
608,10
608,10
608,10
608,10
609,10
609,10
609,10
609,10
609,10
609,10
609,10
609,10
609,10
609,10
609,10
609,10
610,10
610,10
610,10
610,10
610,10
610,10
610,10
610,10
610,10
610,10
610,10
610,10
610,10
611,10
611,10
611,10
611,10
611,10
611,10
612,10
612,10
612,10
612,10
612,10
612,10
612,10
612,10
612,10
612,10
612,10
612,10
612,10
613,10
613,10
613,10
613,10
613,10
613,10
614,10
614,10
614,10
614,10
614,10
614,10
614,10
614,10
614,10
614,10
614,10
614,10
614,10
615,10
615,10
615,10
615,10
615,10
615,10
615,10
615,10
615,10
615,10
615,10
615,10
616,10
616,10
616,10
616,10
616,10
616,10
616,10
617,10
617,10
617,10
617,10
617,10
617,10
617,10
617,10
617,10
617,10
617,10
617,10
618,10
618,10
618,10
618,10
618,10
618,10
619,10
619,10
619,10
619,10
619,10
619,10
619,10
619,10
619,10
619,10
619,10
619,10
619,10
620,10
620,10
620,10
620,10
620,10
620,10
621,10
621,10
621,10
621,10
621,10
621,10
621,10
621,10
621,10
621,10
621,10
621,10
621,10
622,10
622,10
622,10
622,10
622,10
622,10
622,10
622,10
622,10
622,10
622,10
622,10
623,10
623,10
623,10
623,10
623,10
623,10
623,10
624,10
624,10
624,10
624,10
624,10
624,10
624,10
624,10
624,10
624,10
624,10
624,10
625,10
625,10
625,10
625,10
625,10
625,10
625,10
626,10
626,10
626,10
626,10
626,10
626,10
626,10
626,10
626,10
626,10
626,10
626,10
627,10
627,10
627,10
627,10
627,10
627,10
627,10
627,10
627,10
627,10
627,10
627,10
627,10
628,10
628,10
628,10
628,10
628,10
628,10
629,10
629,10
629,10
629,10
629,10
629,10
629,10
629,10
629,10
629,10
629,10
629,10
629,10
630,10
630,10
630,10
630,10
630,10
630,10
631,10
631,10
631,10
631,10
631,10
631,10
631,10
631,10
631,10
631,10
631,10
631,10
631,10
632,10
632,10
632,10
632,10
632,10
632,10
633,10
633,10
633,10
633,10
633,10
633,10
633,10
633,10
633,10
633,10
633,10
633,10
633,10
634,10
634,10
634,10
634,10
634,10
634,10
634,10
634,10
634,10
634,10
634,10
634,10
635,10
635,10
635,10
635,10
635,10
635,10
636,10
636,10
636,10
636,10
636,10
636,10
636,10
636,10
636,10
636,10
636,10
636,10
636,10
637,10
637,10
637,10
637,10
637,10
637,10
638,10
638,10
638,10
638,10
638,10
638,10
638,10
638,10
638,10
638,10
638,10
638,10
638,10
639,10
639,10
639,10
639,10
639,10
639,10
639,10
639,10
639,10
639,10
639,10
639,10
639,10
640,10
640,10
640,10
640,10
640,10
640,10
641,10
641,10
641,10
641,10
641,10
641,10
641,10
641,10
641,10
641,10
641,10
641,10
642,10
642,10
642,10
642,10
642,10
642,10
642,10
643,10
643,10
643,10
643,10
643,10
643,10
643,10
643,10
643,10
643,10
643,10
643,10
644,10
644,10
644,10
644,10
644,10
644,10
644,10
644,10
644,10
644,10
644,10
644,10
644,10
645,10
645,10
645,10
645,10
645,10
645,10
646,10
646,10
646,10
646,10
646,10
646,10
646,10
646,10
646,10
646,10
646,10
646,10
646,10
647,10
647,10
647,10
647,10
647,10
647,10
648,10
648,10
648,10
648,10
648,10
648,10
648,10
648,10
648,10
648,10
648,10
648,10
648,10
649,10
649,10
649,10
649,10
649,10
649,10
650,10
650,10
650,10
650,10
650,10
650,10
650,10
650,10
650,10
650,10
650,10
650,10
650,10
651,10
651,10
651,10
651,10
651,10
651,10
651,10
651,10
651,10
651,10
651,10
651,10
652,10
652,10
652,10
652,10
652,10
652,10
653,10
653,10
653,10
653,10
653,10
653,10
653,10
653,10
653,10
653,10
653,10
653,10
653,10
654,10
654,10
654,10
654,10
654,10
654,10
655,10
655,10
655,10
655,10
655,10
655,10
655,10
655,10
655,10
655,10
655,10
655,10
655,10
656,10
656,10
656,10
656,10
656,10
656,10
656,10
656,10
656,10
656,10
656,10
656,10
656,10
657,10
657,10
657,10
657,10
657,10
657,10
658,10
658,10
658,10
658,10
658,10
658,10
658,10
658,10
658,10
658,10
658,10
658,10
659,10
659,10
659,10
659,10
659,10
659,10
659,10
660,10
660,10
660,10
660,10
660,10
660,10
660,10
660,10
660,10
660,10
660,10
660,10
661,10
661,10
661,10
661,10
661,10
661,10
661,10
662,10
662,10
662,10
662,10
662,10
662,10
662,10
662,10
662,10
662,10
662,10
662,10
663,10
663,10
663,10
663,10
663,10
663,10
663,10
663,10
663,10
663,10
663,10
663,10
663,10
664,10
664,10
664,10
664,10
664,10
664,10
665,10
665,10
665,10
665,10
665,10
665,10
665,10
665,10
665,10
665,10
665,10
665,10
665,10
666,10
666,10
666,10
666,10
666,10
666,10
667,10
667,10
667,10
667,10
667,10
667,10
667,10
667,10
667,10
667,10
667,10
667,10
667,10
668,10
668,10
668,10
668,10
668,10
668,10
668,10
668,10
668,10
668,10
668,10
668,10
669,10
669,10
669,10
669,10
669,10
669,10
670,10
670,10
670,10
670,10
670,10
670,10
670,10
670,10
670,10
670,10
670,10
670,10
670,10
671,10
671,10
671,10
671,10
671,10
671,10
672,10
672,10
672,10
672,10
672,10
672,10
672,10
672,10
672,10
672,10
672,10
672,10
672,10
673,10
673,10
673,10
673,10
673,10
673,10
674,10
674,10
674,10
674,10
674,10
674,10
674,10
674,10
674,10
674,10
674,10
674,10
674,10
675,10
675,10
675,10
675,10
675,10
675,10
675,10
675,10
675,10
675,10
675,10
675,10
676,10
676,10
676,10
676,10
676,10
676,10
676,10
677,10
677,10
677,10
677,10
677,10
677,10
677,10
677,10
677,10
677,10
677,10
677,10
678,10
678,10
678,10
678,10
678,10
678,10
678,10
679,10
679,10
679,10
679,10
679,10
679,10
679,10
679,10
679,10
679,10
679,10
679,10
680,10
680,10
680,10
680,10
680,10
680,10
680,10
680,10
680,10
680,10
680,10
680,10
680,10
681,10
681,10
681,10
681,10
681,10
681,10
682,10
682,10
682,10
682,10
682,10
682,10
682,10
682,10
682,10
682,10
682,10
682,10
682,10
683,10
683,10
683,10
683,10
683,10
683,10
684,10
684,10
684,10
684,10
684,10
684,10
684,10
684,10
684,10
684,10
684,10
684,10
685,10
685,10
685,10
685,10
685,10
685,10
685,10
686,10
686,10
686,10
686,10
686,10
686,10
686,10
686,10
686,10
686,10
686,10
686,10
687,10
687,10
687,10
687,10
687,10
687,10
687,10
687,10
687,10
687,10
687,10
687,10
687,10
688,10
688,10
688,10
688,10
688,10
688,10
689,10
689,10
689,10
689,10
689,10
689,10
689,10
689,10
689,10
689,10
689,10
689,10
689,10
690,10
690,10
690,10
690,10
690,10
690,10
691,10
691,10
691,10
691,10
691,10
691,10
691,10
691,10
691,10
691,10
691,10
691,10
691,10
692,10
692,10
692,10
692,10
692,10
692,10
692,10
692,10
692,10
692,10
692,10
692,10
693,10
693,10
693,10
693,10
693,10
693,10
693,10
694,10
694,10
694,10
694,10
694,10
694,10
694,10
694,10
694,10
694,10
694,10
694,10
695,10
695,10
695,10
695,10
695,10
695,10
696,10
696,10
696,10
696,10
696,10
696,10
696,10
696,10
696,10
696,10
696,10
696,10
696,10
697,10
697,10
697,10
697,10
697,10
697,10
698,10
698,10
698,10
698,10
698,10
698,10
698,10
698,10
698,10
698,10
698,10
698,10
698,10
699,10
699,10
699,10
699,10
699,10
699,10
699,10
699,10
699,10
699,10
699,10
699,10
699,10
700,10
700,10
700,10
700,10
700,10
700,10
701,10
701,10
701,10
701,10
701,10
701,10
701,10
701,10
701,10
701,10
701,10
701,10
702,10
702,10
702,10
702,10
702,10
702,10
702,10
703,10
703,10
703,10
703,10
703,10
703,10
703,10
703,10
703,10
703,10
703,10
703,10
704,10
704,10
704,10
704,10
704,10
704,10
704,10
704,10
704,10
704,10
704,10
704,10
704,10
705,10
705,10
705,10
705,10
705,10
705,10
706,10
706,10
706,10
706,10
706,10
706,10
706,10
706,10
706,10
706,10
706,10
706,10
706,10
707,10
707,10
707,10
707,10
707,10
707,10
708,10
708,10
708,10
708,10
708,10
708,10
708,10
708,10
708,10
708,10
708,10
708,10
708,10
709,10
709,10
709,10
709,10
709,10
709,10
709,10
709,10
709,10
709,10
709,10
709,10
710,10
710,10
710,10
710,10
710,10
710,10
710,10
711,10
711,10
711,10
711,10
711,10
711,10
711,10
711,10
711,10
711,10
711,10
711,10
712,10
712,10
712,10
712,10
712,10
712,10
712,10
713,10
713,10
713,10
713,10
713,10
713,10
713,10
713,10
713,10
713,10
713,10
713,10
714,10
714,10
714,10
714,10
714,10
714,10
715,10
715,10
715,10
715,10
715,10
715,10
715,10
715,10
715,10
715,10
715,10
715,10
715,10
716,10
716,10
716,10
716,10
716,10
716,10
716,10
716,10
716,10
716,10
716,10
716,10
716,10
717,10
717,10
717,10
717,10
717,10
717,10
718,10
718,10
718,10
718,10
718,10
718,10
718,10
718,10
718,10
718,10
718,10
718,10
719,10
719,10
719,10
719,10
719,10
719,10
719,10
720,10
720,10
720,10
720,10
720,10
720,10
720,10
720,10
720,10
720,10
720,10
720,10
721,10
721,10
721,10
721,10
721,10
721,10
721,10
721,10
721,10
721,10
721,10
721,10
721,10
722,10
722,10
722,10
722,10
722,10
722,10
723,10
723,10
723,10
723,10
723,10
723,10
723,10
723,10
723,10
723,10
723,10
723,10
723,10
724,10
724,10
724,10
724,10
724,10
724,10
725,10
725,10
725,10
725,10
725,10
725,10
725,10
725,10
725,10
725,10
725,10
725,10
725,10
726,10
726,10
726,10
726,10
726,10
726,10
727,10
727,10
727,10
727,10
727,10
727,10
727,10
727,10
727,10
727,10
727,10
727,10
727,10
728,10
728,10
728,10
728,10
728,10
728,10
728,10
728,10
728,10
728,10
728,10
728,10
729,10
729,10
729,10
729,10
729,10
729,10
730,10
730,10
730,10
730,10
730,10
730,10
730,10
730,10
730,10
730,10
730,10
730,10
730,10
731,10
731,10
731,10
731,10
731,10
731,10
732,10
732,10
732,10
732,10
732,10
732,10
732,10
732,10
732,10
732,10
732,10
732,10
732,10
733,10
733,10
733,10
733,10
733,10
733,10
733,10
733,10
733,10
733,10
733,10
733,10
733,10
734,10
734,10
734,10
734,10
734,10
734,10
735,10
735,10
735,10
735,10
735,10
735,10
735,10
735,10
735,10
735,10
735,10
735,10
736,10
736,10
736,10
736,10
736,10
736,10
736,10
737,10
737,10
737,10
737,10
737,10
737,10
737,10
737,10
737,10
737,10
737,10
737,10
738,10
738,10
738,10
738,10
738,10
738,10
738,10
739,10
739,10
739,10
739,10
739,10
739,10
739,10
739,10
739,10
739,10
739,10
739,10
740,10
740,10
740,10
740,10
740,10
740,10
740,10
740,10
740,10
740,10
740,10
740,10
740,10
741,10
741,10
741,10
741,10
741,10
741,10
742,10
742,10
742,10
742,10
742,10
742,10
742,10
742,10
742,10
742,10
742,10
742,10
742,10
743,10
743,10
743,10
743,10
743,10
743,10
744,10
744,10
744,10
744,10
744,10
744,10
744,10
744,10
744,10
744,10
744,10
744,10
744,10
745,10
745,10
745,10
745,10
745,10
745,10
745,10
745,10
745,10
745,10
745,10
745,10
746,10
746,10
746,10
746,10
746,10
746,10
747,10
747,10
747,10
747,10
747,10
747,10
747,10
747,10
747,10
747,10
747,10
747,10
747,10
748,10
748,10
748,10
748,10
748,10
748,10
749,10
749,10
749,10
749,10
749,10
749,10
749,10
749,10
749,10
749,10
749,10
749,10
749,10
750,10
750,10
750,10
750,10
750,10
750,10
751,10
751,10
751,10
751,10
751,10
751,10
751,10
751,10
751,10
751,10
751,10
751,10
751,10
752,10
752,10
752,10
752,10
752,10
752,10
752,10
752,10
752,10
752,10
752,10
752,10
753,10
753,10
753,10
753,10
753,10
753,10
753,10
754,10
754,10
754,10
754,10
754,10
754,10
754,10
754,10
754,10
754,10
754,10
754,10
755,10
755,10
755,10
755,10
755,10
755,10
755,10
756,10
756,10
756,10
756,10
756,10
756,10
756,10
756,10
756,10
756,10
756,10
756,10
757,10
757,10
757,10
757,10
757,10
757,10
757,10
757,10
757,10
757,10
757,10
757,10
757,10
758,10
758,10
758,10
758,10
758,10
758,10
759,10
759,10
759,10
759,10
759,10
759,10
759,10
759,10
759,10
759,10
759,10
759,10
759,10
760,10
760,10
760,10
760,10
760,10
760,10
761,10
761,10
761,10
761,10
761,10
761,10
761,10
761,10
761,10
761,10
761,10
761,10
761,10
762,10
762,10
762,10
762,10
762,10
762,10
762,10
762,10
762,10
762,10
762,10
762,10
763,10
763,10
763,10
763,10
763,10
763,10
764,10
764,10
764,10
764,10
764,10
764,10
764,10
764,10
764,10
764,10
764,10
764,10
764,10
765,10
765,10
765,10
765,10
765,10
765,10
766,10
766,10
766,10
766,10
766,10
766,10
766,10
766,10
766,10
766,10
766,10
766,10
766,10
767,10
767,10
767,10
767,10
767,10
767,10
768,10
768,10
768,10
768,10
768,10
768,10
768,10
768,10
768,10
768,10
768,10
768,10
768,10
769,10
769,10
769,10
769,10
769,10
769,10
769,10
769,10
769,10
769,10
769,10
769,10
770,10
770,10
770,10
770,10
770,10
770,10
770,10
771,10
771,10
771,10
771,10
771,10
771,10
771,10
771,10
771,10
771,10
771,10
771,10
772,10
772,10
772,10
772,10
772,10
772,10
772,10
773,10
773,10
773,10
773,10
773,10
773,10
773,10
773,10
773,10
773,10
773,10
773,10
774,10
774,10
774,10
774,10
774,10
774,10
774,10
774,10
774,10
774,10
774,10
774,10
774,10
775,10
775,10
775,10
775,10
775,10
775,10
776,10
776,10
776,10
776,10
776,10
776,10
776,10
776,10
776,10
776,10
776,10
776,10
776,10
777,10
777,10
777,10
777,10
777,10
777,10
778,10
778,10
778,10
778,10
778,10
778,10
778,10
778,10
778,10
778,10
778,10
778,10
778,10
779,10
779,10
779,10
779,10
779,10
779,10
780,10
780,10
780,10
780,10
780,10
780,10
780,10
780,10
780,10
780,10
780,10
780,10
781,10
781,10
781,10
781,10
781,10
781,10
781,10
781,10
781,10
781,10
781,10
781,10
781,10
782,10
782,10
782,10
782,10
782,10
782,10
783,10
783,10
783,10
783,10
783,10
783,10
783,10
783,10
783,10
783,10
783,10
783,10
783,10
784,10
784,10
784,10
784,10
784,10
784,10
785,10
785,10
785,10
785,10
785,10
785,10
785,10
785,10
785,10
785,10
785,10
785,10
785,10
786,10
786,10
786,10
786,10
786,10
786,10
786,10
786,10
786,10
786,10
786,10
786,10
787,10
787,10
787,10
787,10
787,10
787,10
787,10
788,10
788,10
788,10
788,10
788,10
788,10
788,10
788,10
788,10
788,10
788,10
788,10
789,10
789,10
789,10
789,10
789,10
789,10
789,10
790,10
790,10
790,10
790,10
790,10
790,10
790,10
790,10
790,10
790,10
790,10
790,10
791,10
791,10
791,10
791,10
791,10
791,10
791,10
792,10
792,10
792,10
792,10
792,10
792,10
792,10
792,10
792,10
792,10
792,10
792,10
793,10
793,10
793,10
793,10
793,10
793,10
793,10
793,10
793,10
793,10
793,10
793,10
793,10
794,10
794,10
794,10
794,10
794,10
794,10
795,10
795,10
795,10
795,10
795,10
795,10
795,10
795,10
795,10
795,10
795,10
795,10
795,10
796,10
796,10
796,10
796,10
796,10
796,10
797,10
797,10
797,10
797,10
797,10
797,10
797,10
797,10
797,10
797,10
797,10
797,10
797,10
798,10
798,10
798,10
798,10
798,10
798,10
798,10
798,10
798,10
798,10
798,10
798,10
799,10
799,100.0
799,100.0
799,100.0
799,100.0
799,100.0
800,100.0
800,49.6
800,49.6
800,49.6
800,49.6
800,49.6
800,49.6
800,49.6
800,100.0
800,100.0
800,100.0
800,100.0
800,100.0
801,100.0
801,100.0
801,100.0
801,100.0
801,100.0
801,100.0
802,100.0
802,100.0
802,100.0
802,100.0
802,100.0
802,100.0
802,100.0
802,100.0
802,100.0
802,100.0
802,100.0
802,100.0
802,100.0
803,100.0
803,100.0
803,100.0
803,100.0
803,100.0
803,100.0
804,100.0
804,100.0
804,100.0
804,100.0
804,100.0
804,100.0
804,100.0
804,100.0
804,100.0
804,100.0
804,100.0
804,100.0
804,100.0
805,100.0
805,100.0
805,100.0
805,100.0
805,100.0
805,100.0
805,100.0
805,100.0
805,100.0
805,100.0
805,100.0
805,100.0
806,100.0
806,100.0
806,100.0
806,100.0
806,100.0
806,100.0
806,100.0
807,100.0
807,100.0
807,100.0
807,100.0
807,100.0
807,100.0
807,100.0
807,100.0
807,100.0
807,100.0
807,100.0
807,100.0
808,100.0
808,100.0
808,100.0
808,100.0
808,100.0
808,100.0
808,100.0
809,100.0
809,100.0
809,100.0
809,100.0
809,100.0
809,100.0
809,100.0
809,100.0
809,100.0
809,100.0
809,100.0
809,100.0
810,100.0
810,100.0
810,100.0
810,100.0
810,100.0
810,100.0
810,100.0
810,100.0
810,100.0
810,100.0
810,100.0
810,100.0
810,100.0
811,100.0
811,100.0
811,100.0
811,100.0
811,100.0
811,100.0
812,100.0
812,100.0
812,100.0
812,100.0
812,100.0
812,100.0
812,100.0
812,100.0
812,100.0
812,100.0
812,100.0
812,100.0
812,100.0
813,100.0
813,100.0
813,100.0
813,100.0
813,100.0
813,100.0
814,100.0
814,100.0
814,100.0
814,100.0
814,100.0
814,100.0
814,100.0
814,100.0
814,100.0
814,100.0
814,100.0
814,100.0
814,100.0
815,100.0
815,100.0
815,100.0
815,100.0
815,100.0
815,100.0
815,100.0
815,100.0
815,100.0
815,100.0
815,100.0
815,100.0
816,100.0
816,100.0
816,100.0
816,100.0
816,100.0
816,100.0
817,100.0
817,0.0
817,0.0
817,0.0
817,0.0
817,0.0
817,0.0
817,0.0
817,0.0
817,0.0
817,0.0
817,0.0
817,0.0
818,0.0
818,0.0
818,0.0
818,0.0
818,0.0
818,0.0
819,0.0
819,100.0
819,100.0
819,100.0
819,100.0
819,100.0
819,100.0
819,54.7
819,54.7
819,54.7
819,54.7
819,54.7
819,54.7
820,54.7
820,53.9
820,53.9
820,53.9
820,53.9
820,53.9
821,53.9
821,100.0
821,100.0
821,100.0
821,100.0
821,100.0
821,100.0
821,100.0
821,100.0
821,100.0
821,100.0
821,100.0
821,100.0
822,100.0
822,100.0
822,100.0
822,100.0
822,100.0
822,100.0
822,100.0
822,100.0
822,100.0
822,100.0
822,100.0
822,100.0
823,100.0
823,89.4
823,89.4
823,89.4
823,89.4
823,89.4
823,89.4
824,0.0
824,0.0
824,0.0
824,0.0
824,0.0
824,0.0
824,0.0
824,100.0
824,100.0
824,100.0
824,100.0
824,100.0
825,100.0
825,0.0
825,0.0
825,0.0
825,0.0
825,0.0
825,0.0
826,0.0
826,0.0
826,0.0
826,0.0
826,0.0
826,0.0
826,0.0
826,100.0
826,100.0
826,100.0
826,100.0
826,100.0
827,100.0
827,100.0
827,100.0
827,100.0
827,100.0
827,100.0
827,100.0
827,0.0
827,0.0
827,0.0
827,0.0
827,0.0
827,0.0
828,0.0
828,100.0
828,100.0
828,100.0
828,100.0
828,100.0
829,100.0
829,0.0
829,0.0
829,0.0
829,0.0
829,0.0
829,0.0
829,0.0
829,0.0
829,0.0
829,0.0
829,0.0
829,0.0
830,0.0
830,100.0
830,100.0
830,100.0
830,100.0
830,100.0
831,100.0
831,0.0
831,0.0
831,0.0
831,0.0
831,0.0
831,0.0
831,100.0
831,100.0
831,100.0
831,100.0
831,100.0
831,100.0
832,100.0
832,100.0
832,100.0
832,100.0
832,100.0
832,100.0
833,100.0
833,88.6
833,88.6
833,88.6
833,88.6
833,88.6
833,88.6
833,62.7
833,62.7
833,62.7
833,62.7
833,62.7
834,62.7
834,88.2
834,88.2
834,88.2
834,88.2
834,88.2
834,88.2
834,88.2
834,0.0
834,0.0
834,0.0
834,0.0
834,0.0
835,0.0
835,100.0
835,100.0
835,100.0
835,100.0
835,100.0
836,100.0
836,0.0
836,0.0
836,0.0
836,0.0
836,0.0
836,0.0
836,100.0
836,100.0
836,100.0
836,100.0
836,100.0
836,100.0
837,100.0
837,63.3
837,63.3
837,63.3
837,63.3
837,63.3
838,63.3
838,0.0
838,0.0
838,0.0
838,0.0
838,0.0
838,0.0
838,100.0
838,100.0
838,100.0
838,100.0
838,100.0
838,100.0
839,100.0
839,100.0
839,100.0
839,100.0
839,100.0
839,100.0
839,100.0
839,0.0
839,0.0
839,0.0
839,0.0
839,0.0
840,0.0
840,61.5
840,61.5
840,61.5
840,61.5
840,61.5
840,61.5
841,61.5
841,0.0
841,0.0
841,0.0
841,0.0
841,0.0
841,0.0
841,100.0
841,100.0
841,100.0
841,100.0
841,100.0
842,100.0
842,0.0
842,0.0
842,0.0
842,0.0
842,0.0
842,0.0
843,100.0
843,100.0
843,100.0
843,100.0
843,100.0
843,100.0
843,100.0
843,100.0
843,100.0
843,100.0
843,100.0
843,100.0
844,100.0
844,100.0
844,100.0
844,100.0
844,100.0
844,100.0
845,100.0
845,0.0
845,0.0
845,0.0
845,0.0
845,0.0
845,0.0
845,0.0
845,100.0
845,100.0
845,100.0
845,100.0
845,100.0
846,100.0
846,88.6
846,88.6
846,88.6
846,88.6
846,88.6
846,88.6
846,100.0
846,100.0
846,100.0
846,100.0
846,100.0
846,100.0
847,100.0
847,0.0
847,0.0
847,0.0
847,0.0
847,0.0
848,0.0
848,100.0
848,100.0
848,100.0
848,100.0
848,100.0
848,100.0
848,0.0
848,0.0
848,0.0
848,0.0
848,0.0
848,0.0
849,100.0
849,100.0
849,100.0
849,100.0
849,100.0
849,100.0
850,100.0
850,0.0
850,0.0
850,0.0
850,0.0
850,0.0
850,0.0
850,100.0
850,100.0
850,100.0
850,100.0
850,100.0
851,100.0
851,62.1
851,62.1
851,62.1
851,62.1
851,62.1
851,62.1
851,62.1
851,100.0
851,100.0
851,100.0
851,100.0
851,100.0
852,100.0
852,0.0
852,0.0
852,0.0
852,0.0
852,0.0
853,0.0
853,100.0
853,100.0
853,100.0
853,100.0
853,100.0
853,100.0
853,60.9
853,60.9
853,60.9
853,60.9
853,60.9
853,60.9
854,60.9
854,87.0
854,87.0
854,87.0
854,87.0
854,87.0
855,87.0
855,100.0
855,100.0
855,100.0
855,100.0
855,100.0
855,100.0
855,100.0
855,100.0
855,100.0
855,100.0
855,100.0
855,100.0
856,100.0
856,0.0
856,0.0
856,0.0
856,0.0
856,0.0
857,0.0
857,100.0
857,100.0
857,100.0
857,100.0
857,100.0
857,100.0
857,90.6
857,90.6
857,90.6
857,90.6
857,90.6
857,90.6
858,90.6
858,0.0
858,0.0
858,0.0
858,0.0
858,0.0
858,0.0
858,100.0
858,100.0
858,100.0
858,100.0
858,100.0
859,100.0
859,0.0
859,0.0
859,0.0
859,0.0
859,0.0
859,0.0
860,100.0
860,100.0
860,100.0
860,100.0
860,100.0
860,100.0
860,100.0
860,100.0
860,100.0
860,100.0
860,100.0
860,100.0
861,100.0
861,0.0
861,0.0
861,0.0
861,0.0
861,0.0
862,0.0
862,100.0
862,100.0
862,100.0
862,100.0
862,100.0
862,100.0
862,100.0
862,62.1
862,62.1
862,62.1
862,62.1
862,62.1
863,62.1
863,61.5
863,61.5
863,61.5
863,61.5
863,61.5
863,61.5
863,100.0
863,100.0
863,100.0
863,100.0
863,100.0
863,100.0
864,100.0
864,100.0
864,100.0
864,100.0
864,100.0
864,100.0
865,100.0
865,0.0
865,0.0
865,0.0
865,0.0
865,0.0
865,0.0
865,0.0
865,0.0
865,0.0
865,0.0
865,0.0
865,0.0
866,63.3
866,63.3
866,63.3
866,63.3
866,63.3
866,63.3
867,63.3
867,0.0
867,0.0
867,0.0
867,0.0
867,0.0
867,0.0
867,100.0
867,100.0
867,100.0
867,100.0
867,100.0
868,100.0
868,100.0
868,100.0
868,100.0
868,100.0
868,100.0
868,100.0
869,100.0
869,89.4
869,89.4
869,89.4
869,89.4
869,89.4
869,89.4
869,89.4
869,89.4
869,89.4
869,89.4
869,89.4
870,89.4
870,0.0
870,0.0
870,0.0
870,0.0
870,0.0
870,0.0
870,87.4
870,87.4
870,87.4
870,87.4
870,87.4
870,87.4
871,87.4
871,100.0
871,100.0
871,100.0
871,100.0
871,100.0
872,100.0
872,100.0
872,100.0
872,100.0
872,100.0
872,100.0
872,100.0
872,0.0
872,0.0
872,0.0
872,0.0
872,0.0
872,0.0
873,0.0
873,100.0
873,100.0
873,100.0
873,100.0
873,100.0
874,100.0
874,65.7
874,65.7
874,65.7
874,65.7
874,65.7
874,65.7
874,0.0
874,0.0
874,0.0
874,0.0
874,0.0
874,0.0
875,0.0
875,0.0
875,0.0
875,0.0
875,0.0
875,0.0
875,0.0
875,100.0
875,100.0
875,100.0
875,100.0
875,100.0
876,100.0
876,63.3
876,63.3
876,63.3
876,63.3
876,63.3
876,63.3
877,0.0
877,0.0
877,0.0
877,0.0
877,0.0
877,0.0
877,0.0
877,100.0
877,100.0
877,100.0
877,100.0
877,100.0
878,100.0
878,100.0
878,100.0
878,100.0
878,100.0
878,100.0
879,100.0
879,0.0
879,0.0
879,0.0
879,0.0
879,0.0
879,0.0
879,0.0
879,0.0
879,0.0
879,0.0
879,0.0
879,0.0
880,0.0
880,61.5
880,61.5
880,61.5
880,61.5
880,61.5
880,61.5
880,100.0
880,100.0
880,100.0
880,100.0
880,100.0
880,100.0
881,89.4
881,89.4
881,89.4
881,89.4
881,89.4
881,89.4
882,89.4
882,100.0
882,100.0
882,100.0
882,100.0
882,100.0
882,100.0
882,0.0
882,0.0
882,0.0
882,0.0
882,0.0
883,0.0
883,100.0
883,100.0
883,100.0
883,100.0
883,100.0
883,100.0
884,100.0
884,100.0
884,100.0
884,100.0
884,100.0
884,100.0
884,100.0
884,0.0
884,0.0
884,0.0
884,0.0
884,0.0
885,0.0
885,100.0
885,100.0
885,100.0
885,100.0
885,100.0
885,100.0
886,0.0
886,0.0
886,0.0
886,0.0
886,0.0
886,0.0
886,0.0
886,62.7
886,62.7
886,62.7
886,62.7
886,62.7
887,62.7
887,100.0
887,100.0
887,100.0
887,100.0
887,100.0
887,100.0
887,100.0
887,100.0
887,100.0
887,100.0
887,100.0
887,100.0
888,100.0
888,0.0
888,0.0
888,0.0
888,0.0
888,0.0
889,0.0
889,100.0
889,100.0
889,100.0
889,100.0
889,100.0
889,100.0
889,100.0
889,100.0
889,100.0
889,100.0
889,100.0
889,100.0
890,100.0
890,0.0
890,0.0
890,0.0
890,0.0
890,0.0
891,0.0
891,100.0
891,100.0
891,100.0
891,100.0
891,100.0
891,100.0
891,0.0
891,0.0
891,0.0
891,0.0
891,0.0
891,0.0
892,100.0
892,100.0
892,100.0
892,100.0
892,100.0
892,100.0
892,100.0
892,100.0
892,100.0
892,100.0
892,100.0
892,100.0
893,100.0
893,0.0
893,0.0
893,0.0
893,0.0
893,0.0
894,0.0
894,100.0
894,100.0
894,100.0
894,100.0
894,100.0
894,100.0
894,100.0
894,0.0
894,0.0
894,0.0
894,0.0
894,0.0
895,0.0
895,0.0
895,0.0
895,0.0
895,0.0
895,0.0
896,0.0
896,0.0
896,0.0
896,0.0
896,0.0
896,0.0
896,0.0
896,0.0
896,100.0
896,100.0
896,100.0
896,100.0
896,100.0
897,100.0
897,0.0
897,0.0
897,0.0
897,0.0
897,0.0
898,0.0
898,100.0
898,100.0
898,100.0
898,100.0
898,100.0
898,100.0
898,0.0
898,0.0
898,0.0
898,0.0
898,0.0
898,0.0
899,0.0
899,100.0
899,100.0
899,100.0
899,100.0
899,100.0
899,100.0
899,100.0
899,100.0
899,100.0
899,100.0
899,100.0
900,100.0
900,100.0
900,100.0
900,100.0
900,100.0
900,100.0
900,100.0
901,100.0
901,0.0
901,0.0
901,0.0
901,0.0
901,0.0
901,0.0
901,100.0
901,100.0
901,100.0
901,100.0
901,100.0
902,100.0
902,100.0
902,100.0
902,100.0
902,100.0
902,100.0
902,100.0
903,65.7
903,65.7
903,65.7
903,65.7
903,65.7
903,65.7
903,65.7
903,90.2
903,90.2
903,90.2
903,90.2
903,90.2
904,90.2
904,0.0
904,0.0
904,0.0
904,0.0
904,0.0
904,0.0
904,61.5
904,61.5
904,61.5
904,61.5
904,61.5
904,61.5
905,61.5
905,100.0
905,100.0
905,100.0
905,100.0
905,100.0
906,100.0
906,0.0
906,0.0
906,0.0
906,0.0
906,0.0
906,0.0
906,100.0
906,100.0
906,100.0
906,100.0
906,100.0
906,100.0
907,100.0
907,0.0
907,0.0
907,0.0
907,0.0
907,0.0
908,0.0
908,100.0
908,100.0
908,100.0
908,100.0
908,100.0
908,100.0
908,0.0
908,0.0
908,0.0
908,0.0
908,0.0
908,0.0
909,100.0
909,100.0
909,100.0
909,100.0
909,100.0
909,100.0
910,100.0
910,0.0
910,0.0
910,0.0
910,0.0
910,0.0
910,0.0
910,100.0
910,100.0
910,100.0
910,100.0
910,100.0
911,100.0
911,90.2
911,90.2
911,90.2
911,90.2
911,90.2
911,90.2
911,90.2
911,90.2
911,90.2
911,90.2
911,90.2
911,90.2
912,90.2
912,0.0
912,0.0
912,0.0
912,0.0
912,0.0
913,0.0
913,88.6
913,88.6
913,88.6
913,88.6
913,88.6
913,88.6
913,88.6
913,100.0
913,100.0
913,100.0
913,100.0
913,100.0
914,100.0
914,100.0
914,100.0
914,100.0
914,100.0
914,100.0
915,100.0
915,66.2
915,66.2
915,66.2
915,66.2
915,66.2
915,66.2
915,0.0
915,0.0
915,0.0
915,0.0
915,0.0
915,0.0
916,0.0
916,0.0
916,0.0
916,0.0
916,0.0
916,0.0
916,0.0
916,100.0
916,100.0
916,100.0
916,100.0
916,100.0
917,100.0
917,100.0
917,100.0
917,100.0
917,100.0
917,100.0
917,100.0
918,100.0
918,0.0
918,0.0
918,0.0
918,0.0
918,0.0
918,0.0
918,100.0
918,100.0
918,100.0
918,100.0
918,100.0
919,100.0
919,0.0
919,0.0
919,0.0
919,0.0
919,0.0
919,0.0
920,0.0
920,0.0
920,0.0
920,0.0
920,0.0
920,0.0
920,0.0
920,100.0
920,100.0
920,100.0
920,100.0
920,100.0
921,100.0
921,63.3
921,63.3
921,63.3
921,63.3
921,63.3
921,63.3
922,100.0
922,100.0
922,100.0
922,100.0
922,100.0
922,100.0
922,100.0
922,63.3
922,63.3
922,63.3
922,63.3
922,63.3
923,63.3
923,0.0
923,0.0
923,0.0
923,0.0
923,0.0
923,0.0
923,59.7
923,59.7
923,59.7
923,59.7
923,59.7
923,59.7
924,59.7
924,100.0
924,100.0
924,100.0
924,100.0
924,100.0
925,100.0
925,0.0
925,0.0
925,0.0
925,0.0
925,0.0
925,0.0
925,0.0
925,0.0
925,0.0
925,0.0
925,0.0
925,0.0
926,0.0
926,100.0
926,100.0
926,100.0
926,100.0
926,100.0
927,100.0
927,58.6
927,58.6
927,58.6
927,58.6
927,58.6
927,58.6
927,100.0
927,100.0
927,100.0
927,100.0
927,100.0
927,100.0
928,85.7
928,85.7
928,85.7
928,85.7
928,85.7
928,85.7
928,85.7
928,0.0
928,0.0
928,0.0
928,0.0
928,0.0
929,0.0
929,83.8
929,83.8
929,83.8
929,83.8
929,83.8
930,83.8
930,55.6
930,55.6
930,55.6
930,55.6
930,55.6
930,55.6
930,55.6
930,0.0
930,0.0
930,0.0
930,0.0
930,0.0
931,0.0
931,100.0
931,100.0
931,100.0
931,100.0
931,100.0
932,100.0
932,0.0
932,0.0
932,0.0
932,0.0
932,0.0
932,0.0
932,0.0
932,0.0
932,0.0
932,0.0
932,0.0
932,0.0
933,0.0
933,100.0
933,100.0
933,100.0
933,100.0
933,100.0
934,100.0
934,49.6
934,49.6
934,49.6
934,49.6
934,49.6
934,49.6
934,100.0
934,100.0
934,100.0
934,100.0
934,100.0
934,100.0
935,100.0
935,0.0
935,0.0
935,0.0
935,0.0
935,0.0
935,0.0
935,0.0
935,0.0
935,0.0
935,0.0
935,0.0
936,0.0
936,100.0
936,100.0
936,100.0
936,100.0
936,100.0
936,100.0
937,100.0
937,100.0
937,100.0
937,100.0
937,100.0
937,100.0
937,100.0
937,0.0
937,0.0
937,0.0
937,0.0
937,0.0
938,0.0
938,100.0
938,100.0
938,100.0
938,100.0
938,100.0
938,100.0
939,77.5
939,77.5
939,77.5
939,77.5
939,77.5
939,77.5
939,77.5
939,0.0
939,0.0
939,0.0
939,0.0
939,0.0
940,0.0
940,100.0
940,100.0
940,100.0
940,100.0
940,100.0
940,100.0
940,0.0
940,0.0
940,0.0
940,0.0
940,0.0
940,0.0
941,0.0
941,38.7
941,38.7
941,38.7
941,38.7
941,38.7
942,38.7
942,100.0
942,100.0
942,100.0
942,100.0
942,100.0
942,100.0
942,0.0
942,0.0
942,0.0
942,0.0
942,0.0
942,0.0
943,0.0
943,0.0
943,0.0
943,0.0
943,0.0
943,0.0
944,0.0
944,97.1
944,97.1
944,97.1
944,97.1
944,97.1
944,97.1
944,100.0
944,100.0
944,100.0
944,100.0
944,100.0
944,100.0
945,0.0
945,0.0
945,0.0
945,0.0
945,0.0
945,0.0
945,0.0
945,0.0
945,0.0
945,0.0
945,0.0
945,0.0
946,0.0
946,72.6
946,72.6
946,72.6
946,72.6
946,72.6
947,72.6
947,0.0
947,0.0
947,0.0
947,0.0
947,0.0
947,0.0
947,0.0
947,0.0
947,0.0
947,0.0
947,0.0
947,0.0
948,0.0
948,0.0
948,0.0
948,0.0
948,0.0
948,0.0
949,0.0
949,93.7
949,93.7
949,93.7
949,93.7
949,93.7
949,93.7
949,0.0
949,0.0
949,0.0
949,0.0
949,0.0
949,0.0
950,0.0
950,100.0
950,100.0
950,100.0
950,100.0
950,100.0
951,100.0
951,0.0
951,0.0
951,0.0
951,0.0
951,0.0
951,0.0
951,67.1
951,67.1
951,67.1
951,67.1
951,67.1
951,67.1
952,67.1
952,100.0
952,100.0
952,100.0
952,100.0
952,100.0
952,100.0
952,0.0
952,0.0
952,0.0
952,0.0
952,0.0
953,0.0
953,100.0
953,100.0
953,100.0
953,100.0
953,100.0
953,100.0
954,100.0
954,92.6
954,92.6
954,92.6
954,92.6
954,92.6
954,92.6
954,0.0
954,0.0
954,0.0
954,0.0
954,0.0
955,0.0
955,0.0
955,0.0
955,0.0
955,0.0
955,0.0
955,0.0
956,100.0
956,100.0
956,100.0
956,100.0
956,100.0
956,100.0
956,100.0
956,0.0
956,0.0
956,0.0
956,0.0
956,0.0
957,0.0
957,100.0
957,100.0
957,100.0
957,100.0
957,100.0
957,100.0
957,0.0
957,0.0
957,0.0
957,0.0
957,0.0
957,0.0
958,0.0
958,67.1
958,67.1
958,67.1
958,67.1
958,67.1
959,67.1
959,100.0
959,100.0
959,100.0
959,100.0
959,100.0
959,100.0
959,69.1
959,69.1
959,69.1
959,69.1
959,69.1
959,69.1
960,0.0
960,0.0
960,0.0
960,0.0
960,0.0
960,0.0
961,0.0
961,67.6
961,67.6
961,67.6
961,67.6
961,67.6
961,67.6
961,100.0
961,100.0
961,100.0
961,100.0
961,100.0
962,100.0
962,0.0
962,0.0
962,0.0
962,0.0
962,0.0
962,0.0
963,0.0
963,91.8
963,91.8
963,91.8
963,91.8
963,91.8
963,91.8
963,7.5
963,7.5
963,7.5
963,7.5
963,7.5
964,7.5
964,100.0
964,100.0
964,100.0
964,100.0
964,100.0
964,100.0
964,100.0
964,68.6
964,68.6
964,68.6
964,68.6
964,68.6
965,68.6
965,0.0
965,0.0
965,0.0
965,0.0
965,0.0
966,0.0
966,0.0
966,0.0
966,0.0
966,0.0
966,0.0
966,0.0
966,66.6
966,66.6
966,66.6
966,66.6
966,66.6
966,66.6
967,66.6
967,0.0
967,0.0
967,0.0
967,0.0
967,0.0
968,0.0
968,0.0
968,0.0
968,0.0
968,0.0
968,0.0
968,0.0
968,62.0
968,62.0
968,62.0
968,62.0
968,62.0
968,62.0
969,62.0
969,0.0
969,0.0
969,0.0
969,0.0
969,0.0
969,0.0
969,0.0
969,0.0
969,0.0
969,0.0
969,0.0
970,0.0
970,0.0
970,0.0
970,0.0
970,0.0
970,0.0
970,0.0
971,0.0
971,0.0
971,0.0
971,0.0
971,0.0
971,0.0
971,0.0
971,0.0
971,0.0
971,0.0
971,0.0
971,0.0
972,0.0
972,49.4
972,49.4
972,49.4
972,49.4
972,49.4
972,49.4
973,0.0
973,0.0
973,0.0
973,0.0
973,0.0
973,0.0
973,0.0
973,47.7
973,47.7
973,47.7
973,47.7
973,47.7
974,47.7
974,0.0
974,0.0
974,0.0
974,0.0
974,0.0
975,0.0
975,0.0
975,0.0
975,0.0
975,0.0
975,0.0
975,0.0
975,0.0
975,46.0
975,46.0
975,46.0
975,46.0
975,46.0
976,46.0
976,0.0
976,0.0
976,0.0
976,0.0
976,0.0
976,0.0
976,78.4
976,78.4
976,78.4
976,78.4
976,78.4
976,78.4
977,100.0
977,100.0
977,100.0
977,100.0
977,100.0
977,100.0
978,100.0
978,0.0
978,0.0
978,0.0
978,0.0
978,0.0
978,0.0
978,100.0
978,100.0
978,100.0
978,100.0
978,100.0
979,100.0
979,0.0
979,0.0
979,0.0
979,0.0
979,0.0
979,0.0
980,0.0
980,100.0
980,100.0
980,100.0
980,100.0
980,100.0
980,100.0
980,100.0
980,100.0
980,100.0
980,100.0
980,100.0
980,100.0
980,100.0
980,100.0
980,100.0
980,100.0
980,100.0
980,100.0
980,100.0
980,100.0
980,100.0
980,100.0
980,100.0
980,100.0
980,100.0
980,100.0
980,100.0
980,100.0
980,100.0
980,100.0
980,100.0
980,100.0
980,100.0
980,100.0
980,100.0
980,100.0
980,100.0
980,100.0
980,100.0
980,100.0
980,100.0
980,100.0
980,100.0
980,100.0
980,100.0
980,100.0
980,100.0
980,100.0
980,100.0
980,100.0
980,100.0
980,100.0
980,100.0
980,100.0
980,100.0
980,100.0
980,100.0
980,100.0
980,100.0
980,100.0
980,100.0
980,100.0
980,100.0
980,100.0
980,100.0
980,100.0
980,100.0
980,100.0
980,100.0
980,100.0
980,100.0
980,100.0
980,100.0
980,100.0
980,100.0
980,100.0
980,100.0
980,100.0
980,100.0
980,100.0
980,100.0
980,100.0
980,100.0
980,100.0
980,100.0
980,100.0
980,100.0
980,100.0
980,100.0
980,100.0
980,100.0
980,100.0
980,100.0
980,100.0
980,100.0
980,100.0
980,100.0
980,100.0
980,100.0
980,100.0
980,100.0
980,100.0
980,100.0
980,100.0
980,100.0
980,100.0
980,100.0
980,100.0
980,100.0
980,100.0
980,100.0
980,100.0
980,100.0
980,100.0
980,100.0
980,100.0
980,100.0
980,100.0
980,100.0
980,100.0
980,100.0
980,100.0
980,100.0
980,100.0
980,100.0
980,100.0
980,100.0
980,100.0
980,100.0
980,100.0
980,100.0
980,100.0
980,100.0
980,100.0
980,100.0
980,100.0
980,100.0
980,100.0
980,100.0
980,100.0
980,100.0
980,100.0
980,100.0
980,100.0
980,100.0
980,100.0
980,100.0
980,100.0
980,100.0
980,100.0
980,100.0
980,100.0
980,100.0
980,100.0
980,100.0
980,100.0
980,100.0
980,100.0
980,100.0
980,100.0
980,100.0
980,100.0
980,100.0
980,100.0
980,100.0
980,100.0
980,100.0
980,100.0
980,100.0
980,100.0
980,100.0
980,100.0
980,100.0
980,100.0
980,100.0
980,100.0
980,100.0
980,100.0
980,100.0
980,100.0
980,100.0
980,100.0
980,100.0
980,100.0
980,100.0
980,100.0
980,100.0
980,100.0
980,100.0
980,100.0
980,100.0
980,100.0
980,100.0
980,100.0
980,100.0
980,100.0
980,100.0
980,100.0
980,100.0
980,100.0
980,100.0
980,100.0
980,100.0
980,100.0
980,100.0
980,100.0
980,100.0
980,100.0
980,100.0
980,100.0
980,100.0
980,100.0
980,100.0
980,100.0
980,100.0
980,100.0
980,100.0
980,100.0
980,100.0
980,100.0
980,100.0
980,100.0
980,100.0
980,100.0
980,100.0
980,100.0
980,100.0
980,100.0
980,100.0
980,100.0
980,100.0
980,100.0
980,100.0
980,100.0
980,100.0
980,100.0
980,100.0
980,100.0
980,100.0
980,100.0
980,100.0
980,100.0
980,100.0
980,100.0
980,100.0
980,100.0
980,100.0
980,100.0
980,100.0
980,100.0
980,100.0
980,100.0
980,100.0
980,100.0
980,100.0
980,100.0
980,100.0
980,100.0
980,100.0
980,100.0
980,100.0
980,100.0
980,100.0
980,100.0
980,100.0
980,100.0
980,100.0
980,100.0
980,100.0
980,100.0
980,100.0
980,100.0
980,100.0
980,100.0
980,100.0
980,100.0
980,100.0
980,100.0
980,100.0
980,100.0
980,100.0
980,100.0
980,100.0
980,100.0
980,100.0
980,100.0
980,100.0
980,100.0
980,100.0
980,100.0
980,100.0
980,100.0
980,100.0
980,100.0
980,100.0
980,100.0
980,100.0
980,100.0
980,100.0
980,100.0
980,100.0
980,100.0
980,100.0
980,100.0
980,100.0
980,100.0
980,100.0
980,100.0
980,100.0
980,100.0
980,100.0
980,100.0
980,100.0
980,100.0
980,100.0
980,100.0
980,100.0
980,100.0
980,100.0
980,100.0
980,100.0
980,100.0
980,100.0
980,100.0
980,100.0
980,100.0
980,100.0
980,100.0
980,100.0
980,100.0
980,100.0
980,100.0
980,100.0
980,100.0
980,100.0
980,100.0
980,100.0
980,100.0
980,100.0
980,100.0
980,100.0
980,100.0
980,100.0
980,100.0
980,100.0
980,100.0
980,100.0
980,100.0
980,100.0
980,100.0
980,100.0
980,100.0
980,100.0
980,100.0
980,100.0
980,100.0
980,100.0
980,100.0
980,100.0
980,100.0
980,100.0
980,100.0
980,100.0
980,100.0
980,100.0
980,100.0
980,100.0
980,100.0
980,100.0
980,100.0
980,100.0
980,100.0
980,100.0
980,100.0
980,100.0
980,100.0
980,100.0
980,100.0
980,100.0
980,100.0
980,100.0
980,100.0
980,100.0
980,100.0
980,100.0
980,100.0
980,100.0
980,100.0
980,100.0
980,100.0
980,100.0
980,100.0
980,100.0
980,100.0
980,100.0
980,100.0
980,100.0
980,100.0
980,100.0
980,100.0
980,100.0
980,100.0
980,100.0
980,100.0
980,100.0
980,100.0
980,100.0
980,100.0
980,100.0
980,100.0
980,100.0
980,100.0
980,100.0
980,100.0
980,100.0
980,100.0
980,100.0
980,100.0
980,100.0
980,100.0
980,100.0
980,100.0
980,100.0
980,100.0
980,100.0
980,100.0
980,100.0
980,100.0
980,100.0
980,100.0
980,100.0
980,100.0
980,100.0
980,100.0
980,100.0
980,100.0
980,100.0
980,100.0
980,100.0
980,100.0
980,100.0
980,100.0
980,100.0
980,100.0
980,100.0
980,100.0
980,100.0
980,100.0
980,100.0
980,100.0
980,100.0
980,100.0
980,100.0
980,100.0
980,100.0
980,100.0
980,100.0
980,100.0
980,100.0
980,100.0
980,100.0
980,100.0
980,100.0
980,100.0
980,100.0
980,100.0
980,100.0
980,100.0
980,100.0
980,100.0
980,100.0
980,100.0
980,100.0
980,100.0
980,100.0
980,100.0
980,100.0
980,100.0
980,100.0
980,100.0
980,100.0
980,100.0
980,100.0
980,100.0
980,100.0
980,100.0
980,100.0
980,100.0
980,100.0
980,100.0
980,100.0
980,100.0
980,100.0
980,100.0
980,100.0
980,100.0
980,100.0
980,100.0
980,100.0
980,100.0
980,100.0
980,100.0
980,100.0
980,100.0
980,100.0
980,100.0
980,100.0
980,100.0
980,100.0
980,100.0
980,100.0
980,100.0
980,100.0
980,100.0
980,100.0
980,100.0
980,100.0
980,100.0
980,100.0
980,100.0
980,100.0
980,100.0
980,100.0
980,100.0
980,100.0
980,100.0
980,100.0
980,100.0
980,100.0
980,100.0
980,100.0
980,100.0
980,100.0
980,100.0
980,100.0
980,100.0
980,100.0
980,100.0
980,100.0
980,100.0
980,100.0
980,100.0
980,100.0
980,100.0
980,100.0
980,100.0
980,100.0
980,100.0
980,100.0
980,100.0
980,100.0
980,100.0
980,100.0
980,100.0
980,100.0
980,100.0
980,100.0
980,100.0
980,100.0
980,100.0
980,100.0
