0,0
0,81
0,81
0,81
0,81
0,81
0,81
0,81
0,81
0,81
0,81
0,81
0,81
0,81
1,80
1,80
1,80
1,80
1,80
1,80
1,80
2,81
2,81
2,81
2,81
2,81
2,81
2,81
2,81
2,81
2,81
2,81
2,81
3,81
3,81
3,81
3,81
3,81
3,81
3,81
3,81
3,81
3,81
3,81
3,81
3,81
4,81
4,81
4,81
4,81
4,81
4,81
5,81
5,81
5,81
5,81
5,81
5,81
5,81
5,81
5,81
5,81
5,81
5,81
5,81
6,81
6,81
6,81
6,81
6,81
6,81
6,81
7,81
7,81
7,81
7,81
7,81
7,81
7,81
7,81
7,81
7,81
7,81
7,81
8,81
8,81
8,81
8,81
8,81
8,81
8,81
9,81
9,81
9,81
9,81
9,81
9,81
9,81
9,81
9,81
9,81
9,81
9,81
10,81
10,81
10,81
10,81
10,81
10,81
10,81
10,81
10,81
10,81
10,81
10,81
10,81
11,81
11,81
11,81
11,81
11,81
11,81
11,81
12,80
12,80
12,80
12,80
12,80
12,80
12,81
12,81
12,81
12,81
12,81
12,81
13,81
13,81
13,81
13,81
13,81
13,81
13,81
14,81
14,81
14,81
14,81
14,81
14,81
14,81
14,81
14,81
14,81
14,81
14,81
14,81
15,81
15,81
15,81
15,81
15,81
15,81
16,81
16,81
16,81
16,81
16,81
16,81
16,81
16,81
16,81
16,81
16,81
16,81
16,81
17,81
17,81
17,81
17,81
17,81
17,81
18,81
18,81
18,81
18,81
18,81
18,81
18,81
18,81
18,81
18,81
18,81
18,81
18,81
19,81
19,81
19,81
19,81
19,81
19,81
19,81
19,81
19,81
19,81
19,81
19,81
19,81
20,80
20,80
20,80
20,80
20,80
20,80
21,81
21,81
21,81
21,81
21,81
21,81
21,81
21,81
21,81
21,81
21,81
21,81
21,81
22,81
22,81
22,81
22,81
22,81
22,81
23,81
23,81
23,81
23,81
23,81
23,81
23,81
23,81
23,81
23,81
23,81
23,81
23,81
24,81
24,81
24,81
24,81
24,81
24,81
25,81
25,81
25,81
25,81
25,81
25,81
25,81
25,80
25,80
25,80
25,80
25,80
25,80
26,81
26,81
26,81
26,81
26,81
26,81
26,81
26,81
26,81
26,81
26,81
26,81
26,81
27,81
27,81
27,81
27,81
27,81
27,81
28,80
28,80
28,80
28,80
28,80
28,80
28,80
28,81
28,81
28,81
28,81
28,81
28,81
29,80
29,80
29,80
29,80
29,80
29,80
29,80
30,81
30,81
30,81
30,81
30,81
30,81
30,81
30,81
30,81
30,81
30,81
30,81
31,81
31,81
31,81
31,81
31,81
31,81
31,81
32,81
32,81
32,81
32,81
32,81
32,81
32,81
32,81
32,81
32,81
32,81
32,81
32,81
33,81
33,81
33,81
33,81
33,81
33,81
34,80
34,80
34,80
34,80
34,80
34,80
34,81
34,81
34,81
34,81
34,81
34,81
34,81
35,81
35,81
35,81
35,81
35,81
35,81
35,81
35,81
35,81
35,81
35,81
35,81
35,81
36,81
36,81
36,81
36,81
36,81
36,81
37,81
37,81
37,81
37,81
37,81
37,81
37,81
37,81
37,81
37,81
37,81
37,81
37,81
38,81
38,81
38,81
38,81
38,81
38,81
39,81
39,81
39,81
39,81
39,81
39,81
39,81
39,81
39,81
39,81
39,81
39,81
39,81
40,81
40,81
40,81
40,81
40,81
40,81
41,81
41,81
41,81
41,81
41,81
41,81
41,81
41,81
41,81
41,81
41,81
41,81
41,81
42,81
42,81
42,81
42,81
42,81
42,81
43,80
43,80
43,80
43,80
43,80
43,80
43,80
43,81
43,81
43,81
43,81
43,81
43,81
44,80
44,80
44,80
44,80
44,80
44,80
44,80
44,81
44,81
44,81
44,81
44,81
44,81
45,81
45,81
45,81
45,81
45,81
45,81
46,81
46,81
46,81
46,81
46,81
46,81
46,81
46,81
46,81
46,81
46,81
46,81
46,81
47,81
47,81
47,81
47,81
47,81
47,81
47,81
48,81
48,81
48,81
48,81
48,81
48,81
48,81
48,81
48,81
48,81
48,81
48,81
49,81
49,81
49,81
49,81
49,81
49,81
49,81
50,81
50,81
50,81
50,81
50,81
50,81
50,81
50,81
50,81
50,81
50,81
50,81
50,81
51,81
51,81
51,81
51,81
51,81
51,81
51,80
51,80
51,80
51,80
51,80
51,80
52,81
52,81
52,81
52,81
52,81
52,81
52,81
53,81
53,81
53,81
53,81
53,81
53,81
53,81
53,81
53,81
53,81
53,81
53,81
54,81
54,81
54,81
54,81
54,81
54,81
54,81
55,81
55,81
55,81
55,81
55,81
55,81
55,81
55,81
55,81
55,81
55,81
55,81
55,81
56,81
56,81
56,81
56,81
56,81
56,81
57,81
57,81
57,81
57,81
57,81
57,81
57,81
57,81
57,81
57,81
57,81
57,81
57,81
58,81
58,81
58,81
58,81
58,81
58,81
59,81
59,81
59,81
59,81
59,81
59,81
59,81
59,81
59,81
59,81
59,81
59,81
59,81
60,81
60,81
60,81
60,81
60,81
60,81
60,81
60,81
60,81
60,81
60,81
60,81
60,81
61,81
61,81
61,81
61,81
61,81
61,81
62,81
62,81
62,81
62,81
62,81
62,81
62,81
62,81
62,81
62,81
62,81
62,81
62,81
63,80
63,80
63,80
63,80
63,80
63,80
64,80
64,80
64,80
64,80
64,80
64,80
64,80
64,81
64,81
64,81
64,81
64,81
64,81
65,81
65,81
65,81
65,81
65,81
65,81
66,81
66,81
66,81
66,81
66,81
66,81
66,81
66,81
66,81
66,81
66,81
66,81
66,81
67,81
67,81
67,81
67,81
67,81
67,81
67,81
67,81
67,81
67,81
67,81
67,81
67,81
68,81
68,81
68,81
68,81
68,81
68,81
69,81
69,81
69,81
69,81
69,81
69,81
69,81
69,81
69,81
69,81
69,81
69,81
69,81
70,81
70,81
70,81
70,81
70,81
70,81
70,81
71,81
71,81
71,81
71,81
71,81
71,81
71,81
71,81
71,81
71,81
71,81
71,81
72,81
72,81
72,81
72,81
72,81
72,81
72,81
73,81
73,81
73,81
73,81
73,81
73,81
73,81
73,81
73,81
73,81
73,81
73,81
73,81
74,81
74,81
74,81
74,81
74,81
74,81
75,81
75,81
75,81
75,81
75,81
75,81
75,80
75,80
75,80
75,80
75,80
75,80
75,80
76,81
76,81
76,81
76,81
76,81
76,81
76,81
76,81
76,81
76,81
76,81
76,81
76,81
77,81
77,81
77,81
77,81
77,81
77,81
78,81
78,81
78,81
78,81
78,81
78,81
78,80
78,80
78,80
78,80
78,80
78,80
78,80
79,81
79,81
79,81
79,81
79,81
79,81
80,81
80,81
80,81
80,81
80,81
80,81
80,81
80,81
80,81
80,81
80,81
80,81
80,81
81,81
81,81
81,81
81,81
81,81
81,81
82,80
82,80
82,80
82,80
82,80
82,80
82,80
82,81
82,81
82,81
82,81
82,81
82,81
83,81
83,81
83,81
83,81
83,81
83,81
83,81
83,81
83,81
83,81
83,81
83,81
83,81
84,81
84,81
84,81
84,81
84,81
84,81
85,81
85,81
85,81
85,81
85,81
85,81
85,81
85,81
85,81
85,81
85,81
85,81
85,81
86,81
86,81
86,81
86,81
86,81
86,81
87,81
87,81
87,81
87,81
87,81
87,81
87,81
87,81
87,81
87,81
87,81
87,81
87,81
88,81
88,81
88,81
88,81
88,81
88,81
88,81
89,81
89,81
89,81
89,81
89,81
89,81
89,81
89,81
89,81
89,81
89,81
89,81
90,81
90,81
90,81
90,81
90,81
90,81
90,81
91,81
91,81
91,81
91,81
91,81
91,81
91,81
91,81
91,81
91,81
91,81
91,81
91,81
92,81
92,81
92,81
92,81
92,81
92,81
92,81
92,81
92,81
92,81
92,81
92,81
93,81
93,81
93,81
93,81
93,81
93,81
93,81
94,80
94,80
94,80
94,80
94,80
94,80
94,81
94,81
94,81
94,81
94,81
94,81
94,81
95,81
95,81
95,81
95,81
95,81
95,81
96,81
96,81
96,81
96,81
96,81
96,81
96,81
96,81
96,81
96,81
96,81
96,81
96,81
97,80
97,80
97,80
97,80
97,80
97,80
98,80
98,80
98,80
98,80
98,80
98,80
98,81
98,81
98,81
98,81
98,81
98,81
98,81
99,80
99,80
99,80
99,80
99,80
99,80
100,81
100,81
100,81
100,81
100,81
100,81
100,81
100,81
100,81
100,81
100,81
100,81
100,81
101,81
101,81
101,81
101,81
101,81
101,81
101,80
101,80
101,80
101,80
101,80
101,80
101,80
102,81
102,81
102,81
102,81
102,81
102,81
103,81
103,81
103,81
103,81
103,81
103,81
103,81
103,81
103,81
103,81
103,81
103,81
103,81
104,81
104,81
104,81
104,81
104,81
104,81
105,81
105,81
105,81
105,81
105,81
105,81
105,81
105,81
105,81
105,81
105,81
105,81
105,81
106,81
106,81
106,81
106,81
106,81
106,81
106,81
107,81
107,81
107,81
107,81
107,81
107,81
107,81
107,81
107,81
107,81
107,81
107,81
108,80
108,80
108,80
108,80
108,80
108,80
108,80
108,81
108,81
108,81
108,81
108,81
108,81
109,81
109,81
109,81
109,81
109,81
109,81
109,81
110,81
110,81
110,81
110,81
110,81
110,81
110,81
110,81
110,81
110,81
110,81
110,81
111,81
111,81
111,81
111,81
111,81
111,81
111,81
112,81
112,81
112,81
112,81
112,81
112,81
112,80
112,80
112,80
112,80
112,80
112,80
113,81
113,81
113,81
113,81
113,81
113,81
113,81
114,81
114,81
114,81
114,81
114,81
114,81
114,81
114,81
114,81
114,81
114,81
114,81
114,81
115,81
115,81
115,81
115,81
115,81
115,81
116,81
116,81
116,81
116,81
116,81
116,81
116,81
116,81
116,81
116,81
116,81
116,81
116,81
117,80
117,80
117,80
117,80
117,80
117,80
117,81
117,81
117,81
117,81
117,81
117,81
117,81
118,81
118,81
118,81
118,81
118,81
118,81
119,81
119,81
119,81
119,81
119,81
119,81
119,80
119,80
119,80
119,80
119,80
119,80
119,80
120,81
120,81
120,81
120,81
120,81
120,81
121,80
121,80
121,80
121,80
121,80
121,80
121,80
121,81
121,81
121,81
121,81
121,81
121,81
122,81
122,81
122,81
122,81
122,81
122,81
123,81
123,81
123,81
123,81
123,81
123,81
123,81
123,81
123,81
123,81
123,81
123,81
123,81
124,81
124,81
124,81
124,81
124,81
124,81
124,81
124,81
124,81
124,81
124,81
124,81
124,81
125,81
125,81
125,81
125,81
125,81
125,81
126,81
126,81
126,81
126,81
126,81
126,81
126,81
126,81
126,81
126,81
126,81
126,81
126,81
127,81
127,81
127,81
127,81
127,81
127,81
127,81
128,81
128,81
128,81
128,81
128,81
128,81
128,80
128,80
128,80
128,80
128,80
128,80
129,80
129,80
129,80
129,80
129,80
129,80
129,80
130,81
130,81
130,81
130,81
130,81
130,81
130,81
130,81
130,81
130,81
130,81
130,81
130,81
131,81
131,81
131,81
131,81
131,81
131,81
132,81
132,81
132,81
132,81
132,81
132,81
132,81
132,81
132,81
132,81
132,81
132,81
132,81
133,81
133,81
133,81
133,81
133,81
133,81
133,80
133,80
133,80
133,80
133,80
133,80
133,80
134,81
134,81
134,81
134,81
134,81
134,81
135,81
135,81
135,81
135,81
135,81
135,81
135,81
135,81
135,81
135,81
135,81
135,81
135,81
136,81
136,81
136,81
136,81
136,81
136,81
137,81
137,81
137,81
137,81
137,81
137,81
137,81
137,81
137,81
137,81
137,81
137,81
137,81
138,81
138,81
138,81
138,81
138,81
138,81
139,81
139,81
139,81
139,81
139,81
139,81
139,81
139,81
139,81
139,81
139,81
139,81
139,81
140,81
140,81
140,81
140,81
140,81
140,81
141,81
141,81
141,81
141,81
141,81
141,81
141,81
141,81
141,81
141,81
141,81
141,81
141,81
142,81
142,81
142,81
142,81
142,81
142,81
142,81
142,81
142,81
142,81
142,81
142,81
142,81
143,80
143,80
143,80
143,80
143,80
143,80
144,80
144,80
144,80
144,80
144,80
144,80
144,80
144,80
144,80
144,80
144,80
144,80
144,80
145,81
145,81
145,81
145,81
145,81
145,81
145,81
146,81
146,81
146,81
146,81
146,81
146,81
146,81
146,81
146,81
146,81
146,81
146,81
147,80
147,80
147,80
147,80
147,80
147,80
147,80
148,81
148,81
148,81
148,81
148,81
148,81
148,81
148,81
148,81
148,81
148,81
148,81
148,81
149,81
149,81
149,81
149,81
149,81
149,81
149,81
149,81
149,81
149,81
149,81
149,81
150,81
150,81
150,81
150,81
150,81
150,81
150,81
151,80
151,80
151,80
151,80
151,80
151,80
151,81
151,81
151,81
151,81
151,81
151,81
152,80
152,80
152,80
152,80
152,80
152,80
152,80
153,81
153,81
153,81
153,81
153,81
153,81
153,81
153,81
153,81
153,81
153,81
153,81
153,81
154,81
154,81
154,81
154,81
154,81
154,81
155,81
155,81
155,81
155,81
155,81
155,81
155,80
155,80
155,80
155,80
155,80
155,80
155,80
156,80
156,80
156,80
156,80
156,80
156,80
157,80
157,80
157,80
157,80
157,80
157,80
157,80
157,80
157,80
157,80
157,80
157,80
157,80
158,80
158,80
158,80
158,80
158,80
158,80
158,81
158,81
158,81
158,81
158,81
158,81
158,81
159,81
159,81
159,81
159,81
159,81
159,81
160,80
160,80
160,80
160,80
160,80
160,80
160,80
160,81
160,81
160,81
160,81
160,81
160,81
161,80
161,80
161,80
161,80
161,80
161,80
162,81
162,81
162,81
162,81
162,81
162,81
162,81
162,81
162,81
162,81
162,81
162,81
162,81
163,81
163,81
163,81
163,81
163,81
163,81
164,81
164,81
164,81
164,81
164,81
164,81
164,81
164,81
164,81
164,81
164,81
164,81
164,81
165,81
165,81
165,81
165,81
165,81
165,81
165,81
166,81
166,81
166,81
166,81
166,81
166,81
166,81
166,81
166,81
166,81
166,81
166,81
167,80
167,80
167,80
167,80
167,80
167,80
167,80
167,81
167,81
167,81
167,81
167,81
167,81
168,81
168,81
168,81
168,81
168,81
168,81
169,81
169,81
169,81
169,81
169,81
169,81
169,81
169,81
169,81
169,81
169,81
169,81
169,81
170,81
170,81
170,81
170,81
170,81
170,81
170,81
171,80
171,80
171,80
171,80
171,80
171,80
171,81
171,81
171,81
171,81
171,81
171,81
172,81
172,81
172,81
172,81
172,81
172,81
172,81
173,81
173,81
173,81
173,81
173,81
173,81
173,81
173,81
173,81
173,81
173,81
173,81
173,81
174,81
174,81
174,81
174,81
174,81
174,81
174,81
174,81
174,81
174,81
174,81
174,81
175,81
175,81
175,81
175,81
175,81
175,81
175,81
176,80
176,80
176,80
176,80
176,80
176,80
176,81
176,81
176,81
176,81
176,81
176,81
176,81
177,80
177,80
177,80
177,80
177,80
177,80
178,81
178,81
178,81
178,81
178,81
178,81
178,81
178,81
178,81
178,81
178,81
178,81
178,81
179,81
179,81
179,81
179,81
179,81
179,81
180,80
180,80
180,80
180,80
180,80
180,80
180,81
180,81
180,81
180,81
180,81
180,81
180,81
181,81
181,81
181,81
181,81
181,81
181,81
182,81
182,81
182,81
182,81
182,81
182,81
182,81
182,81
182,81
182,81
182,81
182,81
182,81
183,81
183,81
183,81
183,81
183,81
183,81
183,80
183,80
183,80
183,80
183,80
183,80
183,80
184,81
184,81
184,81
184,81
184,81
184,81
185,81
185,81
185,81
185,81
185,81
185,81
185,81
185,81
185,81
185,81
185,81
185,81
185,81
186,81
186,81
186,81
186,81
186,81
186,81
187,81
187,81
187,81
187,81
187,81
187,81
187,81
187,81
187,81
187,81
187,81
187,81
187,81
188,81
188,81
188,81
188,81
188,81
188,81
189,81
189,81
189,81
189,81
189,81
189,81
189,81
189,81
189,81
189,81
189,81
189,81
189,81
190,81
190,81
190,81
190,81
190,81
190,81
190,81
190,81
190,81
190,81
190,81
190,81
190,81
191,81
191,81
191,81
191,81
191,81
191,81
192,81
192,81
192,81
192,81
192,81
192,81
192,81
192,81
192,81
192,81
192,81
192,81
192,81
193,81
193,81
193,81
193,81
193,81
193,81
193,81
194,81
194,81
194,81
194,81
194,81
194,81
194,81
194,81
194,81
194,81
194,81
194,81
195,81
195,81
195,81
195,81
195,81
195,81
195,81
196,81
196,81
196,81
196,81
196,81
196,81
196,81
196,81
196,81
196,81
196,81
196,81
197,81
197,81
197,81
197,81
197,81
197,81
197,81
198,81
198,81
198,81
198,81
198,81
198,81
198,80
198,80
198,80
198,80
198,80
198,80
198,80
199,81
199,81
199,81
199,81
199,81
199,81
199,81
199,81
199,81
199,81
199,81
199,81
200,81
200,81
200,81
200,81
200,81
200,81
200,81
201,81
201,81
201,81
201,81
201,81
201,81
201,81
201,81
201,81
201,81
201,81
201,81
201,81
202,81
202,81
202,81
202,81
202,81
202,81
203,81
203,81
203,81
203,81
203,81
203,81
203,80
203,80
203,80
203,80
203,80
203,80
203,80
204,81
204,81
204,81
204,81
204,81
204,81
205,81
205,81
205,81
205,81
205,81
205,81
205,81
205,81
205,81
205,81
205,81
205,81
205,81
206,81
206,81
206,81
206,81
206,81
206,81
206,81
206,81
206,81
206,81
206,81
206,81
206,81
207,81
207,81
207,81
207,81
207,81
207,81
208,80
208,80
208,80
208,80
208,80
208,80
208,80
208,80
208,80
208,80
208,80
208,80
208,80
209,81
209,81
209,81
209,81
209,81
209,81
210,81
210,81
210,81
210,81
210,81
210,81
210,81
210,81
210,81
210,81
210,81
210,81
210,81
211,80
211,80
211,80
211,80
211,80
211,80
212,81
212,81
212,81
212,81
212,81
212,81
212,81
212,81
212,81
212,81
212,81
212,81
212,81
213,80
213,80
213,80
213,80
213,80
213,80
213,80
214,80
214,80
214,80
214,80
214,80
214,80
214,81
214,81
214,81
214,81
214,81
214,81
215,81
215,81
215,81
215,81
215,81
215,81
215,81
215,81
215,81
215,81
215,81
215,81
215,81
216,80
216,80
216,80
216,80
216,80
216,80
217,81
217,81
217,81
217,81
217,81
217,81
217,81
217,81
217,81
217,81
217,81
217,81
217,81
218,81
218,81
218,81
218,81
218,81
218,81
218,81
219,81
219,81
219,81
219,81
219,81
219,81
219,81
219,81
219,81
219,81
219,81
219,81
220,81
220,81
220,81
220,81
220,81
220,81
220,81
221,81
221,81
221,81
221,81
221,81
221,81
221,81
221,81
221,81
221,81
221,81
221,81
222,81
222,81
222,81
222,81
222,81
222,81
222,81
222,80
222,80
222,80
222,80
222,80
222,80
223,81
223,81
223,81
223,81
223,81
223,81
223,81
224,81
224,81
224,81
224,81
224,81
224,81
224,81
224,81
224,81
224,81
224,81
224,81
225,80
225,80
225,80
225,80
225,80
225,80
225,80
226,81
226,81
226,81
226,81
226,81
226,81
226,81
226,81
226,81
226,81
226,81
226,81
226,81
227,81
227,81
227,81
227,81
227,81
227,81
228,81
228,81
228,81
228,81
228,81
228,81
228,81
228,81
228,81
228,81
228,81
228,81
228,81
229,81
229,81
229,81
229,81
229,81
229,81
230,81
230,81
230,81
230,81
230,81
230,81
230,80
230,80
230,80
230,80
230,80
230,80
230,80
231,80
231,80
231,80
231,80
231,80
231,80
231,81
231,81
231,81
231,81
231,81
231,81
231,81
232,81
232,81
232,81
232,81
232,81
232,81
233,81
233,81
233,81
233,81
233,81
233,81
233,81
233,81
233,81
233,81
233,81
233,81
233,81
234,81
234,81
234,81
234,81
234,81
234,81
235,81
235,81
235,81
235,81
235,81
235,81
235,81
235,81
235,81
235,81
235,81
235,81
235,81
236,81
236,81
236,81
236,81
236,81
236,81
237,81
237,81
237,81
237,81
237,81
237,81
237,81
237,81
237,81
237,81
237,81
237,81
237,81
238,81
238,81
238,81
238,81
238,81
238,81
238,80
238,80
238,80
238,80
238,80
238,80
238,80
239,81
239,81
239,81
239,81
239,81
239,81
240,81
240,81
240,81
240,81
240,81
240,81
240,81
240,81
240,81
240,81
240,81
240,81
240,81
241,80
241,80
241,80
241,80
241,80
241,80
242,81
242,81
242,81
242,81
242,81
242,81
242,81
242,81
242,81
242,81
242,81
242,81
242,81
243,81
243,81
243,81
243,81
243,81
243,81
243,81
244,81
244,81
244,81
244,81
244,81
244,81
244,81
244,81
244,81
244,81
244,81
244,81
245,81
245,81
245,81
245,81
245,81
245,81
245,81
246,80
246,80
246,80
246,80
246,80
246,80
246,81
246,81
246,81
246,81
246,81
246,81
247,81
247,81
247,81
247,81
247,81
247,81
247,81
247,81
247,81
247,81
247,81
247,81
247,81
248,81
248,81
248,81
248,81
248,81
248,81
248,81
249,81
249,81
249,81
249,81
249,81
249,81
249,80
249,80
249,80
249,80
249,80
249,80
250,81
250,81
250,81
250,81
250,81
250,81
250,81
251,81
251,81
251,81
251,81
251,81
251,81
251,81
251,81
251,81
251,81
251,81
251,81
252,80
252,80
252,80
252,80
252,80
252,80
252,80
253,81
253,81
253,81
253,81
253,81
253,81
253,81
253,81
253,81
253,81
253,81
253,81
253,81
254,81
254,81
254,81
254,81
254,81
254,81
255,81
255,81
255,81
255,81
255,81
255,81
255,80
255,80
255,80
255,80
255,80
255,80
255,80
256,81
256,81
256,81
256,81
256,81
256,81
256,81
256,81
256,81
256,81
256,81
256,81
256,81
257,81
257,81
257,81
257,81
257,81
257,81
258,81
258,81
258,81
258,81
258,81
258,81
258,81
258,81
258,81
258,81
258,81
258,81
258,81
259,81
259,81
259,81
259,81
259,81
259,81
260,81
260,81
260,81
260,81
260,81
260,81
260,81
260,81
260,81
260,81
260,81
260,81
260,81
261,81
261,81
261,81
261,81
261,81
261,81
262,80
262,80
262,80
262,80
262,80
262,80
262,80
262,81
262,81
262,81
262,81
262,81
262,81
263,80
263,80
263,80
263,80
263,80
263,80
263,81
263,81
263,81
263,81
263,81
263,81
263,81
264,81
264,81
264,81
264,81
264,81
264,81
265,80
265,80
265,80
265,80
265,80
265,80
265,80
265,81
265,81
265,81
265,81
265,81
265,81
266,81
266,81
266,81
266,81
266,81
266,81
267,81
267,81
267,81
267,81
267,81
267,81
267,81
267,81
267,81
267,81
267,81
267,81
267,81
268,81
268,81
268,81
268,81
268,81
268,81
268,81
269,81
269,81
269,81
269,81
269,81
269,81
269,81
269,81
269,81
269,81
269,81
269,81
270,81
270,81
270,81
270,81
270,81
270,81
270,81
271,81
271,81
271,81
271,81
271,81
271,81
271,81
271,81
271,81
271,81
271,81
271,81
271,81
272,81
272,81
272,81
272,81
272,81
272,81
272,81
272,81
272,81
272,81
272,81
272,81
273,80
273,80
273,80
273,80
273,80
273,80
273,80
274,81
274,81
274,81
274,81
274,81
274,81
274,80
274,80
274,80
274,80
274,80
274,80
275,81
275,81
275,81
275,81
275,81
275,81
275,81
276,81
276,81
276,81
276,81
276,81
276,81
276,81
276,81
276,81
276,81
276,81
276,81
276,81
277,81
277,81
277,81
277,81
277,81
277,81
278,81
278,81
278,81
278,81
278,81
278,81
278,81
278,81
278,81
278,81
278,81
278,81
278,81
279,80
279,80
279,80
279,80
279,80
279,80
279,81
279,81
279,81
279,81
279,81
279,81
279,81
280,81
280,81
280,81
280,81
280,81
280,81
281,81
281,81
281,81
281,81
281,81
281,81
281,81
281,81
281,81
281,81
281,81
281,81
281,81
282,81
282,81
282,81
282,81
282,81
282,81
283,81
283,81
283,81
283,81
283,81
283,81
283,81
283,81
283,81
283,81
283,81
283,81
283,81
284,81
284,81
284,81
284,81
284,81
284,81
285,81
285,81
285,81
285,81
285,81
285,81
285,81
285,81
285,81
285,81
285,81
285,81
285,81
286,81
286,81
286,81
286,81
286,81
286,81
287,81
287,81
287,81
287,81
287,81
287,81
287,81
287,81
287,81
287,81
287,81
287,81
287,81
288,81
288,81
288,81
288,81
288,81
288,81
288,81
288,81
288,81
288,81
288,81
288,81
288,81
289,81
289,81
289,81
289,81
289,81
289,81
290,80
290,80
290,80
290,80
290,80
290,80
290,80
290,81
290,81
290,81
290,81
290,81
290,81
291,81
291,81
291,81
291,81
291,81
291,81
291,81
292,81
292,81
292,81
292,81
292,81
292,81
292,81
292,81
292,81
292,81
292,81
292,81
293,81
293,81
293,81
293,81
293,81
293,81
293,81
294,81
294,81
294,81
294,81
294,81
294,81
294,81
294,81
294,81
294,81
294,81
294,81
294,81
295,81
295,81
295,81
295,81
295,81
295,81
296,81
296,81
296,81
296,81
296,81
296,81
296,81
296,81
296,81
296,81
296,81
296,81
296,81
297,81
297,81
297,81
297,81
297,81
297,81
297,81
297,81
297,81
297,81
297,81
297,81
297,81
298,80
298,80
298,80
298,80
298,80
298,80
299,81
299,81
299,81
299,81
299,81
299,81
299,81
299,81
299,81
299,81
299,81
299,81
299,81
300,81
300,81
300,81
300,81
300,81
300,81
301,82
301,82
301,82
301,82
301,82
301,82
301,81
301,81
301,81
301,81
301,81
301,81
301,81
302,81
302,81
302,81
302,81
302,81
302,81
303,81
303,81
303,81
303,81
303,81
303,81
303,81
303,80
303,80
303,80
303,80
303,80
303,80
304,81
304,81
304,81
304,81
304,81
304,81
304,81
304,81
304,81
304,81
304,81
304,81
304,81
305,81
305,81
305,81
305,81
305,81
305,81
306,81
306,81
306,81
306,81
306,81
306,81
306,81
306,81
306,81
306,81
306,81
306,81
306,81
307,81
307,81
307,81
307,81
307,81
307,81
308,81
308,81
308,81
308,81
308,81
308,81
308,81
308,81
308,81
308,81
308,81
308,81
308,81
309,81
309,81
309,81
309,81
309,81
309,81
310,81
310,81
310,81
310,81
