0,0
0,80
0,80
0,81
0,81
0,81
0,81
0,81
0,81
0,81
0,81
1,80
1,81
1,81
1,81
1,81
1,81
1,81
1,80
1,81
1,81
2,80
2,81
2,81
2,81
2,80
2,81
2,81
2,81
2,81
2,81
2,81
3,81
3,81
3,81
3,81
3,81
3,81
3,81
3,81
3,80
4,81
4,81
4,81
4,81
4,81
4,81
4,80
4,80
4,81
4,81
5,81
5,81
5,80
5,81
5,80
5,80
5,81
5,80
5,80
5,81
6,80
6,81
6,81
6,81
6,80
6,80
6,81
6,81
6,81
6,81
7,81
7,81
7,81
7,81
7,81
7,81
7,81
7,81
7,81
7,81
8,81
8,81
8,81
8,81
8,81
8,81
8,81
8,81
8,81
9,80
9,80
9,81
9,81
9,81
9,81
9,80
9,81
9,81
9,81
9,81
9,81
10,81
10,81
10,81
10,81
10,80
10,81
10,81
10,81
10,81
11,81
11,81
11,81
11,81
11,81
11,81
11,81
11,81
11,81
11,81
12,81
12,81
12,81
12,81
12,81
12,81
12,81
12,81
12,81
12,81
13,81
13,81
13,81
13,82
13,81
13,81
13,81
13,81
13,80
13,80
14,81
14,81
14,81
14,81
14,81
14,81
14,81
14,81
14,81
14,81
15,81
15,81
15,81
15,81
15,81
15,81
15,81
15,81
15,81
16,81
16,81
16,81
16,81
16,81
16,81
16,81
16,81
16,81
16,81
16,81
16,81
17,81
17,81
17,81
17,81
17,81
17,81
17,81
17,81
17,81
18,81
18,81
18,81
18,81
18,81
18,81
18,81
18,81
18,81
18,81
19,81
19,81
19,81
19,81
19,81
19,81
19,81
19,81
19,81
19,81
20,81
20,81
20,81
20,82
20,81
20,81
20,81
20,81
20,82
20,82
21,81
21,81
21,81
21,81
21,81
21,81
21,81
21,81
21,81
22,81
22,81
22,81
22,81
22,81
22,81
22,81
22,81
22,81
22,81
23,81
23,81
23,81
23,81
23,81
23,81
23,81
23,81
23,81
23,81
23,81
23,81
24,81
24,81
24,81
24,81
24,81
24,81
24,81
24,81
24,81
25,81
25,81
25,81
25,81
25,81
25,81
25,81
25,81
25,81
25,81
26,81
26,81
26,81
26,81
26,81
26,81
26,81
26,81
26,81
26,81
27,81
27,81
27,81
27,81
27,81
27,81
27,81
27,81
27,81
27,81
28,81
28,81
28,81
28,81
28,81
28,81
28,81
28,81
28,81
28,81
29,81
29,81
29,81
29,81
29,81
29,81
29,81
29,81
29,81
30,81
30,81
30,81
30,81
30,81
30,81
30,81
30,81
30,81
30,81
30,81
30,81
31,81
31,81
31,81
31,81
31,81
31,82
31,82
31,81
31,81
32,81
32,81
32,81
32,81
32,81
32,81
32,81
32,81
32,81
32,81
33,81
33,81
33,81
33,81
33,81
33,81
33,81
33,81
33,82
33,82
34,82
34,81
34,81
34,81
34,81
34,81
34,81
34,81
34,81
35,82
35,82
35,82
35,81
35,81
35,81
35,81
35,81
35,81
35,81
35,81
36,81
36,81
36,81
36,81
36,81
36,82
36,81
36,81
36,81
36,81
37,81
37,81
37,81
37,81
37,81
37,81
37,81
37,82
37,82
37,81
38,81
38,81
38,81
38,81
38,81
38,81
38,81
38,81
38,81
38,81
39,82
39,81
39,82
39,82
39,81
39,81
39,81
39,82
39,81
40,81
40,81
40,82
40,81
40,81
40,81
40,81
40,81
40,81
40,81
41,82
41,82
41,82
41,81
41,81
41,81
41,81
41,82
41,82
41,81
41,81
42,81
42,81
42,81
42,81
42,81
42,81
42,81
42,81
42,81
42,81
43,82
43,82
43,81
43,81
43,82
43,82
43,81
43,81
43,81
43,81
44,81
44,81
44,81
44,82
44,81
44,81
44,81
44,81
44,82
44,82
45,81
45,82
45,81
45,81
45,82
45,81
45,81
45,81
45,81
46,81
46,81
46,81
46,81
46,81
46,81
46,81
46,81
46,81
46,82
47,81
47,81
47,81
47,82
47,82
47,81
47,81
47,81
47,81
47,81
48,81
48,81
48,81
48,81
48,82
48,82
48,81
48,81
48,81
48,81
48,82
49,81
49,81
49,82
49,82
49,82
49,81
49,81
49,81
49,81
49,82
50,81
50,81
50,81
50,81
50,81
50,81
50,81
50,82
50,82
50,81
51,81
51,81
51,80
51,81
51,81
51,81
51,81
51,81
51,81
51,81
52,81
52,81
52,81
52,82
52,81
52,81
52,82
52,81
52,81
52,81
53,81
53,81
53,81
53,81
53,81
53,81
53,81
53,81
53,81
53,81
54,81
54,81
54,81
54,81
54,81
54,81
54,81
54,81
54,81
54,81
55,81
55,81
55,82
55,82
55,81
55,81
55,81
55,81
55,81
56,81
56,81
56,81
56,81
56,81
56,81
56,82
56,81
56,81
56,81
57,81
57,81
57,81
57,81
57,81
57,81
57,82
57,81
57,81
57,81
58,81
58,81
58,81
58,81
58,81
58,81
58,81
58,81
58,82
58,82
58,82
59,82
59,82
59,82
59,81
59,81
59,81
59,81
59,81
59,81
59,81
60,81
60,81
60,81
60,81
60,81
60,81
60,81
60,82
60,82
60,82
61,82
61,81
61,81
61,81
61,81
61,81
61,81
61,81
61,81
62,81
62,81
62,81
62,81
62,81
62,81
62,81
62,81
62,81
62,82
63,81
63,81
63,81
63,82
63,81
63,81
63,81
63,81
63,81
63,81
64,81
64,81
64,81
64,81
64,81
64,82
64,82
64,81
64,81
64,81
64,81
65,81
65,81
65,81
65,81
65,81
65,81
65,81
65,81
65,81
65,81
66,81
66,81
66,81
66,81
66,81
66,81
66,81
66,81
66,82
66,82
67,81
67,81
67,81
67,81
67,81
67,81
67,81
67,81
67,81
68,81
68,81
68,81
68,81
68,81
68,81
68,81
68,81
68,81
68,81
69,81
69,81
69,81
69,81
69,81
69,81
69,82
69,81
69,81
69,82
70,82
70,81
70,81
70,81
70,81
70,81
70,81
70,81
70,81
70,81
71,81
71,81
71,81
71,81
71,81
71,81
71,81
71,81
71,81
71,82
71,82
72,81
72,82
72,81
72,81
72,82
72,81
72,81
72,81
72,81
73,81
73,81
73,81
73,81
73,81
73,81
73,81
73,81
73,81
73,81
74,81
74,81
74,81
74,81
74,82
74,82
74,81
74,81
74,81
74,81
75,82
75,81
75,81
75,81
75,81
75,81
75,81
75,81
75,81
75,81
76,81
76,81
76,81
76,82
76,82
76,82
76,82
76,82
76,82
76,82
76,82
77,81
77,81
77,81
77,81
77,81
77,81
77,81
77,82
77,81
77,81
78,81
78,82
78,81
78,81
78,81
78,81
78,81
78,81
78,81
79,82
79,82
79,81
79,81
79,81
79,81
79,81
79,81
79,81
79,82
80,81
80,81
80,81
80,81
80,81
80,81
80,81
80,81
80,81
80,81
81,81
81,81
81,81
81,81
81,81
81,81
81,81
81,81
81,81
81,81
82,81
82,82
82,82
82,82
82,81
82,81
82,81
82,81
82,81
82,81
83,81
83,81
83,81
83,81
83,81
83,81
83,81
83,81
83,81
83,81
84,82
84,81
84,81
84,81
84,81
84,81
84,81
84,81
84,81
84,81
85,81
85,81
85,81
85,81
85,81
85,81
85,81
85,81
85,81
85,81
85,81
86,81
86,81
86,81
86,81
86,81
86,81
86,81
86,81
86,82
87,82
87,82
87,81
87,81
87,81
87,81
87,81
87,81
87,81
87,81
88,81
88,81
88,81
88,81
88,81
88,81
88,81
88,81
88,81
88,81
89,81
89,81
89,81
89,81
89,81
89,81
89,81
89,81
89,81
89,81
90,81
90,81
90,81
90,81
90,81
90,81
90,81
90,82
90,81
90,81
91,81
91,81
91,81
91,81
91,81
91,81
91,81
91,81
91,82
91,81
91,81
92,81
92,81
92,81
92,81
92,82
92,81
92,81
92,81
92,81
92,81
93,81
93,82
93,81
93,81
93,81
93,81
93,81
93,81
93,81
94,81
94,81
94,81
94,82
94,82
94,82
94,82
94,82
94,82
94,81
95,81
95,81
95,82
95,81
95,81
95,81
95,82
95,82
95,82
95,81
96,82
96,81
96,81
96,81
96,81
96,81
96,82
96,81
96,81
96,81
97,81
97,82
97,82
97,82
97,81
97,81
97,81
97,81
97,81
97,81
98,81
98,81
98,81
98,81
98,81
98,82
98,82
98,81
98,81
98,81
99,81
99,81
99,81
99,81
99,81
99,81
99,81
99,82
99,82
100,81
100,81
100,81
100,82
100,82
100,81
100,81
100,81
100,81
100,81
100,81
100,81
101,81
101,81
101,81
101,81
101,82
101,81
101,81
101,82
101,81
102,81
102,81
102,81
102,81
102,81
102,82
102,81
102,81
102,81
102,81
103,82
103,82
103,81
103,81
103,82
103,82
103,81
103,81
103,81
103,81
104,81
104,82
104,82
104,81
104,82
104,82
104,81
104,81
104,81
104,81
105,81
105,81
105,81
105,81
105,81
105,81
105,81
105,81
105,81
105,81
106,81
106,81
106,81
106,81
106,81
106,81
106,81
106,81
106,81
106,81
107,82
107,81
107,81
107,81
107,81
107,81
107,81
107,82
107,81
108,81
108,81
108,81
108,82
108,82
108,81
108,81
108,81
108,81
108,81
109,82
109,82
109,81
109,81
109,81
109,81
109,81
109,81
109,81
109,81
109,81
110,81
110,81
110,81
110,81
110,81
110,81
110,81
110,81
110,81
110,81
111,81
111,81
111,81
111,81
111,81
111,82
111,82
111,81
111,81
112,81
112,81
112,81
112,81
112,81
112,81
112,81
112,81
112,81
112,81
112,81
113,81
113,81
113,81
113,81
113,81
113,81
113,81
113,81
113,81
113,81
114,81
114,81
114,81
114,81
114,81
114,81
114,81
114,81
114,81
114,81
115,81
115,81
115,81
115,81
115,81
115,81
115,81
115,82
115,81
115,81
116,81
116,81
116,81
116,82
116,81
116,81
116,81
116,81
116,81
116,81
117,81
117,82
117,81
117,81
117,81
117,81
117,81
117,81
117,81
118,81
118,81
118,81
118,81
118,81
118,82
118,81
118,81
118,81
118,81
119,81
119,81
119,81
119,81
119,81
119,81
119,81
119,82
119,82
119,81
120,81
120,81
120,81
120,81
120,81
120,81
120,81
120,82
120,81
120,81
120,81
121,81
121,81
121,81
121,82
121,81
121,81
121,81
121,81
121,81
121,82
122,81
122,81
122,81
122,81
122,81
122,81
122,81
122,81
122,81
122,81
123,81
123,81
123,81
123,81
123,81
123,81
123,81
123,81
123,81
123,81
124,81
124,81
124,81
124,81
124,81
124,82
124,82
124,81
124,81
125,81
125,81
125,81
125,81
125,81
125,81
125,81
125,81
125,81
125,81
126,81
126,81
126,81
126,81
126,81
126,81
126,81
126,81
126,81
126,81
126,81
127,81
127,81
127,81
127,81
127,81
127,81
127,81
127,81
127,81
127,81
128,81
128,81
128,81
128,81
128,81
128,81
128,81
128,81
128,82
128,82
129,81
129,81
129,81
129,81
129,81
129,81
129,81
129,81
129,81
129,81
130,81
130,81
130,81
130,81
130,81
130,81
130,81
130,81
130,81
131,81
131,81
131,81
131,82
131,82
131,81
131,81
131,81
131,81
131,81
132,81
132,81
132,81
132,81
132,81
132,81
132,81
132,81
132,81
132,81
133,82
133,81
133,81
133,81
133,81
133,81
133,81
133,81
133,81
133,81
133,81
134,81
134,81
134,81
134,81
134,81
134,81
134,81
134,81
134,81
134,81
135,81
135,81
135,81
135,81
135,81
135,81
135,81
135,81
135,81
135,82
136,81
136,81
136,81
136,82
136,81
136,81
136,81
136,81
136,81
136,81
137,81
137,81
137,81
137,81
137,81
137,81
137,81
137,82
137,82
137,82
138,82
138,81
138,81
138,81
138,81
138,81
138,81
138,81
138,81
139,81
139,81
139,82
139,82
139,82
139,81
139,81
139,81
139,81
139,81
140,81
140,81
140,81
140,81
140,81
140,81
140,81
140,81
140,81
140,81
141,81
141,81
141,81
141,81
141,81
141,81
141,81
141,81
141,81
141,81
142,81
142,81
142,81
142,81
142,81
142,81
142,81
142,82
142,81
142,81
142,81
143,81
143,81
143,81
143,81
143,81
143,81
143,81
143,81
143,81
143,81
144,81
144,81
144,81
144,81
144,82
144,82
144,81
144,81
144,81
144,81
145,81
145,81
145,81
145,81
145,81
145,81
145,81
145,81
145,81
145,81
146,81
146,81
146,81
146,81
146,81
146,81
146,81
146,81
146,81
147,81
147,81
147,81
147,81
147,81
147,81
147,81
147,81
147,81
147,81
148,81
148,81
148,81
148,81
148,81
148,81
148,81
148,81
148,81
148,81
149,81
149,81
149,81
149,81
149,81
149,81
149,81
149,81
149,81
149,81
149,81
150,81
150,81
150,81
150,81
150,81
150,81
150,81
150,81
150,81
151,81
151,81
151,80
151,81
151,81
151,81
151,81
151,81
151,81
151,82
152,81
152,81
152,81
152,81
152,81
152,81
152,81
152,81
152,81
152,82
153,81
153,81
153,81
153,81
153,81
153,81
153,81
153,81
153,81
153,81
154,81
154,81
154,81
154,81
154,81
154,81
154,81
154,81
154,81
154,81
154,81
155,81
155,81
155,81
155,82
155,81
155,81
155,81
155,82
155,81
155,81
156,81
156,81
156,81
156,81
156,81
156,81
156,81
156,81
156,81
156,81
157,82
157,81
157,81
157,81
157,81
157,81
157,81
157,81
157,81
158,82
158,82
158,81
158,81
158,81
158,81
158,81
158,81
158,81
158,81
159,81
159,81
159,81
159,81
159,81
159,81
159,81
159,81
159,81
159,81
160,81
160,81
160,81
160,81
160,81
160,81
160,81
160,81
160,82
160,82
161,81
161,81
161,82
161,82
161,81
161,81
161,81
161,81
161,81
161,81
161,81
162,81
162,81
162,81
162,81
162,81
162,81
162,81
162,82
162,81
162,81
163,81
163,81
163,81
163,81
163,81
163,81
163,81
163,82
163,81
163,81
164,81
164,82
164,81
164,81
164,81
164,81
164,81
164,82
164,81
165,81
165,81
165,81
165,81
165,81
165,81
165,81
165,81
165,81
165,81
166,81
166,81
166,81
166,81
166,81
166,81
166,81
166,81
166,81
166,81
167,81
167,81
167,81
167,81
167,81
167,81
167,81
167,81
167,81
167,81
168,81
168,81
168,81
168,81
168,81
168,81
168,81
168,81
168,81
169,81
169,81
169,81
169,81
169,81
169,81
169,81
169,81
169,81
169,82
169,81
169,81
170,81
170,81
170,81
170,81
170,81
170,81
170,81
170,81
170,82
170,82
171,81
171,81
171,81
171,81
171,81
171,81
171,81
171,81
171,81
172,81
172,81
172,81
172,81
172,81
172,81
172,81
172,81
172,81
172,81
173,81
173,81
173,81
173,81
173,81
173,81
173,81
173,81
173,81
173,80
174,81
174,81
174,81
174,81
174,81
174,81
174,81
174,81
174,81
174,81
175,81
175,81
175,81
175,81
175,81
175,81
175,81
175,81
175,81
176,81
176,81
176,81
176,81
176,81
176,81
176,81
176,81
176,81
176,81
177,81
177,81
177,81
177,81
177,81
177,81
177,81
177,81
177,81
177,81
178,81
178,81
178,81
178,81
178,81
178,81
178,81
178,81
178,81
178,81
178,81
179,81
179,81
179,81
179,81
179,81
179,81
179,81
179,81
179,81
179,81
180,81
180,81
180,82
180,81
180,81
180,81
180,81
180,81
180,81
180,81
181,81
181,81
181,81
181,81
181,81
181,81
181,81
181,81
181,81
181,81
182,81
182,81
182,81
182,81
182,81
182,81
182,81
182,81
182,81
182,81
183,81
183,80
183,81
183,81
183,81
183,81
183,81
183,81
183,81
184,81
184,81
184,81
184,81
184,81
184,81
184,81
184,81
184,81
184,81
184,81
185,81
185,81
185,81
185,81
185,81
185,81
185,81
185,81
185,81
185,81
186,81
186,81
186,81
186,81
186,81
186,81
186,81
186,81
186,81
187,81
187,81
187,81
187,81
187,81
187,81
187,81
187,81
187,81
187,81
188,81
188,81
188,81
188,81
188,81
188,81
188,80
188,81
188,81
188,81
188,82
189,81
189,81
189,81
189,81
189,81
189,81
189,81
189,81
189,81
189,81
190,81
190,81
190,81
190,81
190,81
190,81
190,81
190,81
190,81
190,80
191,81
191,81
191,81
191,81
191,81
191,81
191,81
191,81
191,81
191,81
192,81
192,81
192,81
192,81
192,81
192,81
192,81
192,81
192,81
192,81
193,81
193,81
193,81
193,81
193,81
193,81
193,81
193,81
193,81
194,80
194,80
194,81
194,81
194,81
194,81
194,81
194,81
194,81
194,81
195,80
195,80
195,80
195,81
195,81
195,81
195,81
195,81
195,81
195,81
196,81
196,80
196,80
196,81
196,81
196,81
196,81
196,81
196,81
196,81
196,81
197,81
197,81
197,81
197,81
197,81
197,81
197,81
197,81
197,81
197,80
198,81
198,82
198,82
198,80
198,81
198,81
198,81
198,81
198,81
198,81
199,81
199,81
199,81
199,81
199,81
199,81
199,81
199,81
199,81
199,81
200,81
200,81
200,81
200,81
200,81
200,81
200,81
200,81
200,81
201,81
201,81
201,81
201,81
201,81
201,81
201,81
201,81
201,81
201,81
202,81
202,81
202,81
202,81
202,81
202,81
202,81
202,81
202,81
202,81
203,81
203,81
203,81
203,81
203,81
203,81
203,81
203,81
203,81
203,81
204,81
204,81
204,81
204,81
204,81
204,81
204,81
204,81
204,81
204,81
204,82
205,81
205,81
205,81
205,81
205,82
205,82
205,81
205,81
205,81
205,81
206,81
206,81
206,81
206,81
206,81
206,81
206,81
206,81
206,81
206,81
207,81
207,81
207,81
207,81
207,81
207,81
207,81
207,81
207,81
207,81
208,81
208,81
208,81
208,81
208,81
208,81
208,81
208,81
208,81
208,81
209,81
209,80
209,81
209,81
209,81
209,81
209,81
209,81
209,81
210,81
210,81
210,81
210,81
210,81
210,81
210,81
210,81
210,81
210,81
211,81
211,81
211,81
211,81
211,81
211,81
211,81
211,81
211,81
211,81
212,81
212,81
212,81
212,81
212,81
212,81
212,80
212,81
212,81
212,81
212,81
213,81
213,81
213,81
213,81
213,81
213,81
213,81
213,81
213,81
213,81
214,81
214,81
214,81
214,81
214,81
214,81
214,81
214,81
214,81
215,81
215,81
215,81
215,81
215,82
215,82
215,81
215,81
215,81
215,81
216,81
216,81
216,81
216,81
216,81
216,81
216,81
216,80
216,81
216,81
216,81
217,81
217,81
217,81
217,81
217,81
217,81
217,81
217,81
217,81
217,81
218,81
218,81
218,81
218,81
218,80
218,80
218,81
218,81
218,81
218,81
219,81
219,81
219,81
219,81
219,81
219,81
219,81
219,81
219,81
219,81
220,81
220,81
220,81
220,81
220,81
220,81
220,81
220,81
220,81
220,81
221,81
221,81
221,81
221,81
221,81
221,81
221,81
221,81
221,81
222,81
222,81
222,81
222,80
222,80
222,81
222,81
222,81
222,81
222,81
223,81
223,81
223,81
223,81
223,81
223,81
223,81
223,81
223,81
223,81
224,80
224,81
224,81
224,81
224,81
224,81
224,81
224,81
224,81
224,81
224,81
225,81
225,80
225,80
225,81
225,81
225,81
225,81
225,81
225,80
225,80
226,81
226,81
226,81
226,81
226,81
226,80
226,80
226,81
226,81
226,81
227,81
227,81
227,81
227,81
227,81
227,81
227,81
227,81
227,81
228,80
228,80
228,81
228,80
228,80
228,81
228,81
228,81
228,80
228,81
229,81
229,81
229,81
229,81
229,81
229,81
229,81
229,81
229,81
229,81
230,81
230,81
230,81
230,81
230,81
230,81
230,81
230,81
230,81
230,80
231,81
231,81
231,81
231,81
231,80
231,80
231,81
231,81
231,81
231,81
232,81
232,81
232,81
232,81
232,81
232,81
232,81
232,81
232,80
232,80
232,81
233,81
233,81
233,81
233,81
233,81
233,81
233,81
233,81
233,81
233,81
234,80
234,81
234,81
234,81
234,81
234,81
234,81
234,81
234,81
234,81
235,81
235,81
235,81
235,81
235,81
235,81
235,81
235,81
235,81
236,81
236,81
236,81
236,81
236,81
236,81
236,81
236,81
236,81
236,81
237,81
237,81
237,81
237,81
237,81
237,81
237,81
237,81
237,81
237,81
238,81
238,81
238,81
238,81
238,81
238,81
238,80
238,81
238,81
238,81
239,81
239,81
239,81
239,81
239,81
239,81
239,81
239,81
239,81
239,81
240,81
240,81
240,81
240,80
240,81
240,81
240,81
240,81
240,81
240,81
241,81
241,81
241,81
241,81
241,81
241,81
241,81
241,81
241,81
241,81
242,81
242,81
242,80
242,80
242,81
242,81
242,81
242,81
242,81
242,81
243,81
243,80
243,81
243,81
243,81
243,81
243,81
243,81
243,81
243,81
243,81
244,81
244,81
244,81
244,80
244,81
244,81
244,81
244,81
244,80
244,80
245,81
245,80
245,80
245,81
245,81
245,81
245,81
245,81
245,81
245,81
246,81
246,80
246,80
246,80
246,80
246,80
246,80
246,80
246,80
247,81
247,81
247,81
247,81
247,81
247,81
247,80
247,81
247,81
247,81
248,80
248,80
248,80
248,80
248,81
248,81
248,81
248,80
248,80
248,81
249,80
249,81
249,81
249,81
249,81
249,81
249,81
249,81
249,80
249,80
250,81
250,80
250,80
250,81
250,80
250,81
250,81
250,80
250,80
250,80
251,81
251,81
251,81
251,81
251,81
251,81
251,81
251,81
251,81
251,80
251,80
252,81
252,81
252,81
252,81
252,81
252,81
252,81
252,81
252,81
253,81
253,81
253,80
253,81
253,81
253,81
253,81
253,81
253,81
253,80
254,80
254,80
254,81
254,81
254,81
254,81
254,81
254,80
254,80
254,81
255,81
255,81
255,81
255,81
255,81
255,81
255,81
255,81
255,81
255,81
256,80
256,80
256,80
256,81
256,81
256,81
256,81
256,80
256,81
256,81
257,81
257,81
257,81
257,81
257,81
257,81
257,81
257,80
257,81
257,81
258,80
258,81
258,81
258,81
258,81
258,81
258,81
258,80
258,81
258,80
258,80
259,81
259,81
259,81
259,80
259,80
259,81
259,81
259,81
259,81
259,81
260,80
260,80
260,81
260,81
260,80
260,81
260,81
260,81
260,81
261,80
261,80
261,81
261,81
261,81
261,81
261,81
261,80
261,80
261,81
262,81
262,81
262,81
262,81
262,80
262,80
262,81
262,81
262,81
262,81
263,81
263,81
263,81
263,80
263,80
263,80
263,80
263,81
263,81
263,81
264,81
264,81
264,81
264,81
264,80
264,80
264,81
264,81
264,81
264,81
265,81
265,81
265,81
265,80
265,81
265,81
265,81
265,81
265,81
265,81
266,81
266,81
266,81
266,81
266,81
266,80
266,80
266,81
266,80
266,81
266,81
267,81
267,81
267,81
267,80
267,81
267,80
267,80
267,80
267,81
267,81
268,81
268,81
268,81
268,81
268,80
268,81
268,81
268,80
268,81
268,81
269,81
269,81
269,81
269,81
269,80
269,81
269,81
269,80
269,81
270,81
270,81
270,81
270,81
270,81
270,81
270,81
270,81
270,81
270,81
271,81
271,81
271,81
271,80
271,81
271,81
271,81
271,81
271,81
271,81
272,80
272,81
272,81
272,81
272,80
272,80
272,81
272,80
272,80
272,80
273,81
273,80
273,80
273,81
273,80
273,80
273,80
273,81
273,81
273,81
274,80
274,80
274,81
274,81
274,81
274,80
274,80
274,81
274,80
275,81
275,81
275,81
275,80
275,80
275,81
275,80
275,80
275,80
275,80
276,80
276,80
276,81
276,80
276,81
276,81
276,81
276,81
276,81
276,81
276,80
277,81
277,81
277,80
277,81
277,81
277,81
277,81
277,81
277,81
277,80
278,81
278,81
278,81
278,81
278,80
278,80
278,81
278,81
278,81
278,81
279,81
279,80
279,80
279,81
279,80
279,80
279,81
279,81
279,80
279,80
280,80
280,80
280,80
280,81
280,80
280,80
280,80
280,81
280,81
280,81
281,81
281,81
281,81
281,80
281,81
281,81
281,81
281,80
281,80
281,80
282,81
282,80
282,80
282,80
282,80
282,80
282,80
282,80
282,81
283,80
283,80
283,81
283,81
283,81
283,81
283,81
283,81
283,81
283,81
284,81
284,81
284,81
284,80
284,80
284,80
284,81
284,81
284,81
284,81
284,81
285,80
285,80
285,81
285,81
285,80
285,80
285,80
285,81
285,81
285,81
286,80
286,81
286,81
286,80
286,81
286,81
286,80
286,80
286,80
286,81
287,80
287,80
287,80
287,80
287,80
287,80
287,80
287,81
287,80
287,80
288,80
288,80
288,80
288,81
288,81
288,81
288,81
288,81
288,81
288,81
289,81
289,81
289,80
289,80
289,80
289,81
289,81
289,80
289,81
290,80
290,80
290,81
290,81
290,81
290,81
290,81
290,80
290,80
290,80
291,80
291,80
291,81
291,81
291,81
291,80
291,80
291,81
291,81
291,80
292,81
292,81
292,80
292,81
292,80
292,80
292,80
292,80
292,80
292,81
292,81
293,81
293,81
293,80
293,81
293,81
293,81
293,80
293,81
293,81
293,80
294,80
294,80
294,81
294,80
294,81
294,81
294,81
294,81
294,81
294,80
295,81
295,81
295,81
295,80
295,81
295,81
295,81
295,80
295,80
295,81
296,80
296,81
296,81
296,81
296,81
296,81
296,80
296,80
296,81
296,81
297,81
297,80
297,80
297,81
297,81
297,80
297,80
297,81
297,81
297,81
298,81
298,81
298,81
298,81
298,80
298,80
298,80
298,81
298,80
298,80
299,81
299,80
299,80
299,80
299,81
299,80
299,80
299,80
299,80
300,80
300,80
300,81
300,80
300,80
300,81
300,80
300,80
300,80
300,80
301,81
301,81
301,81
301,80
301,81
301,80
301,80
301,80
301,80
301,80
301,80
302,80
302,81
302,81
302,80
302,80
302,80
302,80
302,81
302,80
302,80
303,81
303,80
303,80
303,80
303,80
303,80
303,80
303,80
303,80
304,80
304,80
304,80
304,80
304,80
304,80
304,80
304,81
304,81
304,80
305,80
305,80
305,80
305,81
305,80
305,80
305,80
305,80
305,80
305,80
305,81
306,80
306,80
306,81
306,80
306,80
306,80
306,80
306,81
306,81
306,80
307,80
307,80
307,81
307,80
307,80
307,80
307,80
307,81
307,80
307,80
308,80
308,80
308,80
308,80
308,80
308,80
308,80
308,80
308,81
308,81
309,80
309,80
309,80
309,80
309,80
309,80
309,80
309,80
309,80
310,80
310,80
310,80
310,80
310,80
310,80
310,80
310,80
310,80
310,80
311,80
311,80
311,80
311,80
311,80
311,80
311,80
311,80
311,80
311,80
311,80
312,80
312,80
312,80
312,80
312,80
312,81
312,80
312,81
312,81
312,80
313,81
313,81
313,80
313,80
313,80
313,80
313,81
313,80
313,80
313,80
314,80
314,80
314,80
314,80
314,80
314,80
314,80
314,80
314,80
314,80
315,80
315,80
315,81
315,81
315,80
315,81
315,81
315,80
315,80
316,80
316,80
316,80
316,80
316,80
316,80
316,80
316,81
316,80
316,80
317,80
317,80
317,80
317,80
317,80
317,80
317,80
317,80
317,80
317,80
317,80
318,80
318,80
318,80
318,80
318,80
318,80
318,80
318,80
318,80
318,80
319,81
319,81
319,81
319,80
319,80
319,80
319,80
319,80
319,80
319,80
320,80
320,80
320,80
320,81
320,80
320,80
320,80
320,80
320,80
320,80
321,80
321,80
321,80
321,80
321,80
321,80
321,80
321,80
321,80
322,80
322,80
322,80
322,80
322,80
322,80
322,81
322,80
322,80
322,80
323,80
323,80
323,80
323,81
323,80
323,80
323,80
323,80
323,80
323,80
324,80
324,80
324,80
324,80
324,80
324,80
324,80
324,80
324,80
324,80
324,80
325,80
325,80
325,80
325,80
325,80
325,80
325,80
325,80
325,80
325,80
326,80
326,80
326,80
326,80
326,81
326,81
326,81
326,80
326,80
326,80
327,81
327,80
327,81
327,81
327,80
327,80
327,80
327,80
327,80
327,80
328,81
328,80
328,80
328,80
328,80
328,80
328,81
328,81
328,80
329,80
329,80
329,80
329,80
329,80
329,80
329,80
329,80
329,81
329,81
330,81
330,81
330,81
330,80
330,80
330,80
330,80
330,80
330,80
330,80
331,81
331,80
331,80
331,80
331,80
331,80
331,80
331,80
331,80
331,80
331,80
332,80
332,80
332,80
332,80
332,81
332,81
332,80
332,80
332,80
332,80
333,80
333,80
333,80
333,80
333,80
333,80
333,80
333,80
333,80
333,80
334,80
334,80
334,80
334,80
334,81
334,81
334,81
334,80
334,80
335,80
335,80
335,80
335,80
335,80
335,80
335,80
335,80
335,80
335,80
336,80
336,80
336,80
336,80
336,80
336,80
336,80
336,80
336,80
336,80
337,80
337,81
337,81
337,80
337,80
337,80
337,80
337,80
337,80
337,80
338,80
338,80
338,80
338,80
338,80
338,80
338,80
338,80
338,80
338,80
338,80
339,80
339,80
339,80
339,80
339,80
339,81
339,81
339,81
339,80
339,80
340,80
340,80
340,80
340,80
340,80
340,80
340,80
340,80
340,80
341,80
341,80
341,80
341,80
341,80
341,80
341,80
341,80
341,80
341,80
342,80
342,80
342,80
342,80
342,80
342,80
342,80
342,80
342,80
342,80
343,80
343,80
343,80
343,80
343,80
343,80
343,80
343,80
343,80
343,80
344,80
344,80
344,80
344,80
344,80
344,80
344,80
344,80
344,81
344,81
345,80
345,80
345,80
345,80
345,80
345,80
345,80
345,80
345,80
346,80
346,80
346,80
346,80
346,80
346,80
346,80
346,80
346,80
346,80
347,80
347,80
347,80
347,80
347,80
347,80
347,80
347,80
347,80
347,80
347,80
347,80
348,80
348,80
348,80
348,80
348,80
348,80
348,80
348,80
348,80
349,80
349,80
349,80
349,80
349,80
349,80
349,80
349,80
349,80
349,80
350,80
350,80
350,80
350,80
350,80
350,80
350,80
350,80
350,80
350,81
351,81
351,81
351,81
351,80
351,80
351,80
351,80
351,80
351,80
351,80
352,80
352,80
352,80
352,80
352,80
352,80
352,80
352,81
352,80
352,80
353,80
353,80
353,80
353,80
353,80
353,80
353,80
353,80
353,80
353,80
354,80
354,80
354,80
354,80
354,80
354,80
354,80
354,80
354,80
354,80
355,80
355,80
355,80
355,80
355,80
355,80
355,80
355,80
355,80
356,80
356,80
356,80
356,80
356,80
356,80
356,80
356,80
356,80
356,80
356,80
356,80
357,80
357,80
357,80
357,80
357,80
357,80
357,80
357,80
357,80
358,80
358,80
358,80
358,80
358,80
358,80
358,80
358,80
358,80
358,80
359,80
359,80
359,79
359,80
359,80
359,80
359,80
359,80
359,80
359,80
360,80
360,80
360,80
360,80
360,80
360,80
360,80
360,80
360,80
360,80
361,80
361,80
361,80
361,80
361,80
361,80
361,79
361,80
361,80
361,80
362,80
362,80
362,80
362,80
362,80
362,80
362,80
362,80
362,79
362,79
363,80
363,80
363,80
363,80
363,80
363,80
363,80
363,80
363,80
364,80
364,80
364,80
364,80
364,80
364,79
364,80
364,80
364,80
364,80
365,80
365,80
365,80
365,80
365,80
365,80
365,80
365,80
365,80
365,80
365,80
366,80
366,80
366,80
366,80
366,80
366,80
366,80
366,80
366,80
366,80
367,80
367,80
367,80
367,80
367,80
367,80
367,80
367,80
367,80
367,80
368,80
368,80
368,80
368,80
368,80
368,80
368,80
368,80
368,80
368,80
369,80
369,80
369,80
369,80
369,80
369,80
369,80
369,80
369,80
370,80
370,80
370,80
370,80
370,80
370,79
370,80
370,80
370,80
370,80
371,80
371,80
371,80
371,80
371,80
371,80
371,80
371,80
371,80
371,79
372,80
372,80
372,80
372,80
372,80
372,80
372,80
372,80
372,80
372,80
372,80
373,80
373,80
373,80
373,80
373,80
373,80
373,80
373,80
373,80
373,80
374,80
374,80
374,80
374,80
374,80
374,80
374,80
374,80
374,80
374,80
375,80
375,80
375,80
375,80
375,80
375,80
375,80
375,80
375,80
375,80
376,80
376,80
376,80
376,80
376,80
376,80
376,80
376,79
376,80
376,80
377,80
377,80
377,80
377,80
377,80
377,80
377,80
377,80
377,79
378,80
378,80
378,80
378,80
378,80
378,80
378,80
378,80
378,80
378,80
379,80
379,80
379,80
379,80
379,80
379,80
379,80
379,80
379,80
379,80
379,80
380,80
380,80
380,79
380,79
380,79
380,80
380,80
380,80
380,80
380,80
381,80
381,80
381,80
381,79
381,80
381,80
381,79
381,80
381,80
381,80
382,80
382,80
382,80
382,80
382,80
382,80
382,80
382,80
382,79
382,79
383,80
383,80
383,80
383,80
383,80
383,80
383,80
383,80
383,80
383,80
384,80
384,80
384,79
384,79
384,80
384,80
384,80
384,80
384,80
385,80
385,80
385,80
385,80
385,80
385,80
385,80
385,80
385,80
385,80
386,80
386,80
386,80
386,80
386,80
386,80
386,80
386,80
386,80
386,81
387,80
387,80
387,80
387,80
387,80
387,80
387,80
387,80
387,80
387,80
388,80
388,80
388,80
388,80
388,80
388,80
388,80
388,80
388,80
388,80
388,80
389,80
389,80
389,80
389,80
389,80
389,80
389,80
389,80
389,80
389,80
390,80
390,80
390,80
390,79
390,80
390,80
390,79
390,79
390,80
390,80
391,80
391,80
391,80
391,80
391,80
391,80
391,79
391,80
391,80
391,80
392,80
392,80
392,80
392,79
392,80
392,80
392,80
392,80
392,80
393,80
393,80
393,80
393,80
393,80
393,80
393,80
393,80
393,80
393,80
394,80
394,80
394,80
394,80
394,80
394,80
394,80
394,80
394,80
394,80
395,80
395,80
395,80
395,80
395,80
395,80
395,80
395,80
395,80
395,80
395,80
396,80
396,80
396,80
396,80
396,80
396,80
396,80
396,80
396,80
396,80
397,80
397,80
397,80
397,79
397,80
397,80
397,79
397,79
397,80
397,80
398,80
398,80
398,80
398,80
398,79
398,79
398,79
398,80
398,79
399,80
399,80
399,80
399,80
399,80
399,79
399,80
399,80
399,80
399,80
400,79
400,79
400,80
400,80
400,80
400,80
400,80
400,80
400,80
400,80
401,79
401,79
401,79
401,80
401,79
401,79
401,80
401,80
401,79
401,79
402,80
402,79
402,79
402,80
402,80
402,79
402,79
402,80
402,79
402,79
402,80
403,80
403,79
403,79
403,80
403,79
403,80
403,80
403,79
403,80
403,80
404,80
404,79
404,80
404,80
404,80
404,80
404,80
404,80
404,80
405,80
405,80
405,80
405,80
405,80
405,80
405,80
405,79
405,79
405,80
406,79
406,79
406,79
406,79
406,80
406,80
406,80
406,80
406,80
406,80
407,80
407,79
407,79
407,80
407,79
407,79
407,80
407,80
407,79
407,79
408,80
408,80
408,80
408,79
408,80
408,79
408,79
408,80
408,79
408,79
409,79
409,79
409,80
409,80
409,80
409,80
409,80
409,79
409,80
409,79
409,79
410,80
410,79
410,79
410,79
410,79
410,79
410,79
410,80
410,80
410,80
411,79
411,80
411,79
411,79
411,79
411,80
411,80
411,80
411,80
412,80
412,80
412,80
412,80
412,80
412,80
412,80
412,79
412,79
412,80
413,79
413,80
413,80
413,80
413,79
413,79
413,80
413,80
413,79
413,79
414,79
414,80
414,80
414,79
414,80
414,80
414,79
414,80
414,80
414,80
415,80
415,80
415,80
415,80
415,80
415,79
415,79
415,79
415,80
415,80
416,79
416,80
416,80
416,80
416,80
416,80
416,80
416,79
416,80
417,79
417,79
417,80
417,80
417,80
417,80
417,80
417,80
417,80
417,80
417,79
417,79
418,80
418,80
418,80
418,80
418,80
418,80
418,80
418,79
418,80
418,80
419,79
419,80
419,80
419,80
419,80
419,80
419,79
419,79
419,79
420,80
420,80
420,79
420,79
420,79
420,79
420,80
420,80
420,80
420,80
421,80
421,80
421,79
421,80
421,80
421,80
421,80
421,80
421,80
421,80
422,79
422,79
422,79
422,79
422,79
422,79
422,80
422,79
422,79
422,79
423,79
423,79
423,79
423,79
423,79
423,80
423,80
423,80
423,80
423,80
424,80
424,80
424,80
424,80
424,79
424,79
424,79
424,80
424,80
425,79
425,79
425,79
425,79
425,79
425,80
425,80
425,79
425,79
425,80
425,79
425,79
426,80
426,80
426,80
426,80
426,79
426,80
426,80
426,79
426,80
427,79
427,79
427,79
427,79
427,79
427,80
427,79
427,79
427,79
427,79
428,80
428,80
428,80
428,79
428,79
428,79
428,80
428,80
428,80
428,79
429,79
429,80
429,80
429,79
429,80
429,80
429,79
429,80
429,79
429,79
430,80
430,79
430,79
430,79
430,80
430,80
430,80
430,79
430,80
430,79
430,79
431,80
431,80
431,80
431,80
431,79
431,80
431,80
431,79
431,80
431,80
432,79
432,80
432,80
432,80
432,79
432,79
432,79
432,79
432,79
433,79
433,79
433,80
433,80
433,80
433,80
433,79
433,80
433,80
433,80
434,79
434,79
434,80
434,79
434,80
434,80
434,79
434,79
434,79
434,80
435,80
435,79
435,79
435,79
435,79
435,79
435,80
435,80
435,80
435,79
436,79
436,79
436,79
436,80
436,80
436,79
436,79
436,79
436,79
436,79
437,79
437,79
437,79
437,79
437,80
437,80
437,80
437,79
437,79
437,79
437,79
438,79
438,80
438,80
438,80
438,79
438,80
438,80
438,79
438,79
438,79
439,79
439,79
439,79
439,79
439,80
439,79
439,79
439,80
439,79
440,79
440,79
440,79
440,79
440,79
440,79
440,79
440,79
440,79
440,79
441,79
441,79
441,79
441,79
441,79
441,79
441,79
441,79
441,79
441,79
442,79
442,79
442,79
442,79
442,79
442,79
442,79
442,79
442,79
442,79
443,79
443,80
443,80
443,79
443,80
443,79
443,79
443,79
443,79
443,79
444,79
444,79
444,79
444,79
444,79
444,80
444,80
444,79
444,80
445,79
445,79
445,80
445,79
445,79
445,79
445,80
445,80
445,80
445,79
445,79
445,79
446,79
446,79
446,79
446,79
446,79
446,79
446,79
446,79
446,80
447,79
447,79
447,79
447,79
447,79
447,79
447,79
447,79
447,79
447,80
448,79
448,79
448,79
448,79
448,79
448,79
448,79
448,79
448,79
448,79
449,80
449,80
449,79
449,79
449,79
449,79
449,79
449,79
449,79
449,79
450,79
450,79
450,79
450,79
450,79
450,79
450,79
450,79
450,79
450,79
451,79
451,80
451,80
451,80
451,79
451,79
451,79
451,79
451,79
451,79
452,79
452,79
452,79
452,79
452,80
452,80
452,80
452,79
452,79
452,79
453,79
453,79
453,80
453,80
453,79
453,79
453,79
453,79
453,79
454,79
454,79
454,79
454,79
454,79
454,79
454,79
454,79
454,79
454,79
454,79
455,79
455,79
455,79
455,79
455,79
455,79
455,80
455,79
455,79
455,79
456,79
456,79
456,79
456,79
456,79
456,79
456,79
456,79
456,79
457,79
457,79
457,79
457,79
457,79
457,79
457,79
457,79
457,79
457,79
458,79
458,79
458,80
458,79
458,79
458,79
458,79
458,80
458,80
458,80
458,80
458,80
459,79
459,79
459,79
459,79
459,79
459,79
459,79
459,79
459,79
460,79
460,79
460,79
460,79
460,79
460,79
460,79
460,80
460,80
460,79
461,79
461,79
461,79
461,80
461,79
461,79
461,79
461,79
461,79
461,79
462,79
462,79
462,79
462,80
462,79
462,79
462,79
462,80
462,79
462,79
463,79
463,79
463,79
463,79
463,79
463,79
463,79
463,79
463,79
463,79
464,79
464,79
464,79
464,79
464,79
464,79
464,79
464,79
464,79
465,79
465,79
465,79
465,79
465,79
465,79
465,79
465,79
465,79
465,79
466,79
466,79
466,79
466,79
466,79
466,79
466,79
466,79
466,79
466,79
466,79
467,79
467,79
467,79
467,79
467,79
467,79
467,79
467,79
467,79
467,79
468,79
468,79
468,79
468,79
468,79
468,79
468,79
468,79
468,79
468,79
469,79
469,79
469,79
469,79
469,80
469,80
469,79
469,79
469,80
469,80
470,79
470,79
470,79
470,79
470,79
470,79
470,79
470,79
470,79
470,79
471,79
471,79
471,79
471,79
471,79
471,79
471,79
471,79
471,79
472,79
472,79
472,79
472,79
472,79
472,79
472,79
472,79
472,79
472,79
473,79
473,79
473,79
473,79
473,79
473,79
473,79
473,79
473,79
473,79
474,80
474,80
474,79
474,79
474,79
474,79
474,79
474,79
474,79
474,79
474,79
475,79
475,79
475,79
475,79
475,79
475,79
475,79
475,79
475,79
475,79
476,79
476,79
476,79
476,79
476,79
476,79
476,79
476,79
476,79
476,79
477,79
477,79
477,79
477,79
477,79
477,79
477,79
477,79
477,79
477,79
478,79
478,79
478,79
478,79
478,79
478,79
478,79
478,79
478,79
479,79
479,79
479,79
479,79
479,79
479,79
479,79
479,79
479,79
479,79
480,79
480,79
480,79
480,79
480,79
480,79
480,79
480,79
480,79
480,79
481,79
481,79
481,79
481,79
481,79
481,79
481,79
481,79
481,79
481,79
482,79
482,79
482,79
482,79
482,79
482,79
482,79
482,79
482,79
482,79
482,79
483,79
483,79
483,79
483,79
483,79
483,79
483,79
483,79
483,79
483,79
484,79
484,79
484,79
484,79
484,79
484,79
484,79
484,79
484,79
484,79
485,79
485,79
485,79
485,79
485,79
485,79
485,79
485,79
485,79
485,79
486,79
486,79
486,79
486,79
486,79
486,79
486,79
486,79
486,79
487,79
487,79
487,79
487,79
487,79
487,79
487,79
487,79
487,79
487,79
488,79
488,79
488,79
488,79
488,79
488,79
488,79
488,79
488,79
488,79
489,79
489,79
489,79
489,79
489,79
489,79
489,79
489,79
489,79
489,79
489,79
490,79
490,79
490,79
490,79
490,79
490,79
490,79
490,79
490,79
490,79
491,79
491,79
491,79
491,79
491,79
491,79
491,79
491,79
491,79
491,79
492,80
492,79
492,78
492,78
492,79
492,79
492,79
492,79
492,79
493,79
493,79
493,79
493,79
493,79
493,79
493,79
493,79
493,79
493,79
494,79
494,79
494,79
494,79
494,79
494,79
494,79
494,79
494,79
494,79
494,79
495,79
495,79
495,79
495,79
495,79
495,79
495,79
495,79
495,79
495,79
496,79
496,79
496,79
496,79
496,79
496,79
496,79
496,79
496,79
496,79
497,79
497,78
497,79
497,79
497,79
497,79
497,78
497,78
497,79
498,79
498,79
498,79
498,79
498,79
498,79
498,79
498,79
498,79
498,79
499,79
499,79
499,79
499,78
499,79
499,79
499,79
499,79
499,79
499,79
499,79
500,79
500,79
500,79
500,79
500,79
500,79
500,79
500,79
500,79
500,79
501,79
501,79
501,79
501,79
501,79
501,79
501,79
501,79
501,79
501,79
502,79
502,79
502,79
502,79
502,79
502,79
502,79
502,79
502,79
503,79
503,79
503,79
503,79
503,79
503,79
503,79
503,79
503,79
503,79
504,79
504,79
504,79
504,79
504,79
504,79
504,79
504,79
504,79
504,79
505,78
505,79
505,79
505,79
505,79
505,79
505,79
505,79
505,79
505,79
506,79
506,79
506,79
506,79
506,78
506,79
506,79
506,79
506,79
506,79
507,79
507,79
507,79
507,79
507,79
507,79
507,79
507,78
507,79
507,79
507,79
508,79
508,79
508,79
508,79
508,78
508,79
508,79
508,79
508,79
508,79
509,79
509,79
509,79
509,79
509,79
509,78
509,78
509,79
509,79
510,79
510,79
510,78
510,79
510,79
510,79
510,79
510,79
510,79
510,79
511,79
511,79
511,79
511,79
511,79
511,79
511,79
511,79
511,79
511,78
512,79
512,79
512,79
512,79
512,78
512,78
512,78
512,79
512,79
512,79
513,78
513,79
513,79
513,79
513,79
513,79
513,79
513,79
513,78
513,79
513,79
514,79
514,79
514,79
514,79
514,79
514,79
514,79
514,78
514,79
514,79
515,79
515,78
515,79
515,79
515,79
515,79
515,79
515,79
515,79
516,79
516,79
516,79
516,78
516,78
516,79
516,79
516,79
516,79
516,79
517,79
517,79
517,79
517,79
517,79
517,79
517,78
517,79
517,79
517,79
518,79
518,79
518,79
518,79
518,78
518,78
518,79
518,79
518,79
518,79
519,79
519,78
519,78
519,79
519,78
519,78
519,79
519,78
519,78
519,78
520,79
520,79
520,79
520,79
520,79
520,79
520,79
520,79
520,79
520,79
521,79
521,78
521,78
521,78
521,79
521,79
521,79
521,79
521,78
521,79
521,79
522,79
522,78
522,78
522,79
522,78
522,79
522,79
522,78
522,79
522,79
523,78
523,79
523,79
523,79
523,78
523,79
523,79
523,79
523,79
524,79
524,79
524,79
524,78
524,78
524,78
524,78
524,78
524,78
524,79
525,79
525,79
525,79
525,79
525,79
525,79
525,79
525,78
525,78
525,79
526,79
526,78
526,78
526,78
526,79
526,79
526,79
526,79
526,78
526,78
527,79
527,79
527,79
527,78
527,79
527,79
527,79
527,78
527,78
528,79
528,79
528,79
528,79
528,79
528,79
528,78
528,79
528,79
528,79
528,79
528,79
529,79
529,78
529,79
529,79
529,78
529,78
529,78
529,78
529,79
530,78
530,78
530,78
530,79
530,79
530,79
530,78
530,79
530,79
530,78
531,79
531,79
531,79
531,79
531,78
531,78
531,78
531,79
531,79
531,79
532,79
532,79
532,79
532,79
532,79
532,79
532,79
532,78
532,79
533,79
533,79
533,79
533,79
533,79
533,78
533,78
533,78
533,78
533,79
534,78
534,78
534,78
534,79
534,79
534,79
534,79
534,79
534,79
534,78
534,79
534,79
535,78
535,79
535,79
535,79
535,79
535,79
535,79
535,79
535,78
536,78
536,78
536,79
536,79
536,78
536,78
536,78
536,78
536,78
536,78
537,78
537,78
537,78
537,79
537,78
537,79
537,79
537,79
537,79
537,79
538,79
538,78
538,78
538,78
538,78
538,78
538,78
538,78
538,78
539,79
539,79
539,78
539,78
539,78
539,79
539,79
539,79
539,79
539,78
540,78
540,78
540,79
540,79
540,79
540,79
540,78
540,78
540,78
540,79
541,79
541,79
541,79
541,78
541,78
541,78
541,79
541,79
541,78
541,78
541,79
542,78
542,78
542,79
542,79
542,79
542,79
542,78
542,79
542,79
542,78
543,78
543,78
543,78
543,78
543,78
543,78
543,78
543,78
543,78
543,78
544,78
544,78
544,78
544,79
544,78
544,78
544,79
544,78
544,78
544,78
545,79
545,79
545,79
545,79
545,79
545,79
545,79
545,78
545,79
545,79
546,78
546,79
546,78
546,78
546,78
546,79
546,79
546,79
546,78
547,78
547,78
547,78
547,79
547,79
547,78
547,78
547,78
547,78
547,78
548,78
548,78
548,79
548,78
548,79
548,79
548,78
548,78
548,78
548,79
549,78
549,78
549,78
549,78
549,78
549,78
549,79
549,79
549,78
549,78
549,78
550,78
550,78
550,79
550,78
550,78
550,78
550,79
550,78
550,78
550,78
551,78
551,78
551,78
551,78
551,78
551,78
551,79
551,78
551,79
551,79
552,79
552,79
552,79
552,79
552,79
552,78
552,78
552,78
552,78
552,78
553,78
553,79
553,79
553,79
553,78
553,78
553,78
553,78
553,79
553,79
554,79
554,78
554,78
554,78
554,78
554,78
554,78
554,78
554,78
555,78
555,78
555,78
555,78
555,78
555,79
555,78
555,78
555,78
555,79
556,78
556,78
556,78
556,79
556,78
556,78
556,78
556,78
556,78
556,78
557,78
557,78
557,78
557,78
557,78
557,78
557,78
557,79
557,78
557,78
557,78
558,79
558,79
558,78
558,78
558,78
558,78
558,79
558,78
558,78
558,79
559,79
559,79
559,79
559,79
559,79
559,79
559,78
559,78
559,78
559,78
560,78
560,79
560,79
560,78
560,79
560,78
560,78
560,78
560,78
560,78
561,79
561,78
561,78
561,78
561,79
561,79
561,79
561,78
561,78
562,78
562,78
562,78
562,78
562,78
562,78
562,78
562,79
562,79
562,78
563,79
563,79
563,78
563,78
563,78
563,78
563,78
563,78
563,78
563,78
564,78
564,78
564,78
564,78
564,78
564,78
564,78
564,78
564,79
564,79
565,78
565,78
565,78
565,78
565,79
565,78
565,78
565,78
565,78
565,78
565,79
566,78
566,78
566,78
566,78
566,78
566,78
566,78
566,78
566,78
566,78
567,78
567,78
567,78
567,78
567,79
567,79
567,78
567,78
567,78
567,78
568,78
568,78
568,78
568,78
568,79
568,78
568,78
568,78
568,78
568,78
569,78
569,78
569,78
569,78
569,79
569,79
569,79
569,79
569,78
570,78
570,78
570,78
570,79
570,78
570,78
570,78
570,78
570,78
570,78
570,78
571,78
571,78
571,78
571,78
571,78
571,78
571,78
571,78
571,78
571,78
572,78
572,78
572,78
572,79
572,78
572,78
572,78
572,78
572,78
572,78
573,78
573,78
573,78
573,78
573,78
573,78
573,78
573,78
573,79
573,79
574,78
574,78
574,78
574,78
574,78
574,78
574,78
574,78
574,78
575,78
575,78
575,78
575,78
575,78
575,78
575,78
575,78
575,78
575,78
576,78
576,78
576,78
576,78
576,78
576,78
576,79
576,78
576,78
576,78
577,78
577,78
577,78
577,78
577,78
577,78
577,78
577,78
577,78
577,78
577,78
578,78
578,78
578,78
578,78
578,78
578,78
578,78
578,78
578,78
578,78
579,78
579,78
579,78
579,78
579,78
579,79
579,79
579,78
579,79
579,79
580,79
580,78
580,78
580,78
580,78
580,78
580,78
580,78
580,78
581,78
581,78
581,78
581,78
581,78
581,78
581,78
581,78
581,78
581,78
582,78
582,78
582,78
582,78
582,78
582,78
582,78
582,78
582,78
582,78
583,78
583,78
583,78
583,78
583,78
583,78
583,78
583,78
583,78
583,78
584,78
584,78
584,78
584,78
584,78
584,78
584,78
584,78
584,78
584,78
585,78
585,78
585,78
585,78
585,78
585,78
585,78
585,78
585,78
585,78
586,78
586,78
586,78
586,78
586,78
586,78
586,78
586,78
586,78
586,78
586,78
587,78
587,78
587,78
587,78
587,78
587,78
587,78
587,78
587,78
587,78
588,78
588,78
588,78
588,78
588,78
588,78
588,78
588,78
588,78
588,78
589,78
589,78
589,78
589,78
589,78
589,78
589,78
589,78
589,78
590,78
590,78
590,78
590,78
590,78
590,78
590,78
590,78
590,78
590,78
591,78
591,78
591,78
591,78
591,78
591,78
591,78
591,78
591,78
591,78
592,78
592,78
592,78
592,78
592,78
592,78
592,78
592,78
592,78
592,78
593,78
593,78
593,78
593,78
593,78
593,78
593,78
593,78
593,78
593,78
594,78
594,78
594,78
594,78
594,78
594,78
594,78
594,78
594,78
594,78
595,78
595,78
595,78
595,78
595,79
595,78
595,78
595,78
595,78
595,78
595,78
596,78
596,78
596,78
596,78
596,78
596,78
596,78
596,78
596,78
596,78
597,78
597,78
597,78
597,78
597,78
597,78
597,78
597,78
597,78
598,78
598,78
598,78
598,78
598,78
598,78
598,78
598,78
598,78
598,78
599,78
599,78
599,78
599,78
599,78
599,78
599,78
599,78
599,78
599,78
600,78
600,78
600,78
600,78
600,78
600,78
600,78
600,78
600,78
600,78
601,78
601,78
601,78
601,78
601,78
601,78
601,78
601,78
601,78
602,78
602,78
602,78
602,78
602,78
602,78
602,78
602,78
602,78
602,78
602,78
602,78
603,78
603,78
603,78
603,78
603,78
603,78
603,78
603,78
603,78
604,78
604,78
604,78
604,78
604,78
604,78
604,78
604,78
604,78
604,78
605,78
605,78
605,78
605,78
605,78
605,78
605,78
605,77
605,77
605,78
606,78
606,78
606,78
606,78
606,78
606,78
606,78
606,78
606,78
606,78
607,78
607,78
607,78
607,78
607,78
607,78
607,78
607,78
607,78
607,78
608,78
608,78
608,78
608,78
608,78
608,78
608,78
608,78
608,77
608,77
609,78
609,78
609,78
609,78
609,78
609,78
609,78
609,78
609,78
610,78
610,78
610,78
610,78
610,78
610,78
610,78
610,78
610,78
610,78
611,78
611,78
611,78
611,78
611,78
611,78
611,78
611,78
611,77
611,77
611,78
612,77
612,77
612,78
612,78
612,78
612,78
612,78
612,78
612,78
612,78
613,78
613,78
613,78
613,78
613,78
613,78
613,78
613,78
613,78
613,78
614,78
614,78
614,78
614,78
614,78
614,78
614,78
614,78
614,78
614,78
615,78
615,78
615,78
615,78
615,78
615,78
615,78
615,78
615,78
616,78
616,78
616,78
616,77
616,77
616,78
616,78
616,78
616,78
616,78
617,78
617,78
617,77
617,78
617,78
617,78
617,78
617,78
617,78
617,78
617,78
618,78
618,78
618,78
618,78
618,78
618,78
618,78
618,78
618,78
618,77
619,78
619,77
619,77
619,77
619,78
619,78
619,78
619,78
619,78
619,78
620,78
620,78
620,78
620,78
620,78
620,78
620,78
620,78
620,77
620,77
621,78
621,78
621,78
621,77
621,78
621,78
621,78
621,77
621,78
622,78
622,78
622,78
622,78
622,78
622,78
622,78
622,77
622,77
622,78
623,77
623,78
623,78
623,78
623,78
623,78
623,78
623,78
623,78
623,78
623,77
624,78
624,78
624,78
624,77
624,78
624,78
624,77
624,78
624,77
624,77
625,77
625,78
625,78
625,78
625,78
625,78
625,78
625,78
625,77
626,78
626,78
626,78
626,78
626,78
626,78
626,78
626,77
626,77
626,78
627,78
627,78
627,78
627,77
627,78
627,78
627,77
627,78
627,78
627,78
628,78
628,78
628,78
628,78
628,77
628,77
628,77
628,77
628,78
628,78
629,77
629,78
629,78
629,77
629,78
629,78
629,78
629,78
629,78
629,78
629,78
630,77
630,77
630,77
630,78
630,77
630,77
630,77
630,78
630,78
630,78
631,78
631,78
631,78
631,78
631,78
631,78
631,78
631,78
631,78
631,78
632,78
632,78
632,78
632,78
632,78
632,78
632,78
632,78
632,78
633,77
633,77
633,78
633,78
633,78
633,77
633,78
633,78
633,78
633,77
634,77
634,77
634,78
634,78
634,78
634,78
634,78
634,78
634,78
634,78
635,77
635,77
635,78
635,78
635,78
635,78
635,78
635,78
635,78
635,78
636,78
636,78
636,78
636,77
636,78
636,78
636,78
636,78
636,78
636,78
637,78
637,78
637,78
637,77
637,78
637,78
637,78
637,78
637,77
637,77
638,77
638,78
638,78
638,78
638,78
638,78
638,78
638,78
638,77
638,77
638,77
639,78
639,78
639,77
639,77
639,78
639,78
639,78
639,77
639,77
640,77
640,77
640,78
640,77
640,77
640,78
640,78
640,78
640,77
640,78
641,78
641,78
641,78
641,77
641,77
641,78
641,77
641,77
641,77
641,77
642,78
642,78
642,78
642,77
642,78
642,78
642,78
642,78
642,78
642,78
643,78
643,78
643,78
643,78
643,78
643,78
643,77
643,78
643,78
643,78
644,78
644,77
644,77
644,77
644,77
644,78
644,78
644,78
644,77
644,77
645,78
645,77
645,77
645,77
645,78
645,77
645,77
645,78
645,77
646,77
646,77
646,78
646,77
646,77
646,77
646,78
646,78
646,77
646,78
646,77
646,77
647,78
647,77
647,77
647,78
647,77
647,77
647,77
647,78
647,78
647,78
648,77
648,77
648,77
648,77
648,77
648,78
648,78
648,77
648,77
649,78
649,78
649,77
649,77
649,77
649,78
649,78
649,77
649,77
649,77
650,78
650,78
650,78
650,78
650,78
650,78
650,78
650,77
650,77
650,78
651,78
651,77
651,77
651,77
651,77
651,77
651,77
651,77
651,77
651,77
652,78
652,78
652,78
652,77
652,78
652,78
652,78
652,77
652,78
652,78
653,77
653,77
653,78
653,78
653,77
653,77
653,77
653,77
653,78
654,78
654,78
654,77
654,78
654,78
654,78
654,77
654,77
654,77
654,78
654,78
654,78
655,77
655,77
655,77
655,77
655,78
655,77
655,77
655,77
655,77
656,77
656,77
656,77
656,77
656,78
656,78
656,78
656,77
656,77
656,77
657,78
657,77
657,77
657,77
657,77
657,77
657,77
657,77
657,77
657,77
658,78
658,77
658,77
658,78
658,77
658,77
658,77
658,78
658,77
658,77
659,77
659,77
659,77
659,78
659,78
659,77
659,77
659,77
659,77
660,77
660,77
660,77
660,77
660,77
660,77
660,78
660,77
660,77
660,77
660,77
661,77
661,77
661,78
661,77
661,77
661,77
661,77
661,78
661,78
661,78
662,77
662,77
662,76
662,77
662,77
662,77
662,77
662,77
662,77
662,77
663,77
663,77
663,77
663,77
663,77
663,77
663,77
663,77
663,77
663,77
664,77
664,77
664,77
664,77
664,77
664,78
664,78
664,78
664,77
664,77
665,77
665,77
665,77
665,77
665,77
665,77
665,77
665,77
665,77
666,77
666,77
666,77
666,77
666,77
666,77
666,77
666,77
666,77
666,77
667,78
667,78
667,77
667,77
667,77
667,77
667,77
667,78
667,78
667,77
668,77
668,77
668,77
668,77
668,77
668,77
668,77
668,77
668,77
668,77
668,77
669,77
669,77
669,78
669,77
669,77
669,77
669,77
669,77
669,77
669,77
670,77
670,77
670,77
670,77
670,77
670,77
670,77
670,77
670,77
670,77
671,77
671,77
671,77
671,77
671,77
671,77
671,76
671,78
671,78
671,78
672,78
672,77
672,77
672,77
672,77
672,77
672,77
672,77
672,77
673,77
673,77
673,77
673,77
673,77
673,77
673,77
673,77
673,77
673,77
674,77
674,77
674,77
674,77
674,77
674,77
674,77
674,78
674,78
674,78
675,77
675,77
675,77
675,77
675,77
675,77
675,77
675,77
675,77
675,77
676,77
676,77
676,77
676,77
676,78
676,78
676,77
676,77
676,78
676,78
677,77
677,77
677,77
677,77
677,77
677,77
677,77
677,77
677,77
677,77
677,77
678,77
678,77
678,77
678,78
678,77
678,77
678,77
678,77
678,77
678,77
679,77
679,77
679,77
679,78
679,77
679,77
679,77
679,77
679,77
679,77
680,77
680,77
680,77
680,77
680,77
680,77
680,77
680,77
680,77
681,77
681,77
681,77
681,77
681,77
681,77
681,78
681,77
681,77
681,77
682,77
682,77
682,77
682,77
682,77
682,77
682,77
682,77
682,77
682,77
683,77
683,77
683,77
683,77
683,77
683,77
683,78
683,77
683,77
683,77
684,77
684,77
684,77
684,77
684,77
684,77
684,77
684,77
684,77
684,77
685,77
685,77
685,77
685,77
685,77
685,77
685,77
685,77
685,77
685,77
686,77
686,77
686,77
686,77
686,77
686,77
686,77
686,77
686,77
686,77
686,77
687,77
687,77
687,77
687,77
687,77
687,77
687,77
687,77
687,77
687,77
688,77
688,78
688,77
688,77
688,77
688,77
688,77
688,77
688,77
689,77
689,77
689,77
689,77
689,77
689,77
689,76
689,77
689,77
689,77
690,77
690,77
690,77
690,77
690,77
690,77
690,77
690,77
690,77
690,77
691,77
691,77
691,77
691,77
691,77
691,77
691,77
691,77
691,77
691,77
692,77
692,77
692,77
692,77
692,77
692,77
692,76
692,76
692,77
692,77
692,77
693,77
693,77
693,76
693,76
693,77
693,78
693,78
693,78
693,77
694,77
694,77
694,77
694,77
694,77
694,77
694,77
694,77
694,77
694,77
695,77
695,77
695,77
695,77
695,77
695,77
695,77
695,77
695,77
695,78
696,77
696,77
696,77
696,77
696,77
696,77
696,77
696,76
696,76
696,77
697,77
697,77
697,77
697,77
697,77
697,77
697,77
697,77
697,77
697,77
698,77
698,77
698,77
698,77
698,77
698,77
698,77
698,77
698,77
698,77
699,76
699,77
699,77
699,77
699,77
699,77
699,77
699,77
699,77
699,77
700,77
700,77
700,77
700,77
700,77
700,77
700,77
700,77
700,77
701,77
701,77
701,77
701,77
701,77
701,77
701,77
701,76
701,76
701,77
701,77
701,77
702,77
702,77
702,77
702,77
702,77
702,77
702,77
702,77
702,77
703,76
703,76
703,77
703,77
703,77
703,77
703,77
703,77
703,77
703,77
704,77
704,77
704,77
704,77
704,77
704,77
704,77
704,77
704,77
704,77
705,77
705,77
705,77
705,77
705,77
705,77
705,77
705,77
705,77
705,77
706,77
706,77
706,77
706,77
706,77
706,77
706,77
706,77
706,76
706,76
707,77
707,77
707,77
707,77
707,77
707,77
707,77
707,77
707,77
707,77
708,77
708,77
708,76
708,76
708,77
708,77
708,77
708,76
708,77
709,77
709,77
709,77
709,77
709,77
709,77
709,77
709,77
709,77
709,77
709,77
709,77
710,77
710,77
710,77
710,77
710,77
710,76
710,76
710,77
710,77
710,77
711,77
711,77
711,77
711,77
711,76
711,77
711,77
711,77
711,77
712,77
712,77
712,77
712,77
712,77
712,76
712,77
712,76
712,76
712,77
713,77
713,77
713,76
713,77
713,77
713,77
713,76
713,77
713,77
713,77
714,77
714,77
714,77
714,77
714,77
714,77
714,77
714,76
714,77
714,77
715,76
715,77
715,77
715,77
715,77
715,77
715,77
715,77
715,77
715,77
716,76
716,77
716,77
716,77
716,77
716,77
716,77
716,77
716,77
717,76
717,76
717,77
717,77
717,77
717,76
717,76
717,77
717,77
717,77
717,76
717,76
718,77
718,76
718,77
718,77
718,77
718,77
718,77
718,77
718,77
718,77
719,77
719,77
719,76
719,76
719,76
719,77
719,77
719,77
719,77
720,76
720,76
720,77
720,76
720,77
720,77
720,77
720,77
720,77
720,77
721,76
721,77
721,77
721,76
721,77
721,77
721,77
721,77
721,77
721,77
722,77
722,76
722,76
722,77
722,76
722,76
722,77
722,77
722,76
722,76
723,77
723,76
723,76
723,77
723,76
723,77
723,77
723,77
723,76
723,76
724,77
724,77
724,77
724,77
724,76
724,77
724,77
724,77
724,76
725,76
725,76
725,76
725,76
725,76
725,77
725,76
725,77
725,77
725,77
726,77
726,77
726,76
726,77
726,77
726,77
726,77
726,76
726,76
726,77
726,77
727,77
727,77
727,77
727,77
727,77
727,76
727,76
727,77
727,77
727,76
728,77
728,77
728,77
728,77
728,77
728,77
728,76
728,76
728,76
728,77
729,76
729,77
729,77
729,77
729,76
729,76
729,76
729,77
729,76
729,76
730,76
730,76
730,76
730,76
730,76
730,76
730,76
730,77
730,77
730,77
731,77
731,76
731,77
731,77
731,77
731,76
731,76
731,76
731,76
732,77
732,77
732,77
732,77
732,77
732,77
732,77
732,76
732,76
732,77
733,77
733,77
733,77
733,77
733,77
733,77
733,76
733,77
733,77
733,76
733,76
734,76
734,76
734,76
734,77
734,77
734,76
734,77
734,76
734,76
734,77
735,76
735,76
735,76
735,76
735,76
735,76
735,76
735,76
735,76
735,77
736,77
736,77
736,76
736,77
736,76
736,76
736,76
736,76
736,76
736,77
737,77
737,77
737,77
737,77
737,77
737,77
737,76
737,76
737,76
737,76
738,76
738,77
738,77
738,76
738,76
738,77
738,77
738,77
738,77
738,77
739,76
739,76
739,77
739,77
739,76
739,76
739,76
739,77
739,77
740,76
740,76
740,77
740,77
740,77
740,77
740,76
740,77
740,77
740,76
741,77
741,76
741,76
741,76
741,76
741,76
741,76
741,76
741,76
741,76
742,76
742,77
742,77
742,76
742,76
742,76
742,77
742,76
742,76
742,76
742,76
743,77
743,77
743,76
743,76
743,76
743,76
743,76
743,77
743,77
743,76
744,76
744,76
744,76
744,76
744,76
744,76
744,77
744,77
744,77
744,77
745,76
745,77
745,77
745,77
745,76
745,76
745,76
745,77
745,77
745,77
746,76
746,76
746,76
746,76
746,76
746,77
746,77
746,77
746,76
747,77
747,77
747,77
747,76
747,76
747,76
747,76
747,76
747,76
747,76
748,76
748,76
748,76
748,77
748,77
748,76
748,76
748,76
748,76
748,77
749,76
749,76
749,77
749,76
749,76
749,76
749,76
749,76
749,76
749,76
750,76
750,76
750,76
750,76
750,77
750,76
750,76
750,77
750,76
750,76
750,77
751,76
751,76
751,76
751,77
751,77
751,77
751,76
751,76
751,76
751,76
752,77
752,76
752,76
752,76
752,76
752,77
752,77
752,77
752,77
752,77
753,76
753,77
753,77
753,77
753,77
753,76
753,76
753,76
753,77
754,77
754,77
754,76
754,76
754,76
754,76
754,76
754,77
754,77
754,77
755,76
755,76
755,76
755,76
755,76
755,76
755,76
755,76
755,76
755,76
756,76
756,76
756,76
756,76
756,76
756,76
756,76
756,76
756,76
756,76
757,76
757,76
757,76
757,77
757,76
757,76
757,76
757,76
757,76
757,76
758,76
758,76
758,76
758,76
758,77
758,76
758,76
758,76
758,77
758,77
758,76
759,77
759,76
759,76
759,76
759,76
759,76
759,76
759,76
759,76
759,76
760,76
760,76
760,76
760,76
760,76
760,76
760,76
760,76
760,76
760,76
761,77
761,76
761,76
761,76
761,77
761,76
761,76
761,76
761,76
762,76
762,76
762,76
762,76
762,76
762,76
762,76
762,76
762,76
762,76
763,76
763,77
763,77
763,76
763,76
763,76
763,76
763,76
763,76
763,76
764,76
764,76
764,76
764,76
764,76
764,76
764,76
764,76
764,76
764,76
764,76
765,76
765,76
765,76
765,76
765,76
765,76
765,76
765,76
765,76
765,76
766,77
766,76
766,76
766,76
766,77
766,76
766,76
766,76
766,76
767,76
767,76
767,76
767,76
767,76
767,76
767,76
767,76
767,76
767,76
768,76
768,76
768,76
768,76
768,76
768,76
768,76
768,76
768,76
768,76
769,76
769,76
769,76
769,76
769,76
769,76
769,76
769,76
769,76
769,76
770,76
770,76
770,76
770,76
770,76
770,76
770,76
770,76
770,76
771,76
771,76
771,76
771,76
771,76
771,76
771,76
771,76
771,76
771,76
771,76
771,76
772,76
772,76
772,76
772,76
772,76
772,76
772,76
772,76
772,76
773,76
773,76
773,76
773,76
773,76
773,76
773,76
773,76
773,76
773,76
774,76
774,76
774,76
774,76
774,76
774,76
774,76
774,76
774,76
774,76
775,76
775,76
775,76
775,76
775,76
775,76
775,76
775,76
775,76
775,76
776,76
776,77
776,77
776,76
776,76
776,76
776,76
776,76
776,76
776,76
777,76
777,76
777,76
777,76
777,76
777,76
777,76
777,76
777,76
778,76
778,76
778,76
778,76
778,76
778,76
778,76
778,76
778,76
778,76
779,76
779,76
779,76
779,76
779,76
779,76
779,76
779,76
779,76
779,76
779,76
779,76
780,76
780,76
780,76
780,76
780,77
780,76
780,76
780,76
780,76
781,76
781,76
781,76
781,76
781,76
781,76
781,76
781,76
781,76
781,76
782,76
782,76
782,76
782,76
782,76
782,76
782,76
782,76
782,76
782,76
783,76
783,76
783,76
783,76
783,76
783,76
783,76
783,76
783,76
783,76
784,76
784,76
784,76
784,76
784,77
784,76
784,76
784,76
784,76
784,76
785,76
785,76
785,76
785,76
785,76
785,76
785,76
785,76
785,76
786,76
786,76
786,76
786,76
786,76
786,76
786,76
786,76
786,76
786,76
787,76
787,76
787,76
787,76
787,76
787,76
787,76
787,76
787,76
787,76
787,76
788,76
788,76
788,76
788,76
788,76
788,76
788,76
788,76
788,76
788,76
789,76
789,76
789,76
789,75
789,76
789,76
789,76
789,76
789,76
789,76
790,76
790,76
790,76
790,76
790,76
790,76
790,76
790,76
790,76
790,76
791,76
791,76
791,76
791,76
791,76
791,76
791,76
791,76
791,76
791,76
792,76
792,76
792,76
792,76
792,76
792,76
792,76
792,76
792,76
793,76
793,76
793,76
793,76
793,76
793,76
793,76
793,76
793,76
793,76
794,75
794,75
794,76
794,76
794,76
794,76
794,76
794,76
794,76
794,76
795,76
795,76
795,76
795,76
795,76
795,76
795,76
795,76
795,76
795,76
795,76
796,76
796,76
796,76
796,76
796,76
796,76
796,76
796,76
796,76
796,76
797,76
797,76
797,76
797,76
797,76
797,76
797,76
797,76
797,76
797,76
798,76
798,76
798,76
798,76
798,76
798,76
798,76
798,76
798,76
798,76
799,76
799,76
799,76
799,76
799,76
799,76
799,76
799,75
799,76
800,76
800,76
800,76
800,76
800,76
800,76
800,76
800,76
800,76
800,76
801,76
801,76
801,76
801,75
801,76
801,76
801,76
801,76
801,76
801,76
802,76
802,76
802,76
802,76
802,75
802,76
802,76
802,76
802,76
802,76
802,76
803,76
803,76
803,76
803,76
803,76
803,76
803,75
803,76
803,76
803,76
804,76
804,76
804,76
804,76
804,76
804,75
804,75
804,76
804,75
804,75
805,76
805,76
805,76
805,76
805,75
805,75
805,75
805,76
805,76
806,76
806,76
806,76
806,76
806,76
806,75
806,76
806,76
806,76
806,75
807,75
807,75
807,76
807,76
807,76
807,76
807,76
807,76
807,76
807,76
808,76
808,76
808,76
808,76
808,75
808,75
808,75
808,76
808,75
808,75
809,76
809,76
809,76
809,76
809,76
809,76
809,76
809,75
809,76
809,76
810,76
810,76
810,76
810,75
810,76
810,76
810,76
810,76
810,76
810,76
810,76
811,76
811,76
811,76
811,75
811,76
811,76
811,76
811,76
811,75
811,75
812,75
812,76
812,76
812,76
812,76
812,76
812,76
812,76
812,76
813,76
813,76
813,76
813,76
813,76
813,76
813,76
813,76
813,76
813,76
814,76
814,76
814,76
814,76
814,76
814,76
814,76
814,76
814,76
814,76
815,76
815,76
815,76
815,76
815,76
815,76
815,76
815,76
815,76
815,76
816,76
816,75
816,75
816,76
816,76
816,76
816,76
816,75
816,76
816,76
817,75
817,76
817,76
817,75
817,76
817,76
817,76
817,76
817,75
817,75
817,76
818,75
818,76
818,76
818,76
818,76
818,76
818,76
818,76
818,75
818,75
819,76
819,76
819,76
819,76
819,75
819,75
819,75
819,75
819,75
819,75
820,76
820,76
820,76
820,76
820,76
820,76
820,76
820,75
820,75
821,76
821,76
821,76
821,76
821,76
821,76
821,75
821,76
821,76
821,76
822,76
822,76
822,76
822,75
822,75
822,75
822,76
822,75
822,75
822,76
823,76
823,76
823,76
823,76
823,75
823,75
823,75
823,75
823,75
823,75
824,75
824,76
824,76
824,76
824,76
824,76
824,76
824,76
824,75
825,76
825,76
825,76
825,76
825,75
825,75
825,76
825,75
825,75
825,76
825,76
826,75
826,75
826,76
826,76
826,76
826,75
826,75
826,76
826,76
826,76
827,75
827,75
827,76
827,75
827,75
827,75
827,76
827,76
827,76
827,75
828,76
828,75
828,75
828,75
828,76
828,76
828,75
828,75
828,75
828,76
829,75
829,75
829,75
829,76
829,76
829,76
829,75
829,76
829,75
829,75
830,75
830,76
830,76
830,75
830,76
830,75
830,75
830,76
830,76
830,76
831,76
831,76
831,75
831,75
831,76
831,76
831,76
831,76
831,75
832,76
832,76
832,75
832,75
832,75
832,76
832,76
832,76
832,76
832,75
832,75
832,75
833,76
833,76
833,76
833,76
833,76
833,75
833,75
833,75
833,75
834,75
834,75
834,76
834,75
834,75
834,76
834,75
834,76
834,76
834,75
835,75
835,75
835,75
835,75
835,76
835,76
835,75
835,75
835,75
835,76
836,76
836,76
836,75
836,75
836,76
836,76
836,75
836,75
836,75
836,75
837,75
837,75
837,75
837,75
837,75
837,76
837,76
837,75
837,75
838,75
838,75
838,75
838,75
838,75
838,75
838,75
838,76
838,76
838,75
838,75
839,75
839,75
839,75
839,75
839,76
839,76
839,76
839,75
839,75
839,75
840,75
840,75
840,75
840,76
840,75
840,75
840,75
840,75
840,75
840,75
841,75
841,76
841,76
841,75
841,75
841,75
841,75
841,76
841,75
841,75
842,75
842,75
842,75
842,76
842,75
842,75
842,75
842,75
842,76
842,76
843,75
843,75
843,75
843,75
843,76
843,75
843,75
843,75
843,75
844,75
844,75
844,75
844,75
844,75
844,75
844,75
844,75
844,75
844,75
845,76
845,76
845,75
845,75
845,75
845,75
845,75
845,75
845,75
845,75
846,76
846,76
846,75
846,75
846,75
846,75
846,75
846,76
846,76
846,75
846,75
847,76
847,76
847,75
847,75
847,75
847,75
847,76
847,76
847,76
847,75
848,75
848,75
848,76
848,75
848,76
848,76
848,75
848,75
848,75
848,75
849,76
849,75
849,75
849,76
849,75
849,75
849,75
849,75
849,75
849,75
850,75
850,75
850,75
850,75
850,75
850,75
850,75
850,75
850,76
850,76
851,75
851,75
851,75
851,75
851,75
851,75
851,75
851,75
851,75
852,75
852,75
852,75
852,75
852,75
852,75
852,75
852,75
852,75
852,75
853,75
853,75
853,75
853,75
853,75
853,75
853,75
853,75
853,75
853,75
854,76
854,75
854,75
854,75
854,75
854,75
854,75
854,75
854,75
854,75
855,75
855,75
855,75
855,75
855,75
855,75
855,75
855,75
855,75
855,75
855,75
856,75
856,75
856,75
856,75
856,75
856,75
856,75
856,75
856,75
856,76
857,75
857,75
857,75
857,75
857,75
857,75
857,75
857,75
857,75
857,75
858,75
858,75
858,75
858,75
858,75
858,76
858,76
858,75
858,75
858,75
859,75
859,75
859,75
859,75
859,75
859,75
859,75
859,75
859,75
860,75
860,75
860,75
860,75
860,75
860,75
860,75
860,75
860,75
860,75
861,75
861,75
861,75
861,75
861,75
861,75
861,75
861,75
861,75
861,75
862,75
862,75
862,75
862,75
862,75
862,75
862,76
862,75
862,75
862,75
863,75
863,75
863,75
863,75
863,75
863,75
863,75
863,75
863,76
863,76
863,75
864,75
864,75
864,75
864,75
864,75
864,75
864,75
864,75
864,75
864,75
865,75
865,75
865,75
865,75
865,75
865,75
865,76
865,75
865,75
865,75
866,75
866,75
866,75
866,75
866,75
866,75
866,75
866,75
866,75
866,75
867,75
867,75
867,75
867,75
867,75
867,75
867,75
867,75
867,75
868,75
868,75
868,75
868,75
868,75
868,75
868,75
868,75
868,75
868,75
869,75
869,75
869,75
869,75
869,75
869,75
869,75
869,75
869,75
869,75
870,75
870,75
870,75
870,75
870,75
870,75
870,75
870,75
870,75
870,75
871,75
871,75
871,75
871,75
871,75
871,75
871,75
871,75
871,75
871,75
871,75
872,75
872,75
872,75
872,75
872,75
872,75
872,75
872,75
872,75
872,75
873,75
873,75
873,75
873,75
873,75
873,75
873,75
873,75
873,75
873,75
874,75
874,75
874,75
874,75
874,75
874,75
874,75
874,75
874,75
874,75
875,75
875,75
875,75
875,75
875,75
875,74
875,74
875,76
875,75
876,75
876,75
876,75
876,75
876,75
876,75
876,75
876,75
876,75
876,75
877,75
877,75
877,75
877,75
877,75
877,75
877,75
877,74
877,75
877,75
878,75
878,75
878,75
878,75
878,75
878,75
878,75
878,75
878,75
878,75
878,75
879,74
879,75
879,75
879,75
879,75
879,75
879,75
879,75
879,75
879,75
880,75
880,75
880,75
880,75
880,75
880,75
880,75
880,75
880,75
880,75
881,75
881,75
881,75
881,75
881,75
881,75
881,75
881,75
881,75
882,75
882,75
882,75
882,75
882,75
882,75
882,75
882,75
882,75
882,75
883,75
883,75
883,75
883,75
883,75
883,75
883,75
883,75
883,75
883,75
884,75
884,75
884,75
884,75
884,75
884,75
884,75
884,75
884,75
884,75
885,75
885,75
885,75
885,75
885,75
885,75
885,75
885,75
885,75
885,75
886,75
886,74
886,74
886,75
886,75
886,75
886,75
886,75
886,75
886,75
886,75
887,75
887,75
887,75
887,75
887,75
887,75
887,75
887,75
887,75
887,75
888,75
888,75
888,75
888,75
888,75
888,75
888,75
888,75
888,75
889,74
889,74
889,74
889,75
889,75
889,75
889,75
889,75
889,75
889,75
890,75
890,75
890,75
890,74
890,75
890,75
890,74
890,75
890,75
890,75
891,75
891,75
891,75
891,75
891,75
891,75
891,75
891,75
891,75
891,75
892,75
892,75
892,75
892,75
892,75
892,75
892,75
892,75
892,75
892,75
893,75
893,75
893,75
893,75
893,75
893,75
893,75
893,75
893,75
893,75
893,75
894,75
894,75
894,75
894,75
894,75
894,74
894,74
894,75
894,75
894,75
895,75
895,75
895,74
895,74
895,75
895,75
895,75
895,75
895,75
896,75
896,75
896,74
896,75
896,75
896,75
896,75
896,75
896,75
896,75
897,75
897,75
897,75
897,75
897,75
897,75
897,75
897,75
897,75
897,74
898,75
898,75
898,75
898,75
898,75
898,75
898,75
898,75
898,75
898,75
899,75
899,75
899,75
899,75
899,75
899,75
899,75
899,75
899,75
899,75
899,74
900,75
900,75
900,75
900,75
900,75
900,75
900,75
900,75
900,75
900,75
901,75
901,75
901,75
901,75
901,75
901,75
901,75
901,75
901,75
901,75
902,75
902,74
902,75
902,75
902,75
902,74
902,74
902,75
902,75
903,74
903,74
903,75
903,75
903,75
903,75
903,74
903,75
903,75
903,75
904,75
904,75
904,75
904,75
904,75
904,75
904,75
904,75
904,75
904,75
905,75
905,75
905,75
905,75
905,75
905,75
905,74
905,74
905,75
905,75
906,74
906,75
906,75
906,74
906,75
906,75
906,75
906,75
906,75
906,75
907,75
907,75
907,75
907,75
907,74
907,75
907,75
907,75
907,75
907,74
907,74
908,75
908,74
908,74
908,75
908,75
908,75
908,75
908,75
908,74
908,74
909,75
909,74
909,74
909,74
909,75
909,75
909,75
909,74
909,74
910,75
910,75
910,75
910,75
910,75
910,75
910,75
910,75
910,75
910,75
911,74
911,75
911,75
911,75
911,74
911,74
911,75
911,75
911,74
911,74
912,75
912,75
912,75
912,75
912,75
912,75
912,75
912,74
912,75
912,75
913,74
913,74
913,75
913,75
913,75
913,74
913,74
913,75
913,75
914,74
914,74
914,75
914,74
914,74
914,75
914,75
914,75
914,75
914,75
914,75
915,74
915,74
915,75
915,75
915,75
915,75
915,74
915,75
915,75
915,74
916,75
916,75
916,75
916,75
916,75
916,75
916,75
916,75
916,75
916,75
917,75
917,75
917,75
917,74
917,75
917,75
917,75
917,75
917,75
917,75
918,74
918,74
918,74
918,75
918,75
918,75
918,75
918,75
918,74
918,74
919,74
919,75
919,75
919,75
919,75
919,74
919,74
919,75
919,75
919,74
919,74
920,74
920,75
920,75
920,75
920,74
920,75
920,75
920,75
920,74
921,75
921,75
921,74
921,74
921,74
921,74
921,74
921,74
921,74
921,74
922,75
922,75
922,75
922,74
922,75
922,75
922,74
922,74
922,75
922,75
923,74
923,74
923,74
923,75
923,75
923,74
923,74
923,74
923,75
923,75
924,75
924,75
924,74
924,74
924,74
924,74
924,74
924,75
924,74
924,74
925,74
925,75
925,75
925,75
925,75
925,74
925,74
925,75
925,74
926,75
926,75
926,74
926,74
926,75
926,75
926,75
926,74
926,74
926,74
926,74
927,74
927,74
927,74
927,74
927,74
927,74
927,75
927,75
927,75
927,74
928,74
928,75
928,75
928,75
928,74
928,74
928,75
928,75
928,75
928,75
929,74
929,74
929,74
929,74
929,75
929,75
929,75
929,75
929,74
929,74
930,74
930,75
930,75
930,74
930,75
930,75
930,75
930,74
930,75
930,75
931,74
931,75
931,74
931,74
931,74
931,74
931,74
931,74
931,75
932,74
932,74
932,75
932,74
932,74
932,74
932,74
932,74
932,74
932,75
933,74
933,74
933,74
933,74
933,75
933,75
933,75
933,74
933,75
933,75
933,75
934,74
934,74
934,74
934,74
934,74
934,74
934,74
934,74
934,74
934,75
935,74
935,75
935,75
935,74
935,74
935,74
935,75
935,74
935,74
935,74
936,75
936,74
936,74
936,74
936,74
936,75
936,75
936,74
936,74
936,74
937,74
937,74
937,74
937,74
937,75
937,75
937,75
937,75
937,74
938,74
938,74
938,75
938,74
938,74
938,74
938,74
938,75
938,75
938,75
939,74
939,74
939,74
939,74
939,74
939,74
939,74
939,74
939,74
939,74
940,74
940,74
940,74
940,74
940,74
940,74
940,74
940,74
940,74
940,74
941,75
941,74
941,74
941,74
941,74
941,74
941,74
941,75
941,74
941,74
942,75
942,74
942,74
942,74
942,74
942,74
942,74
942,74
942,74
942,74
942,74
943,74
943,74
943,74
943,74
943,74
943,74
943,74
943,74
943,74
943,74
944,75
944,75
944,75
944,74
944,74
944,74
944,74
944,75
944,74
944,74
945,75
945,74
945,74
945,75
945,74
945,74
945,74
945,74
945,74
946,74
946,74
946,74
946,75
946,75
946,74
946,75
946,75
946,75
946,74
947,74
947,74
947,74
947,74
947,74
947,74
947,75
947,74
947,74
947,74
948,75
948,74
948,74
948,75
948,74
948,74
948,74
948,74
948,74
948,74
949,74
949,74
949,74
949,74
949,74
949,74
949,74
949,74
949,74
949,74
949,75
