0,0
0,82
0,82
0,82
0,82
0,82
0,82
0,82
0,82
0,82
0,82
0,82
0,82
0,82
1,82
1,82
1,82
1,82
1,82
1,82
1,82
1,82
1,82
1,82
1,82
1,82
1,82
2,82
2,82
2,82
2,82
2,82
2,82
3,82
3,82
3,82
3,82
3,82
3,82
3,82
3,82
3,82
3,82
3,82
3,82
4,82
4,82
4,82
4,82
4,82
4,82
4,82
5,82
5,82
5,82
5,82
5,82
5,82
5,82
5,82
5,82
5,82
5,82
5,82
6,82
6,82
6,82
6,82
6,82
6,82
6,82
7,82
7,82
7,82
7,82
7,82
7,82
7,81
7,81
7,81
7,81
7,81
7,81
8,82
8,82
8,82
8,82
8,82
8,82
8,82
8,82
8,82
8,82
8,82
8,82
8,82
9,82
9,82
9,82
9,82
9,82
9,82
10,81
10,81
10,81
10,81
10,81
10,81
10,82
10,82
10,82
10,82
10,82
10,82
10,82
11,82
11,82
11,82
11,82
11,82
11,82
12,82
12,82
12,82
12,82
12,82
12,82
12,82
12,82
12,82
12,82
12,82
12,82
12,82
13,82
13,82
13,82
13,82
13,82
13,82
13,82
13,82
13,82
13,82
13,82
13,82
14,82
14,82
14,82
14,82
14,82
14,82
15,82
15,82
15,82
15,82
15,82
15,82
15,82
15,82
15,82
15,82
15,82
15,82
15,82
16,82
16,82
16,82
16,82
16,82
16,82
17,82
17,82
17,82
17,82
17,82
17,82
17,82
17,82
17,82
17,82
17,82
17,82
17,82
18,82
18,82
18,82
18,82
18,82
18,82
19,82
19,82
19,82
19,82
19,82
19,82
19,82
19,82
19,82
19,82
19,82
19,82
19,82
20,82
20,82
20,82
20,82
20,82
20,82
20,82
20,82
20,82
20,82
20,82
20,82
21,82
21,82
21,82
21,82
21,82
21,82
21,82
22,82
22,82
22,82
22,82
22,82
22,82
22,82
22,82
22,82
22,82
22,82
22,82
23,82
23,82
23,82
23,82
23,82
23,82
23,82
24,82
24,82
24,82
24,82
24,82
24,82
24,82
24,82
24,82
24,82
24,82
24,82
25,83
25,83
25,83
25,83
25,83
25,83
25,82
25,82
25,82
25,82
25,82
25,82
25,82
26,82
26,82
26,82
26,82
26,82
26,82
27,83
27,83
27,83
27,83
27,83
27,83
27,82
27,82
27,82
27,82
27,82
27,82
27,82
28,82
28,82
28,82
28,82
28,82
28,82
29,82
29,82
29,82
29,82
29,82
29,82
29,82
29,82
29,82
29,82
29,82
29,82
29,82
30,82
30,82
30,82
30,82
30,82
30,82
31,82
31,82
31,82
31,82
31,82
31,82
31,83
31,83
31,83
31,83
31,83
31,83
32,83
32,83
32,83
32,83
32,83
32,83
32,83
32,82
32,82
32,82
32,82
32,82
32,82
33,83
33,83
33,83
33,83
33,83
33,83
34,82
34,82
34,82
34,82
34,82
34,82
34,82
34,83
34,83
34,83
34,83
34,83
34,83
35,82
35,82
35,82
35,82
35,82
35,82
36,82
36,82
36,82
36,82
36,82
36,82
36,82
36,83
36,83
36,83
36,83
36,83
36,83
37,82
37,82
37,82
37,82
37,82
37,82
37,83
37,83
37,83
37,83
37,83
37,83
38,83
38,83
38,83
38,83
38,83
38,83
38,83
39,82
39,82
39,82
39,82
39,82
39,82
39,82
39,82
39,82
39,82
39,82
39,82
40,82
40,82
40,82
40,82
40,82
40,82
40,82
41,83
41,83
41,83
41,83
41,83
41,83
41,82
41,82
41,82
41,82
41,82
41,82
42,83
42,83
42,83
42,83
42,83
42,83
42,82
42,82
42,82
42,82
42,82
42,82
42,82
43,83
43,83
43,83
43,83
43,83
43,83
44,83
44,83
44,83
44,83
44,83
44,83
44,83
44,83
44,83
44,83
44,83
44,83
44,83
45,82
45,82
45,82
45,82
45,82
45,82
46,83
46,83
46,83
46,83
46,83
46,83
46,82
46,82
46,82
46,82
46,82
46,82
46,82
47,82
47,82
47,82
47,82
47,82
47,82
48,82
48,82
48,82
48,82
48,82
48,82
48,82
48,82
48,82
48,82
48,82
48,82
49,83
49,83
49,83
49,83
49,83
49,83
49,83
49,82
49,82
49,82
49,82
49,82
49,82
50,83
50,83
50,83
50,83
50,83
50,83
51,83
51,83
51,83
51,83
51,83
51,83
51,83
51,82
51,82
51,82
51,82
51,82
51,82
52,83
52,83
52,83
52,83
52,83
52,83
53,83
53,83
53,83
53,83
53,83
53,83
53,82
53,82
53,82
53,82
53,82
53,82
53,82
54,83
54,83
54,83
54,83
54,83
54,83
54,83
54,83
54,83
54,83
54,83
54,83
55,83
55,83
55,83
55,83
55,83
55,83
55,83
56,83
56,83
56,83
56,83
56,83
56,83
56,83
56,83
56,83
56,83
56,83
56,83
57,83
57,83
57,83
57,83
57,83
57,83
57,83
58,83
58,83
58,83
58,83
58,83
58,83
58,83
58,83
58,83
58,83
58,83
58,83
59,82
59,82
59,82
59,82
59,82
59,82
60,82
60,82
60,82
60,82
60,82
60,82
60,82
60,83
60,83
60,83
60,83
60,83
60,83
61,83
61,83
61,83
61,83
61,83
61,83
61,83
61,83
61,83
61,83
61,83
61,83
61,83
62,83
62,83
62,83
62,83
62,83
62,83
63,82
63,82
63,82
63,82
63,82
63,82
63,83
63,83
63,83
63,83
63,83
63,83
63,83
64,83
64,83
64,83
64,83
64,83
64,83
65,83
65,83
65,83
65,83
65,83
65,83
65,83
65,83
65,83
65,83
65,83
65,83
66,83
66,83
66,83
66,83
66,83
66,83
66,83
66,83
66,83
66,83
66,83
66,83
66,83
67,83
67,83
67,83
67,83
67,83
67,83
68,83
68,83
68,83
68,83
68,83
68,83
68,83
68,83
68,83
68,83
68,83
68,83
68,83
69,82
69,82
69,82
69,82
69,82
69,82
70,82
70,82
70,82
70,82
70,82
70,82
70,82
70,83
70,83
70,83
70,83
70,83
70,83
71,83
71,83
71,83
71,83
71,83
71,83
72,82
72,82
72,82
72,82
72,82
72,82
72,83
72,83
72,83
72,83
72,83
72,83
72,83
73,83
73,83
73,83
73,83
73,83
73,83
73,83
73,83
73,83
73,83
73,83
73,83
74,83
74,83
74,83
74,83
74,83
74,83
74,83
75,83
75,83
75,83
75,83
75,83
75,83
75,83
75,83
75,83
75,83
75,83
75,83
76,82
76,82
76,82
76,82
76,82
76,82
76,82
77,82
77,82
77,82
77,82
77,82
77,82
77,83
77,83
77,83
77,83
77,83
77,83
78,83
78,83
78,83
78,83
78,83
78,83
78,83
78,83
78,83
78,83
78,83
78,83
78,83
79,82
79,82
79,82
79,82
79,82
79,82
80,83
80,83
80,83
80,83
80,83
80,83
80,83
80,83
80,83
80,83
80,83
80,83
80,83
81,83
81,83
81,83
81,83
81,83
81,83
82,83
82,83
82,83
82,83
82,83
82,83
82,83
82,83
82,83
82,83
82,83
82,83
83,83
83,83
83,83
83,83
83,83
83,83
83,83
84,83
84,83
84,83
84,83
84,83
84,83
84,83
84,83
84,83
84,83
84,83
84,83
85,83
85,83
85,83
85,83
85,83
85,83
85,83
85,83
85,83
85,83
85,83
85,83
85,83
86,83
86,83
86,83
86,83
86,83
86,83
87,83
87,83
87,83
87,83
87,83
87,83
87,83
87,82
87,82
87,82
87,82
87,82
87,82
88,83
88,83
88,83
88,83
88,83
88,83
89,83
89,83
89,83
89,83
89,83
89,83
89,83
89,83
89,83
89,83
89,83
89,83
89,83
90,83
90,83
90,83
90,83
90,83
90,83
90,83
90,83
90,83
90,83
90,83
90,83
91,83
91,83
91,83
91,83
91,83
91,83
91,83
92,83
92,83
92,83
92,83
92,83
92,83
92,83
92,83
92,83
92,83
92,83
92,83
93,83
93,83
93,83
93,83
93,83
93,83
94,83
94,83
94,83
94,83
94,83
94,83
94,83
94,83
94,83
94,83
94,83
94,83
94,83
95,83
95,83
95,83
95,83
95,83
95,83
96,83
96,83
96,83
96,83
96,83
96,83
96,83
96,82
96,82
96,82
96,82
96,82
96,82
97,83
97,83
97,83
97,83
97,83
97,83
97,83
97,83
97,83
97,83
97,83
97,83
97,83
98,83
98,83
98,83
98,83
98,83
98,83
99,83
99,83
99,83
99,83
99,83
99,83
99,82
99,82
99,82
99,82
99,82
99,82
100,83
100,83
100,83
100,83
100,83
100,83
100,83
101,83
101,83
101,83
101,83
101,83
101,83
101,83
101,83
101,83
101,83
101,83
101,83
102,83
102,83
102,83
102,83
102,83
102,83
102,83
102,82
102,82
102,82
102,82
102,82
102,82
103,83
103,83
103,83
103,83
103,83
103,83
104,83
104,83
104,83
104,83
104,83
104,83
104,83
104,83
104,83
104,83
104,83
104,83
104,83
105,82
105,82
105,82
105,82
105,82
105,82
106,83
106,83
106,83
106,83
106,83
106,83
106,82
106,82
106,82
106,82
106,82
106,82
106,82
107,83
107,83
107,83
107,83
107,83
107,83
108,83
108,83
108,83
108,83
108,83
108,83
108,83
108,83
108,83
108,83
108,83
108,83
108,83
109,83
109,83
109,83
109,83
109,83
109,83
109,83
109,83
109,83
109,83
109,83
109,83
110,83
110,83
110,83
110,83
110,83
110,83
111,83
111,83
111,83
111,83
111,83
111,83
111,83
111,83
111,83
111,83
111,83
111,83
111,83
112,83
112,83
112,83
112,83
112,83
112,83
113,83
113,83
113,83
113,83
113,83
113,83
113,83
113,83
113,83
113,83
113,83
113,83
113,83
114,83
114,83
114,83
114,83
114,83
114,83
114,83
114,83
114,83
114,83
114,83
114,83
115,83
115,83
115,83
115,83
115,83
115,83
115,83
116,83
116,83
116,83
116,83
116,83
116,83
116,83
116,83
116,83
116,83
116,83
116,83
117,83
117,83
117,83
117,83
117,83
117,83
117,83
118,83
118,83
118,83
118,83
118,83
118,83
118,83
118,83
118,83
118,83
118,83
118,83
119,83
119,83
119,83
119,83
119,83
119,83
119,83
119,83
119,83
119,83
119,83
119,83
119,83
120,82
120,82
120,82
120,82
120,82
120,82
121,83
121,83
121,83
121,83
121,83
121,83
121,82
121,82
121,82
121,82
121,82
121,82
121,82
122,83
122,83
122,83
122,83
122,83
122,83
123,83
123,83
123,83
123,83
123,83
123,83
123,83
123,83
123,83
123,83
123,83
123,83
123,83
124,83
124,83
124,83
124,83
124,83
124,83
125,83
125,83
125,83
125,83
125,83
125,83
125,83
125,83
125,83
125,83
125,83
125,83
126,83
126,83
126,83
126,83
126,83
126,83
126,83
126,83
126,83
126,83
126,83
126,83
126,83
127,83
127,83
127,83
127,83
127,83
127,83
128,83
128,83
128,83
128,83
128,83
128,83
128,83
128,83
128,83
128,83
128,83
128,83
128,83
129,83
129,83
129,83
129,83
129,83
129,83
130,83
130,83
130,83
130,83
130,83
130,83
130,83
130,83
130,83
130,83
130,83
130,83
130,83
131,83
131,83
131,83
131,83
131,83
131,83
131,83
131,83
131,83
131,83
131,83
131,83
132,83
132,83
132,83
132,83
132,83
132,83
133,83
133,83
133,83
133,83
133,83
133,83
133,83
133,83
133,83
133,83
133,83
133,83
133,83
134,83
134,83
134,83
134,83
134,83
134,83
135,83
135,83
135,83
135,83
135,83
135,83
135,83
135,83
135,83
135,83
135,83
135,83
135,83
136,83
136,83
136,83
136,83
136,83
136,83
137,83
137,83
137,83
137,83
137,83
137,83
137,83
137,83
137,83
137,83
137,83
137,83
137,83
138,83
138,83
138,83
138,83
138,83
138,83
138,83
138,83
138,83
138,83
138,83
138,83
139,83
139,83
139,83
139,83
139,83
139,83
139,83
140,83
140,83
140,83
140,83
140,83
140,83
140,83
140,83
140,83
140,83
140,83
140,83
141,83
141,83
141,83
141,83
141,83
141,83
141,83
142,83
142,83
142,83
142,83
142,83
142,83
142,83
142,83
142,83
142,83
142,83
142,83
143,83
143,83
143,83
143,83
143,83
143,83
143,83
143,83
143,83
143,83
143,83
143,83
143,83
144,83
144,83
144,83
144,83
144,83
144,83
145,82
145,82
145,82
145,82
145,82
145,82
145,83
145,83
145,83
145,83
145,83
145,83
145,83
146,83
146,83
146,83
146,83
146,83
146,83
147,83
147,83
147,83
147,83
147,83
147,83
147,83
147,83
147,83
147,83
147,83
147,83
147,83
148,83
148,83
148,83
148,83
148,83
148,83
149,83
149,83
149,83
149,83
149,83
149,83
149,83
149,83
149,83
149,83
149,83
149,83
150,83
150,83
150,83
150,83
150,83
150,83
150,83
150,83
150,83
150,83
150,83
150,83
150,83
151,83
151,83
151,83
151,83
151,83
151,83
152,83
152,83
152,83
152,83
152,83
152,83
152,83
152,83
152,83
152,83
152,83
152,83
152,83
153,83
153,83
153,83
153,83
153,83
153,83
154,83
154,83
154,83
154,83
154,83
154,83
154,83
154,83
154,83
154,83
154,83
154,83
154,83
155,83
155,83
155,83
155,83
155,83
155,83
155,83
155,83
155,83
155,83
155,83
155,83
156,83
156,83
156,83
156,83
156,83
156,83
156,83
157,83
157,83
157,83
157,83
157,83
157,83
157,83
157,83
157,83
157,83
157,83
157,83
158,83
158,83
158,83
158,83
158,83
158,83
158,83
159,83
159,83
159,83
159,83
159,83
159,83
159,83
159,83
159,83
159,83
159,83
159,83
160,83
160,83
160,83
160,83
160,83
160,83
161,83
161,83
161,83
161,83
161,83
161,83
161,83
161,83
161,83
161,83
161,83
161,83
161,83
162,83
162,83
162,83
162,83
162,83
162,83
162,83
162,83
162,83
162,83
162,83
162,83
162,83
163,83
163,83
163,83
163,83
163,83
163,83
164,83
164,83
164,83
164,83
164,83
164,83
164,83
164,83
164,83
164,83
164,83
164,83
164,83
165,83
165,83
165,83
165,83
165,83
165,83
166,83
166,83
166,83
166,83
166,83
166,83
166,83
166,83
166,83
166,83
166,83
166,83
167,83
167,83
167,83
167,83
167,83
167,83
167,83
167,83
167,83
167,83
167,83
167,83
167,83
168,83
168,83
168,83
168,83
168,83
168,83
169,83
169,83
169,83
169,83
169,83
169,83
169,83
169,83
169,83
169,83
169,83
169,83
169,83
170,83
170,83
170,83
170,83
170,83
170,83
171,83
171,83
171,83
171,83
171,83
171,83
171,83
171,83
171,83
171,83
171,83
171,83
171,83
172,83
172,83
172,83
172,83
172,83
172,83
173,83
173,83
173,83
173,83
173,83
173,83
173,83
173,83
173,83
173,83
173,83
173,83
173,83
174,83
174,83
174,83
174,83
174,83
174,83
174,83
174,83
174,83
174,83
174,83
174,83
175,83
175,83
175,83
175,83
175,83
175,83
175,83
176,83
176,83
176,83
176,83
176,83
176,83
176,83
176,83
176,83
176,83
176,83
176,83
177,83
177,83
177,83
177,83
177,83
177,83
178,83
178,83
178,83
178,83
178,83
178,83
178,83
178,83
178,83
178,83
178,83
178,83
178,83
179,83
179,83
179,83
179,83
179,83
179,83
179,83
179,83
179,83
179,83
179,83
179,83
179,83
180,83
180,83
180,83
180,83
180,83
180,83
181,83
181,83
181,83
181,83
181,83
181,83
181,83
181,83
181,83
181,83
181,83
181,83
181,83
182,83
182,83
182,83
182,83
182,83
182,83
183,83
183,83
183,83
183,83
183,83
183,83
183,83
183,83
183,83
183,83
183,83
183,83
184,83
184,83
184,83
184,83
184,83
184,83
184,83
184,82
184,82
184,82
184,82
184,82
184,82
185,83
185,83
185,83
185,83
185,83
185,83
186,83
186,83
186,83
186,83
186,83
186,83
186,83
186,83
186,83
186,83
186,83
186,83
186,83
187,83
187,83
187,83
187,83
187,83
187,83
188,83
188,83
188,83
188,83
188,83
188,83
188,83
188,83
188,83
188,83
188,83
188,83
188,83
189,83
189,83
189,83
189,83
189,83
189,83
190,83
190,83
190,83
190,83
190,83
190,83
190,83
190,83
190,83
190,83
190,83
190,83
190,83
191,83
191,83
191,83
191,83
191,83
191,83
191,83
191,83
191,83
191,83
191,83
191,83
192,83
192,83
192,83
192,83
192,83
192,83
192,83
193,84
193,84
193,84
193,84
193,84
193,84
193,83
193,83
193,83
193,83
193,83
193,83
194,83
194,83
194,83
194,83
194,83
194,83
195,83
195,83
195,83
195,83
195,83
195,83
195,83
195,83
195,83
195,83
195,83
195,83
195,83
196,83
196,83
196,83
196,83
196,83
196,83
196,83
196,83
196,83
196,83
196,83
196,83
196,83
197,83
197,83
197,83
197,83
197,83
197,83
198,83
198,83
198,83
198,83
198,83
198,83
198,83
198,83
198,83
198,83
198,83
198,83
198,83
199,83
199,83
199,83
199,83
199,83
199,83
200,83
200,83
200,83
200,83
200,83
200,83
200,83
200,83
200,83
200,83
200,83
200,83
201,83
201,83
201,83
201,83
201,83
201,83
201,83
202,83
202,83
202,83
202,83
202,83
202,83
202,83
202,83
202,83
202,83
202,83
202,83
203,83
203,83
203,83
203,83
203,83
203,83
203,83
203,83
203,83
203,83
203,83
203,83
203,83
204,83
204,83
204,83
204,83
204,83
204,83
205,83
205,83
205,83
205,83
205,83
205,83
205,83
205,83
205,83
205,83
205,83
205,83
205,83
206,83
206,83
206,83
206,83
206,83
206,83
207,83
207,83
207,83
207,83
207,83
207,83
207,83
207,83
207,83
207,83
207,83
207,83
207,83
208,83
208,83
208,83
208,83
208,83
208,83
208,83
208,83
208,83
208,83
208,83
208,83
209,83
209,83
209,83
209,83
209,83
209,83
209,83
210,83
210,83
210,83
210,83
210,83
210,83
210,83
210,83
210,83
210,83
210,83
210,83
211,83
211,83
211,83
211,83
211,83
211,83
212,83
212,83
212,83
212,83
212,83
212,83
212,83
212,83
212,83
212,83
212,83
212,83
212,83
213,83
213,83
213,83
213,83
213,83
213,83
214,83
214,83
214,83
214,83
214,83
214,83
214,83
214,83
214,83
214,83
214,83
214,83
214,83
215,83
215,83
215,83
215,83
215,83
215,83
215,83
215,83
215,83
215,83
215,83
215,83
215,83
216,83
216,83
216,83
216,83
216,83
216,83
217,83
217,83
217,83
217,83
217,83
217,83
217,83
217,83
217,83
217,83
217,83
217,83
218,83
218,83
218,83
218,83
218,83
218,83
218,83
219,83
219,83
219,83
219,83
219,83
219,83
219,83
219,83
219,83
219,83
219,83
219,83
220,83
220,83
220,83
220,83
220,83
220,83
220,83
220,83
220,83
220,83
220,83
220,83
220,83
221,83
221,83
221,83
221,83
221,83
221,83
222,83
222,83
222,83
222,83
222,83
222,83
222,83
222,83
222,83
222,83
222,83
222,83
222,83
223,83
223,83
223,83
223,83
223,83
223,83
224,83
224,83
224,83
224,83
224,83
224,83
224,83
224,83
224,83
224,83
224,83
224,83
224,83
225,83
225,83
225,83
225,83
225,83
225,83
225,84
225,84
225,84
225,84
225,84
225,84
226,83
226,83
226,83
226,83
226,83
226,83
226,83
227,83
227,83
227,83
227,83
227,83
227,83
227,83
227,83
227,83
227,83
227,83
227,83
228,83
228,83
228,83
228,83
228,83
228,83
229,83
229,83
229,83
229,83
229,83
229,83
229,83
229,83
229,83
229,83
229,83
229,83
229,83
230,83
230,83
230,83
230,83
230,83
230,83
231,83
231,83
231,83
231,83
231,83
231,83
231,83
231,83
231,83
231,83
231,83
231,83
231,83
232,83
232,83
232,83
232,83
232,83
232,83
232,83
232,83
232,83
232,83
232,83
232,83
232,83
233,83
233,83
233,83
233,83
233,83
233,83
234,83
234,83
234,83
234,83
234,83
234,83
234,83
234,83
234,83
234,83
234,83
234,83
235,83
235,83
235,83
235,83
235,83
235,83
235,83
236,83
236,83
236,83
236,83
236,83
236,83
236,83
236,83
236,83
236,83
236,83
236,83
237,83
237,83
237,83
237,83
237,83
237,83
237,83
237,83
237,83
237,83
237,83
237,83
237,83
238,83
238,83
238,83
238,83
238,83
238,83
239,83
239,83
239,83
239,83
239,83
239,83
239,83
239,83
239,83
239,83
239,83
239,83
239,83
240,83
240,83
240,83
240,83
240,83
240,83
241,83
241,83
241,83
241,83
241,83
241,83
241,83
241,83
241,83
241,83
241,83
241,83
241,83
242,83
242,83
242,83
242,83
242,83
242,83
243,83
243,83
243,83
243,83
243,83
243,83
243,83
243,83
243,83
243,83
243,83
243,83
243,83
244,83
244,83
244,83
244,83
244,83
244,83
244,83
244,83
244,83
244,83
244,83
244,83
245,83
245,83
245,83
245,83
245,83
245,83
246,83
246,83
246,83
246,83
246,83
246,83
246,83
246,83
246,83
246,83
246,83
246,83
246,83
247,83
247,83
247,83
247,83
247,83
247,83
248,83
248,83
248,83
248,83
248,83
248,83
248,83
248,83
248,83
248,83
248,83
248,83
248,83
249,83
249,83
249,83
249,83
249,83
249,83
249,83
249,83
249,83
249,83
249,83
249,83
249,83
250,83
250,83
250,83
250,83
250,83
250,83
251,83
251,83
251,83
251,83
251,83
251,83
251,83
251,83
251,83
251,83
251,83
251,83
252,83
252,83
252,83
252,83
252,83
252,83
252,83
253,83
253,83
253,83
253,83
253,83
253,83
253,83
253,83
253,83
253,83
253,83
253,83
254,83
254,83
254,83
254,83
254,83
254,83
254,83
255,83
255,83
255,83
255,83
255,83
255,83
255,83
255,83
255,83
255,83
255,83
255,83
256,83
256,83
256,83
256,83
256,83
256,83
256,83
256,83
256,83
256,83
256,83
256,83
256,83
257,84
257,84
257,84
257,84
257,84
257,84
258,83
258,83
258,83
258,83
258,83
258,83
258,83
258,83
258,83
258,83
258,83
258,83
258,83
259,83
259,83
259,83
259,83
259,83
259,83
260,83
260,83
260,83
260,83
260,83
260,83
260,83
260,83
260,83
260,83
260,83
260,83
260,83
261,83
261,83
261,83
261,83
261,83
261,83
261,83
261,83
261,83
261,83
261,83
261,83
262,83
262,83
262,83
262,83
262,83
262,83
263,83
263,83
263,83
263,83
263,83
263,83
263,83
263,83
263,83
263,83
263,83
263,83
263,83
264,83
264,83
264,83
264,83
264,83
264,83
265,83
265,83
265,83
265,83
265,83
265,83
265,83
265,83
265,83
265,83
265,83
265,83
265,83
266,83
266,83
266,83
266,83
266,83
266,83
267,83
267,83
267,83
267,83
267,83
267,83
267,83
267,83
267,83
267,83
267,83
267,83
267,83
268,83
268,83
268,83
268,83
268,83
268,83
268,83
268,83
268,83
268,83
268,83
268,83
269,83
269,83
269,83
269,83
269,83
269,83
269,83
270,82
270,82
270,82
270,82
270,82
270,82
270,83
270,83
270,83
270,83
270,83
270,83
271,83
271,83
271,83
271,83
271,83
271,83
271,83
272,83
272,83
272,83
272,83
272,83
272,83
272,83
272,83
272,83
272,83
272,83
272,83
273,83
273,83
273,83
273,83
273,83
273,83
273,83
273,83
273,83
273,83
273,83
273,83
273,83
274,83
274,83
274,83
274,83
274,83
274,83
275,83
275,83
275,83
275,83
275,83
275,83
275,83
275,83
275,83
275,83
275,83
275,83
275,83
276,83
276,83
276,83
276,83
276,83
276,83
277,83
277,83
277,83
277,83
277,83
277,83
277,83
277,83
277,83
277,83
277,83
277,83
277,83
278,83
278,83
278,83
278,83
278,83
278,83
279,83
279,83
279,83
279,83
279,83
279,83
279,83
279,83
279,83
279,83
279,83
279,83
280,83
280,83
280,83
280,83
280,83
280,83
280,83
280,83
280,83
280,83
280,83
280,83
280,83
281,83
281,83
281,83
281,83
281,83
281,83
282,83
282,83
282,83
282,83
282,83
282,83
282,83
282,83
282,83
282,83
282,83
282,83
282,83
283,83
283,83
283,83
283,83
283,83
283,83
284,83
284,83
284,83
284,83
284,83
284,83
284,83
284,83
284,83
284,83
284,83
284,83
284,83
285,82
285,82
285,82
285,82
285,82
285,82
285,83
285,83
285,83
285,83
285,83
285,83
286,83
286,83
286,83
286,83
286,83
286,83
286,83
287,83
287,83
287,83
287,83
287,83
287,83
287,83
287,83
287,83
287,83
287,83
287,83
288,83
288,83
288,83
288,83
288,83
288,83
288,83
289,83
289,83
289,83
289,83
289,83
289,83
289,83
289,83
289,83
289,83
289,83
289,83
290,83
290,83
290,83
290,83
290,83
290,83
290,83
290,83
290,83
290,83
290,83
290,83
290,83
291,83
291,83
291,83
291,83
291,83
291,83
292,83
292,83
292,83
292,83
292,83
292,83
292,83
292,83
292,83
292,83
292,83
292,83
292,83
293,83
293,83
293,83
293,83
293,83
293,83
294,83
294,83
294,83
294,83
294,83
294,83
294,83
294,83
294,83
294,83
294,83
294,83
294,83
295,83
295,83
295,83
295,83
295,83
295,83
296,83
296,83
296,83
296,83
296,83
296,83
296,83
296,83
296,83
296,83
296,83
296,83
296,83
297,83
297,83
297,83
297,83
297,83
297,83
297,84
297,84
297,84
297,84
297,84
297,84
298,83
298,83
298,83
298,83
298,83
298,83
299,83
299,83
299,83
299,83
299,83
299,83
299,83
299,83
299,83
299,83
299,83
299,83
299,83
300,83
300,83
300,83
300,83
300,83
300,83
301,83
301,83
301,83
301,83
301,83
301,83
301,83
301,83
301,83
301,83
301,83
301,83
301,83
302,83
302,83
302,83
302,83
302,83
302,83
302,83
302,83
302,83
302,83
302,83
302,83
303,83
303,83
303,83
303,83
303,83
303,83
303,83
304,83
304,83
304,83
304,83
304,83
304,83
304,83
304,83
304,83
304,83
304,83
304,83
305,83
305,83
305,83
305,83
305,83
305,83
305,83
306,83
306,83
306,83
306,83
306,83
306,83
306,83
306,83
306,83
306,83
306,83
306,83
307,83
307,83
307,83
307,83
307,83
307,83
307,83
308,83
308,83
308,83
308,83
308,83
308,83
308,83
308,83
308,83
308,83
308,83
308,83
309,83
309,83
309,83
309,83
309,83
309,83
309,83
309,83
309,83
309,83
309,83
309,83
309,83
310,83
310,83
310,83
310,83
310,83
310,83
311,83
311,83
311,83
311,83
311,83
311,83
311,83
311,83
311,83
311,83
311,83
311,83
311,83
312,83
312,83
312,83
312,83
312,83
312,83
313,83
313,83
313,83
313,83
313,83
313,83
313,83
313,83
313,83
313,83
313,83
313,83
314,83
314,83
314,83
314,83
314,83
314,83
314,83
314,83
314,83
314,83
314,83
314,83
314,83
315,83
315,83
315,83
315,83
315,83
315,83
316,83
316,83
316,83
316,83
316,83
316,83
316,83
316,83
316,83
316,83
316,83
316,83
316,83
317,83
317,83
317,83
317,83
317,83
317,83
318,82
318,82
318,82
318,82
318,82
318,82
318,82
318,83
318,83
318,83
318,83
318,83
318,83
319,83
319,83
319,83
319,83
319,83
319,83
320,83
320,83
320,83
320,83
320,83
320,83
320,83
320,83
320,83
320,83
320,83
320,83
320,83
321,82
321,82
321,82
321,82
321,82
321,82
321,83
321,83
321,83
321,83
321,83
321,83
322,83
322,83
322,83
322,83
322,83
322,83
322,83
323,83
323,83
323,83
323,83
323,83
323,83
323,83
323,83
323,83
323,83
323,83
323,83
324,83
324,83
324,83
324,83
324,83
324,83
324,83
325,82
325,82
325,82
325,82
325,82
325,82
325,83
325,83
325,83
325,83
325,83
325,83
326,83
326,83
326,83
326,83
326,83
326,83
326,83
326,83
326,83
326,83
326,83
326,83
326,83
327,83
327,83
327,83
327,83
327,83
327,83
328,83
328,83
328,83
328,83
328,83
328,83
328,83
328,83
328,83
328,83
328,83
328,83
328,83
329,83
329,83
329,83
329,83
329,83
329,83
330,83
330,83
330,83
330,83
330,83
330,83
330,83
330,83
330,83
330,83
330,83
330,83
330,83
331,83
331,83
331,83
331,83
331,83
331,83
332,83
332,83
332,83
332,83
332,83
332,83
332,83
332,83
332,83
332,83
332,83
332,83
333,83
333,83
333,83
333,83
333,83
333,83
333,83
333,83
333,83
333,83
333,83
333,83
333,83
334,83
334,83
334,83
334,83
334,83
334,83
335,83
335,83
335,83
335,83
335,83
335,83
335,83
335,83
335,83
335,83
335,83
335,83
335,83
336,83
336,83
336,83
336,83
336,83
336,83
337,83
337,83
337,83
337,83
337,83
337,83
337,83
337,83
337,83
337,83
337,83
337,83
337,83
338,83
338,83
338,83
338,83
338,83
338,83
338,83
338,83
338,83
338,83
338,83
338,83
339,83
339,83
339,83
339,83
339,83
339,83
339,83
340,83
340,83
340,83
340,83
340,83
340,83
340,83
340,83
340,83
340,83
340,83
340,83
341,83
341,83
341,83
341,83
341,83
341,83
341,83
342,83
342,83
342,83
342,83
342,83
342,83
342,83
342,83
342,83
342,83
342,83
342,83
343,83
343,83
343,83
343,83
343,83
343,83
343,83
343,83
343,83
343,83
343,83
343,83
343,83
344,83
344,83
344,83
344,83
344,83
344,83
345,83
345,83
345,83
345,83
345,83
345,83
345,83
345,83
345,83
345,83
345,83
345,83
345,83
346,83
346,83
346,83
346,83
346,83
346,83
347,83
347,83
347,83
347,83
347,83
347,83
347,83
347,83
347,83
347,83
347,83
347,83
348,83
348,83
348,83
348,83
348,83
348,83
348,83
349,83
349,83
349,83
349,83
349,83
349,83
349,83
349,83
349,83
349,83
349,83
349,83
350,83
350,83
350,83
350,83
350,83
350,83
350,83
350,83
350,83
350,83
350,83
350,83
350,83
351,83
351,83
351,83
351,83
351,83
351,83
352,83
352,83
352,83
352,83
352,83
352,83
352,83
352,83
352,83
352,83
352,83
352,83
352,83
353,83
353,83
353,83
353,83
353,83
353,83
354,83
354,83
354,83
354,83
354,83
354,83
354,83
354,83
354,83
354,83
354,83
354,83
354,83
355,83
355,83
355,83
355,83
355,83
355,83
355,83
355,83
355,83
355,83
355,83
355,83
356,83
356,83
356,83
356,83
356,83
356,83
356,83
357,83
357,83
357,83
357,83
357,83
357,83
357,83
357,83
357,83
357,83
357,83
357,83
358,83
358,83
358,83
358,83
358,83
358,83
358,83
359,83
359,83
359,83
359,83
359,83
359,83
359,83
359,83
359,83
359,83
359,83
359,83
360,83
360,83
360,83
360,83
360,83
360,83
361,83
361,83
361,83
361,83
361,83
361,83
361,83
361,83
361,83
361,83
361,83
361,83
361,83
362,83
362,83
362,83
362,83
362,83
362,83
362,83
362,83
362,83
362,83
362,83
362,83
362,83
363,83
363,83
363,83
363,83
363,83
363,83
364,83
364,83
364,83
364,83
364,83
364,83
364,83
364,83
364,83
364,83
364,83
364,83
365,83
365,83
365,83
365,83
365,83
365,83
365,83
366,83
366,83
366,83
366,83
366,83
366,83
366,83
366,83
366,83
366,83
366,83
366,83
367,83
367,83
367,83
367,83
367,83
367,83
367,83
367,83
367,83
367,83
367,83
367,83
367,83
368,83
368,83
368,83
368,83
368,83
368,83
369,82
369,82
369,82
369,82
369,82
369,82
369,82
369,83
369,83
369,83
369,83
369,83
369,83
370,83
370,83
370,83
370,83
370,83
370,83
371,83
371,83
371,83
371,83
371,83
371,83
371,83
371,83
371,83
371,83
371,83
371,83
371,83
372,82
372,82
372,82
372,82
372,82
372,82
373,83
373,83
373,83
373,83
373,83
373,83
373,83
373,83
373,83
373,83
373,83
373,83
373,83
374,83
374,83
374,83
374,83
374,83
374,83
374,83
374,83
374,83
374,83
374,83
374,83
375,83
375,83
375,83
375,83
375,83
375,83
376,83
376,83
376,83
376,83
376,83
376,83
376,83
376,83
376,83
376,83
376,83
376,83
376,83
377,83
377,83
377,83
377,83
377,83
377,83
378,83
378,83
378,83
378,83
378,83
378,83
378,83
378,83
378,83
378,83
378,83
378,83
378,83
379,83
379,83
379,83
379,83
379,83
379,83
379,83
379,83
379,83
379,83
379,83
379,83
379,83
380,83
380,83
380,83
380,83
380,83
380,83
381,83
381,83
381,83
381,83
381,83
381,83
381,83
381,83
381,83
381,83
381,83
381,83
382,83
382,83
382,83
382,83
382,83
382,83
382,83
383,83
383,83
383,83
383,83
383,83
383,83
383,83
383,83
383,83
383,83
383,83
383,83
384,82
384,82
384,82
384,82
384,82
384,82
384,82
385,83
385,83
385,83
385,83
385,83
385,83
385,83
385,83
385,83
385,83
385,83
385,83
386,83
386,83
386,83
386,83
386,83
386,83
386,83
386,83
386,83
386,83
386,83
386,83
386,83
387,83
387,83
387,83
387,83
387,83
387,83
388,83
388,83
388,83
388,83
388,83
388,83
388,83
388,83
388,83
388,83
388,83
388,83
388,83
389,83
389,83
389,83
389,83
389,83
389,83
390,83
390,83
390,83
390,83
390,83
390,83
390,83
390,83
390,83
390,83
390,83
390,83
390,83
391,83
391,83
391,83
391,83
391,83
391,83
391,83
391,83
391,83
391,83
391,83
391,83
392,83
392,83
392,83
392,83
392,83
392,83
393,83
393,83
393,83
393,83
393,83
393,83
393,83
393,83
393,83
393,83
393,83
393,83
393,83
394,83
394,83
394,83
394,83
394,83
394,83
395,83
395,83
395,83
395,83
395,83
395,83
395,83
395,83
395,83
395,83
395,83
395,83
395,83
396,83
396,83
396,83
396,83
396,83
396,83
396,83
396,83
396,83
396,83
396,83
396,83
397,83
397,83
397,83
397,83
397,83
397,83
397,83
398,83
398,83
398,83
398,83
398,83
398,83
398,83
398,83
398,83
398,83
398,83
398,83
399,83
399,83
399,83
399,83
399,83
399,83
399,83
400,83
400,83
400,83
400,83
400,83
400,83
400,83
400,83
400,83
400,83
400,83
400,83
401,83
401,83
401,83
401,83
401,83
401,83
401,83
402,83
402,83
402,83
402,83
402,83
402,83
402,83
402,83
402,83
402,83
402,83
402,83
403,83
403,83
403,83
403,83
403,83
403,83
403,83
403,83
403,83
403,83
403,83
403,83
403,83
404,83
404,83
404,83
404,83
404,83
404,83
405,83
405,83
405,83
405,83
405,83
405,83
405,83
405,83
405,83
405,83
405,83
405,83
405,83
406,83
406,83
406,83
406,83
406,83
406,83
407,83
407,83
407,83
407,83
407,83
407,83
407,83
407,83
407,83
407,83
407,83
407,83
408,83
408,83
408,83
408,83
408,83
408,83
408,83
408,82
408,82
408,82
408,82
408,82
408,82
409,82
409,82
409,82
409,82
409,82
409,82
410,83
410,83
410,83
410,83
410,83
410,83
410,83
410,83
410,83
410,83
410,83
410,83
410,83
411,83
411,83
411,83
411,83
411,83
411,83
412,83
412,83
412,83
412,83
412,83
412,83
412,83
412,82
412,82
412,82
412,82
412,82
412,82
413,83
413,83
413,83
413,83
413,83
413,83
414,83
414,83
414,83
414,83
414,83
414,83
414,83
414,83
414,83
414,83
414,83
414,83
414,83
415,83
415,83
415,83
415,83
415,83
415,83
415,82
415,82
415,82
415,82
415,82
415,82
416,83
416,83
416,83
416,83
416,83
416,83
416,83
417,82
417,82
417,82
417,82
417,82
417,82
417,82
417,82
417,82
417,82
417,82
417,82
418,82
418,82
418,82
418,82
418,82
418,82
418,82
419,82
419,82
419,82
419,82
419,82
419,82
419,83
419,83
419,83
419,83
419,83
419,83
420,83
420,83
420,83
420,83
420,83
420,83
420,83
420,83
420,83
420,83
420,83
420,83
420,83
421,83
421,83
421,83
421,83
421,83
421,83
422,83
422,83
422,83
422,83
422,83
422,83
422,83
422,83
422,83
422,83
422,83
422,83
422,83
423,83
423,83
423,83
423,83
423,83
423,83
424,82
424,82
424,82
424,82
424,82
424,82
424,83
424,83
424,83
424,83
424,83
424,83
425,83
425,83
425,83
425,83
425,83
425,83
425,83
426,83
426,83
426,83
426,83
426,83
426,83
426,83
426,83
426,83
426,83
426,83
426,83
427,83
427,83
427,83
427,83
427,83
427,83
427,83
427,83
427,83
427,83
427,83
427,83
427,83
428,83
428,83
428,83
428,83
428,83
428,83
429,83
429,83
429,83
429,83
429,83
429,83
429,83
429,83
429,83
429,83
429,83
429,83
429,83
430,82
430,82
430,82
430,82
430,82
430,82
431,83
431,83
431,83
431,83
431,83
431,83
431,83
431,83
431,83
431,83
431,83
431,83
431,83
432,83
432,83
432,83
432,83
432,83
432,83
432,83
432,83
432,83
432,83
432,83
432,83
433,83
433,83
433,83
433,83
433,83
433,83
433,83
434,82
434,82
434,82
434,82
434,82
434,82
434,82
434,82
434,82
434,82
434,82
434,82
435,83
435,83
435,83
435,83
435,83
435,83
436,83
436,83
436,83
436,83
436,83
436,83
436,83
436,83
436,83
436,83
436,83
436,83
436,83
437,82
437,82
437,82
437,82
437,82
437,82
438,83
438,83
438,83
438,83
438,83
438,83
438,83
438,82
438,82
438,82
438,82
438,82
438,82
439,83
439,83
439,83
439,83
439,83
439,83
439,83
439,83
439,83
439,83
439,83
439,83
440,83
440,83
440,83
440,83
440,83
440,83
440,83
441,83
441,83
441,83
441,83
441,83
441,83
441,83
441,83
441,83
441,83
441,83
441,83
442,83
442,83
442,83
442,83
442,83
442,83
442,83
443,83
443,83
443,83
443,83
443,83
443,83
443,82
443,82
443,82
443,82
443,82
443,82
444,83
444,83
444,83
444,83
444,83
444,83
444,83
444,83
444,83
444,83
444,83
444,83
444,83
445,83
445,83
445,83
445,83
445,83
445,83
446,83
446,83
446,83
446,83
446,83
446,83
446,83
446,83
446,83
446,83
446,83
446,83
446,83
447,83
447,83
447,83
447,83
447,83
447,83
448,83
448,83
448,83
448,83
448,83
448,83
448,83
448,83
448,83
448,83
448,83
448,83
448,83
449,83
449,83
449,83
449,83
449,83
449,83
450,82
450,82
450,82
450,82
450,82
450,82
450,83
450,83
450,83
450,83
450,83
450,83
451,82
451,82
451,82
451,82
451,82
451,82
451,82
451,82
451,82
451,82
451,82
451,82
451,82
452,82
452,82
452,82
452,82
452,82
452,82
453,82
453,82
453,82
453,82
453,82
453,82
453,82
453,83
453,83
453,83
453,83
453,83
453,83
454,83
454,83
454,83
454,83
454,83
454,83
455,82
455,82
455,82
455,82
455,82
455,82
455,82
455,83
455,83
455,83
455,83
455,83
455,83
456,82
456,82
456,82
456,82
456,82
456,82
456,83
456,83
456,83
456,83
456,83
456,83
457,83
457,83
457,83
457,83
457,83
457,83
457,83
458,82
458,82
458,82
458,82
458,82
458,82
458,83
458,83
458,83
458,83
458,83
458,83
459,83
459,83
459,83
459,83
459,83
459,83
459,83
460,82
460,82
460,82
460,82
460,82
460,82
460,83
460,83
460,83
460,83
460,83
460,83
461,82
461,82
461,82
461,82
461,82
461,82
461,82
461,82
461,82
461,82
461,82
461,82
461,82
462,83
462,83
462,83
462,83
462,83
462,83
463,82
463,82
463,82
463,82
463,82
463,82
463,83
463,83
463,83
463,83
463,83
463,83
463,83
464,83
464,83
464,83
464,83
464,83
464,83
465,83
465,83
465,83
465,83
465,83
465,83
465,83
465,83
465,83
465,83
465,83
465,83
465,83
466,83
466,83
466,83
466,83
466,83
466,83
467,83
467,83
467,83
467,83
467,83
467,83
467,83
467,83
467,83
467,83
467,83
467,83
468,83
468,83
468,83
468,83
468,83
468,83
468,83
468,82
468,82
468,82
468,82
468,82
468,82
469,83
469,83
469,83
469,83
469,83
469,83
470,82
470,82
470,82
470,82
470,82
470,82
470,82
470,83
470,83
470,83
470,83
470,83
470,83
471,83
471,83
471,83
471,83
471,83
471,83
472,83
472,83
472,83
472,83
472,83
472,83
472,83
472,82
472,82
472,82
472,82
472,82
472,82
473,82
473,82
473,82
473,82
473,82
473,82
473,82
473,82
473,82
473,82
473,82
473,82
474,83
474,83
474,83
474,83
474,83
474,83
474,83
475,82
475,82
475,82
475,82
475,82
475,82
475,83
475,83
475,83
475,83
475,83
475,83
476,83
476,83
476,83
476,83
476,83
476,83
476,83
477,82
477,82
477,82
477,82
477,82
477,82
477,83
477,83
477,83
477,83
477,83
477,83
478,82
478,82
478,82
478,82
478,82
478,82
479,82
479,82
479,82
479,82
479,82
479,82
479,82
479,83
479,83
479,83
479,83
479,83
479,83
480,83
480,83
480,83
480,83
480,83
480,83
480,82
480,82
480,82
480,82
480,82
480,82
480,82
481,82
481,82
481,82
481,82
481,82
481,82
482,82
482,82
482,82
482,82
482,82
482,82
482,83
482,83
482,83
482,83
482,83
482,83
482,83
483,83
483,83
483,83
483,83
483,83
483,83
484,83
484,83
484,83
484,83
484,83
484,83
484,83
484,83
484,83
484,83
484,83
484,83
485,83
485,83
485,83
485,83
485,83
485,83
485,83
485,83
485,83
485,83
485,83
485,83
485,83
486,83
486,83
486,83
486,83
486,83
486,83
487,83
487,83
487,83
487,83
487,83
487,83
487,83
487,82
487,82
487,82
487,82
487,82
487,82
488,82
488,82
488,82
488,82
488,82
488,82
489,83
489,83
489,83
489,83
489,83
489,83
489,83
489,83
489,83
489,83
489,83
489,83
489,83
490,82
490,82
490,82
490,82
490,82
490,82
491,83
491,83
491,83
491,83
491,83
491,83
491,83
491,83
491,83
491,83
491,83
491,83
491,83
492,82
492,82
492,82
492,82
492,82
492,82
492,82
492,82
492,82
492,82
492,82
492,82
493,82
493,82
493,82
493,82
493,82
493,82
493,82
494,82
494,82
494,82
494,82
494,82
494,82
494,82
494,82
494,82
494,82
494,82
494,82
495,83
495,83
495,83
495,83
495,83
495,83
496,82
496,82
496,82
496,82
496,82
496,82
496,82
496,82
496,82
496,82
496,82
496,82
496,82
497,83
497,83
497,83
497,83
497,83
497,83
497,82
497,82
497,82
497,82
497,82
497,82
497,82
498,82
498,82
498,82
498,82
498,82
498,82
499,82
499,82
499,82
499,82
499,82
499,82
499,82
499,82
499,82
499,82
499,82
499,82
499,82
500,82
500,82
500,82
500,82
500,82
500,82
501,83
501,83
501,83
501,83
501,83
501,83
501,83
501,83
501,83
501,83
501,83
501,83
502,83
502,83
502,83
502,83
502,83
502,83
502,83
503,82
503,82
503,82
503,82
503,82
503,82
503,83
503,83
503,83
503,83
503,83
503,83
504,83
504,83
504,83
504,83
504,83
504,83
504,83
504,82
504,82
504,82
504,82
504,82
504,82
505,83
505,83
505,83
505,83
505,83
505,83
506,83
506,83
506,83
506,83
506,83
506,83
506,82
506,82
506,82
506,82
506,82
506,82
506,82
507,83
507,83
507,83
507,83
507,83
507,83
508,83
508,83
508,83
508,83
508,83
508,83
508,82
508,82
508,82
508,82
508,82
508,82
508,82
509,82
509,82
509,82
509,82
509,82
509,82
509,83
509,83
509,83
509,83
509,83
509,83
510,83
510,83
510,83
510,83
510,83
510,83
510,83
511,82
511,82
511,82
511,82
511,82
511,82
511,82
511,82
511,82
511,82
511,82
511,82
512,83
512,83
512,83
512,83
512,83
512,83
513,82
513,82
513,82
513,82
513,82
513,82
513,82
513,83
513,83
513,83
513,83
513,83
513,83
514,83
514,83
514,83
514,83
514,83
514,83
514,83
514,83
514,83
514,83
514,83
514,83
514,83
515,83
515,83
515,83
515,83
515,83
515,83
516,83
516,83
516,83
516,83
516,83
516,83
516,83
516,83
516,83
516,83
516,83
516,83
516,83
517,82
517,82
517,82
517,82
517,82
517,82
518,82
518,82
518,82
518,82
518,82
518,82
518,83
518,83
518,83
518,83
518,83
518,83
519,82
519,82
519,82
519,82
519,82
519,82
519,82
520,83
520,83
520,83
520,83
520,83
520,83
520,83
520,83
520,83
520,83
520,83
520,83
521,82
521,82
521,82
521,82
521,82
521,82
521,82
521,82
521,82
521,82
521,82
521,82
521,82
522,82
522,82
522,82
522,82
522,82
522,82
523,83
523,83
523,83
523,83
523,83
523,83
523,83
523,83
523,83
523,83
523,83
523,83
523,83
524,82
524,82
524,82
524,82
524,82
524,82
525,82
525,82
525,82
525,82
525,82
525,82
525,82
525,82
525,82
525,82
525,82
525,82
525,82
526,82
526,82
526,82
526,82
526,82
526,82
526,83
526,83
526,83
526,83
526,83
526,83
527,83
527,83
527,83
527,83
527,83
527,83
527,83
528,83
528,83
528,83
528,83
528,83
528,83
528,83
528,83
528,83
528,83
528,83
528,83
529,82
529,82
529,82
529,82
529,82
529,82
530,83
530,83
530,83
530,83
530,83
530,83
530,83
530,83
530,83
530,83
530,83
530,83
530,83
531,83
531,83
531,83
531,83
531,83
531,83
532,83
532,83
532,83
532,83
532,83
532,83
532,83
532,82
532,82
532,82
532,82
532,82
532,82
533,82
533,82
533,82
533,82
533,82
533,82
533,83
533,83
533,83
533,83
533,83
533,83
534,83
534,83
534,83
534,83
534,83
534,83
534,83
535,82
535,82
535,82
535,82
535,82
535,82
535,83
535,83
535,83
535,83
535,83
535,83
536,82
536,82
536,82
536,82
536,82
536,82
536,82
537,82
537,82
537,82
537,82
537,82
537,82
537,83
537,83
537,83
537,83
537,83
537,83
538,83
538,83
538,83
538,83
538,83
538,83
538,83
538,83
538,83
538,83
538,83
538,83
538,83
539,83
539,83
539,83
539,83
539,83
539,83
540,82
540,82
540,82
540,82
540,82
540,82
540,83
540,83
540,83
540,83
540,83
540,83
540,83
541,82
541,82
541,82
541,82
541,82
541,82
542,83
542,83
542,83
542,83
542,83
542,83
542,83
542,83
542,83
542,83
542,83
542,83
542,83
543,83
543,83
543,83
543,83
543,83
543,83
544,82
544,82
544,82
544,82
544,82
544,82
544,82
544,82
544,82
544,82
544,82
544,82
544,82
545,82
545,82
545,82
545,82
545,82
545,82
545,82
545,82
545,82
545,82
545,82
545,82
546,82
546,82
546,82
546,82
546,82
546,82
547,83
547,83
547,83
547,83
547,83
547,83
547,83
547,82
547,82
547,82
547,82
547,82
547,82
548,83
548,83
548,83
548,83
548,83
548,83
549,83
549,83
549,83
549,83
549,83
549,83
549,83
549,83
549,83
549,83
549,83
549,83
549,83
550,82
550,82
550,82
550,82
550,82
550,82
550,82
550,82
550,82
550,82
550,82
550,82
551,83
551,83
551,83
551,83
551,83
551,83
551,83
552,83
552,83
552,83
552,83
552,83
552,83
552,83
552,83
552,83
552,83
552,83
552,83
553,83
553,83
553,83
553,83
553,83
553,83
553,83
554,83
554,83
554,83
554,83
554,83
554,83
554,82
554,82
554,82
554,82
554,82
554,82
555,82
555,82
555,82
555,82
555,82
555,82
555,82
556,82
556,82
556,82
556,82
556,82
556,82
556,83
556,83
556,83
556,83
556,83
556,83
557,82
557,82
557,82
557,82
557,82
557,82
557,83
557,83
557,83
557,83
557,83
557,83
557,83
558,82
558,82
558,82
558,82
558,82
558,82
559,82
559,82
559,82
559,82
559,82
559,82
559,82
559,82
559,82
559,82
559,82
559,82
559,82
560,82
560,82
560,82
560,82
560,82
560,82
561,83
561,83
561,83
561,83
561,83
561,83
561,83
561,83
561,83
561,83
561,83
561,83
561,83
562,83
562,83
562,83
562,83
562,83
562,83
562,83
562,83
562,83
562,83
562,83
562,83
563,83
563,83
563,83
563,83
563,83
563,83
564,83
564,83
564,83
564,83
564,83
564,83
564,83
564,83
564,83
564,83
564,83
564,83
564,83
565,82
565,82
565,82
565,82
565,82
565,82
566,83
566,83
566,83
566,83
566,83
566,83
566,83
566,83
566,83
566,83
566,83
566,83
566,83
567,83
567,83
567,83
567,83
567,83
567,83
567,83
567,83
567,83
567,83
567,83
567,83
567,83
568,83
568,83
568,83
568,83
568,83
568,83
569,83
569,83
569,83
569,83
569,83
569,83
569,82
569,82
569,82
569,82
569,82
569,82
570,82
570,82
570,82
570,82
570,82
570,82
570,82
571,83
571,83
571,83
571,83
571,83
571,83
571,83
571,83
571,83
571,83
571,83
571,83
572,83
572,83
572,83
572,83
572,83
572,83
572,83
573,82
573,82
573,82
573,82
573,82
573,82
573,83
573,83
573,83
573,83
573,83
573,83
574,82
574,82
574,82
574,82
574,82
574,82
574,83
574,83
574,83
574,83
574,83
574,83
574,83
575,82
575,82
575,82
575,82
575,82
575,82
576,82
576,82
576,82
576,82
576,82
576,82
576,83
576,83
576,83
576,83
576,83
576,83
576,83
577,82
577,82
577,82
577,82
577,82
577,82
578,82
578,82
578,82
578,82
578,82
578,82
578,82
578,82
578,82
578,82
578,82
578,82
578,82
579,82
579,82
579,82
579,82
579,82
579,82
579,83
579,83
579,83
579,83
579,83
579,83
580,83
580,83
580,83
580,83
580,83
580,83
581,83
581,83
581,83
581,83
581,83
581,83
581,83
581,82
581,82
581,82
581,82
581,82
581,82
582,83
582,83
582,83
582,83
582,83
582,83
583,82
583,82
583,82
583,82
583,82
583,82
583,82
583,83
583,83
583,83
583,83
583,83
583,83
584,83
584,83
584,83
584,83
584,83
584,83
585,83
585,83
585,83
585,83
585,83
585,83
585,83
585,82
585,82
585,82
585,82
585,82
585,82
586,83
586,83
586,83
586,83
586,83
586,83
586,82
586,82
586,82
586,82
586,82
586,82
587,82
587,82
587,82
587,82
587,82
587,82
587,82
588,82
588,82
588,82
588,82
588,82
588,82
588,82
588,82
588,82
588,82
588,82
588,82
589,82
589,82
589,82
589,82
589,82
589,82
589,82
590,82
590,82
590,82
590,82
590,82
590,82
590,83
590,83
590,83
590,83
590,83
590,83
591,83
591,83
591,83
591,83
591,83
591,83
591,83
591,83
591,83
591,83
591,83
591,83
591,83
592,82
592,82
592,82
592,82
592,82
592,82
593,83
593,83
593,83
593,83
593,83
593,83
593,82
593,82
593,82
593,82
593,82
593,82
593,82
594,82
594,82
594,82
594,82
594,82
594,82
595,83
595,83
595,83
595,83
595,83
595,83
595,83
595,83
595,83
595,83
595,83
595,83
595,83
596,83
596,83
596,83
596,83
596,83
596,83
597,82
597,82
597,82
597,82
597,82
597,82
597,83
597,83
597,83
597,83
597,83
597,83
598,82
598,82
598,82
598,82
598,82
598,82
598,82
598,83
598,83
598,83
598,83
598,83
598,83
599,83
599,83
599,83
599,83
599,83
599,83
600,82
600,82
600,82
600,82
600,82
600,82
600,82
600,83
600,83
600,83
600,83
600,83
600,83
601,82
601,82
601,82
601,82
601,82
601,82
602,82
602,82
602,82
602,82
602,82
602,82
602,82
602,82
602,82
602,82
602,82
602,82
602,82
603,83
603,83
603,83
603,83
603,83
603,83
603,82
603,82
603,82
603,82
603,82
603,82
604,83
604,83
604,83
604,83
604,83
604,83
604,83
605,83
605,83
605,83
605,83
605,83
605,83
605,82
605,82
605,82
605,82
605,82
605,82
606,83
606,83
606,83
606,83
606,83
606,83
606,83
607,83
607,83
607,83
607,83
607,83
607,83
607,83
607,83
607,83
607,83
607,83
607,83
608,83
608,83
608,83
608,83
608,83
608,83
609,82
609,82
609,82
609,82
609,82
609,82
609,82
609,82
609,82
609,82
609,82
609,82
609,82
610,83
610,83
610,83
610,83
610,83
610,83
610,83
610,83
610,83
610,83
610,83
610,83
610,83
611,82
611,82
611,82
611,82
611,82
611,82
612,82
612,82
612,82
612,82
612,82
612,82
612,83
612,83
612,83
612,83
612,83
612,83
612,83
613,83
613,83
613,83
613,83
613,83
613,83
614,82
614,82
614,82
614,82
614,82
614,82
614,83
614,83
614,83
614,83
614,83
614,83
615,83
615,83
615,83
615,83
615,83
615,83
615,83
615,83
615,83
615,83
615,83
615,83
615,83
616,82
616,82
616,82
616,82
616,82
616,82
617,82
617,82
617,82
617,82
617,82
617,82
617,82
617,82
617,82
617,82
617,82
617,82
617,82
618,83
618,83
618,83
618,83
618,83
618,83
619,82
619,82
619,82
619,82
619,82
619,82
619,82
619,82
619,82
619,82
619,82
619,82
619,82
620,82
620,82
620,82
620,82
620,82
620,82
621,82
621,82
621,82
621,82
621,82
621,82
621,82
621,82
621,82
621,82
621,82
621,82
621,82
622,83
622,83
622,83
622,83
622,83
622,83
622,83
622,83
622,83
622,83
622,83
622,83
623,82
623,82
623,82
623,82
623,82
623,82
623,82
624,83
624,83
624,83
624,83
624,83
624,83
624,82
624,82
624,82
624,82
624,82
624,82
625,82
625,82
625,82
625,82
625,82
625,82
626,83
626,83
626,83
626,83
626,83
626,83
626,83
626,82
626,82
626,82
626,82
626,82
626,82
627,82
627,82
627,82
627,82
627,82
627,82
627,82
627,82
627,82
627,82
627,82
627,82
627,82
628,82
628,82
628,82
628,82
628,82
628,82
629,82
629,82
629,82
629,82
629,82
629,82
629,83
629,83
629,83
629,83
629,83
629,83
629,83
630,83
630,83
630,83
630,83
630,83
630,83
631,83
631,83
631,83
631,83
631,83
631,83
631,83
631,83
631,83
631,83
631,83
631,83
632,82
632,82
632,82
632,82
632,82
632,82
632,82
632,83
632,83
632,83
632,83
632,83
632,83
633,82
633,82
633,82
633,82
633,82
633,82
634,82
634,82
634,82
634,82
634,82
634,82
634,82
634,83
634,83
634,83
634,83
634,83
634,83
635,83
635,83
635,83
635,83
635,83
635,83
636,83
636,83
636,83
636,83
636,83
636,83
636,83
636,83
636,83
636,83
636,83
636,83
636,83
637,82
637,82
637,82
637,82
637,82
637,82
638,82
638,82
638,82
638,82
638,82
638,82
638,83
638,83
638,83
638,83
638,83
638,83
638,83
639,82
639,82
639,82
639,82
639,82
639,82
639,83
639,83
639,83
639,83
639,83
639,83
640,82
640,82
640,82
640,82
640,82
640,82
640,82
641,82
641,82
641,82
641,82
641,82
641,82
641,83
641,83
641,83
641,83
641,83
641,83
642,83
642,83
642,83
642,83
642,83
642,83
643,82
643,82
643,82
643,82
643,82
643,82
643,82
643,83
643,83
643,83
643,83
643,83
643,83
644,83
644,83
644,83
644,83
644,83
644,83
644,83
644,83
644,83
644,83
644,83
644,83
644,83
645,82
645,82
645,82
645,82
645,82
645,82
646,82
646,82
646,82
646,82
646,82
646,82
646,83
646,83
646,83
646,83
646,83
646,83
646,83
647,82
647,82
647,82
647,82
647,82
647,82
648,83
648,83
648,83
648,83
648,83
648,83
648,83
648,83
648,83
648,83
648,83
648,83
649,83
649,83
649,83
649,83
649,83
649,83
649,83
650,82
650,82
650,82
650,82
650,82
650,82
650,83
650,83
650,83
650,83
650,83
650,83
651,83
651,83
651,83
651,83
651,83
651,83
651,83
651,83
651,83
651,83
651,83
651,83
651,83
652,82
652,82
652,82
652,82
652,82
652,82
653,83
653,83
653,83
653,83
653,83
653,83
653,83
653,82
653,82
653,82
653,82
653,82
653,82
654,82
654,82
654,82
654,82
654,82
654,82
655,82
655,82
655,82
655,82
655,82
655,82
655,82
655,82
655,82
655,82
655,82
655,82
655,82
656,82
656,82
656,82
656,82
656,82
656,82
656,82
656,82
656,82
656,82
656,82
656,82
657,82
657,82
657,82
657,82
657,82
657,82
657,82
658,83
658,83
658,83
658,83
658,83
658,83
658,82
658,82
658,82
658,82
658,82
658,82
659,83
659,83
659,83
659,83
659,83
659,83
659,83
660,83
660,83
660,83
660,83
660,83
660,83
660,82
660,82
660,82
660,82
660,82
660,82
661,82
661,82
661,82
661,82
661,82
661,82
662,82
662,82
662,82
662,82
662,82
662,82
662,82
662,82
