0,0
0,79
0,79
0,79
0,79
0,79
0,79
0,79
0,79
0,79
0,79
0,79
0,79
0,79
1,79
1,79
1,79
1,79
1,79
1,79
1,79
1,79
1,79
1,79
1,79
1,79
1,79
2,79
2,79
2,79
2,79
2,79
2,79
3,78
3,78
3,78
3,78
3,78
3,78
3,79
3,79
3,79
3,79
3,79
3,79
4,79
4,79
4,79
4,79
4,79
4,79
4,79
5,79
5,79
5,79
5,79
5,79
5,79
5,79
5,79
5,79
5,79
5,79
5,79
6,79
6,79
6,79
6,79
6,79
6,79
6,79
7,78
7,78
7,78
7,78
7,78
7,78
7,79
7,79
7,79
7,79
7,79
7,79
8,78
8,78
8,78
8,78
8,78
8,78
8,79
8,79
8,79
8,79
8,79
8,79
8,79
9,79
9,79
9,79
9,79
9,79
9,79
10,78
10,78
10,78
10,78
10,78
10,78
10,79
10,79
10,79
10,79
10,79
10,79
10,79
11,78
11,78
11,78
11,78
11,78
11,78
12,79
12,79
12,79
12,79
12,79
12,79
12,79
12,79
12,79
12,79
12,79
12,79
12,79
13,79
13,79
13,79
13,79
13,79
13,79
13,79
13,79
13,79
13,79
13,79
13,79
14,79
14,79
14,79
14,79
14,79
14,79
15,78
15,78
15,78
15,78
15,78
15,78
15,78
15,79
15,79
15,79
15,79
15,79
15,79
16,79
16,79
16,79
16,79
16,79
16,79
17,80
17,80
17,80
17,80
17,80
17,80
17,80
17,81
17,81
17,81
17,81
17,81
17,81
18,79
18,79
18,79
18,79
18,79
18,79
19,79
19,79
19,79
19,79
19,79
19,79
19,79
19,79
19,79
19,79
19,79
19,79
19,79
20,79
20,79
20,79
20,79
20,79
20,79
20,79
20,79
20,79
20,79
20,79
20,79
21,79
21,79
21,79
21,79
21,79
21,79
21,79
22,79
22,79
22,79
22,79
22,79
22,79
22,79
22,79
22,79
22,79
22,79
22,79
23,79
23,79
23,79
23,79
23,79
23,79
23,79
24,79
24,79
24,79
24,79
24,79
24,79
24,79
24,79
24,79
24,79
24,79
24,79
25,78
25,78
25,78
25,78
25,78
25,78
25,79
25,79
25,79
25,79
25,79
25,79
25,79
26,78
26,78
26,78
26,78
26,78
26,78
27,79
27,79
27,79
27,79
27,79
27,79
27,80
27,80
27,80
27,80
27,80
27,80
27,80
28,80
28,80
28,80
28,80
28,80
28,80
29,79
29,79
29,79
29,79
29,79
29,79
29,80
29,80
29,80
29,80
29,80
29,80
30,80
30,80
30,80
30,80
30,80
30,80
30,80
31,81
31,81
31,81
31,81
31,81
31,81
31,80
31,80
31,80
31,80
31,80
31,80
32,81
32,81
32,81
32,81
32,81
32,81
32,81
32,81
32,81
32,81
32,81
32,81
32,81
33,80
33,80
33,80
33,80
33,80
33,80
34,80
34,80
34,80
34,80
34,80
34,80
34,80
34,80
34,80
34,80
34,80
34,80
34,80
35,80
35,80
35,80
35,80
35,80
35,80
36,81
36,81
36,81
36,81
36,81
36,81
36,80
36,80
36,80
36,80
36,80
36,80
36,80
37,79
37,79
37,79
37,79
37,79
37,79
37,79
37,79
37,79
37,79
37,79
37,79
38,79
38,79
38,79
38,79
38,79
38,79
38,79
39,79
39,79
39,79
39,79
39,79
39,79
39,79
39,79
39,79
39,79
39,79
39,79
40,79
40,79
40,79
40,79
40,79
40,79
41,78
41,78
41,78
41,78
41,78
41,78
41,78
41,79
41,79
41,79
41,79
41,79
41,79
42,78
42,78
42,78
42,78
42,78
42,78
42,79
42,79
42,79
42,79
42,79
42,79
42,79
43,79
43,79
43,79
43,79
43,79
43,79
44,79
44,79
44,79
44,79
44,79
44,79
44,78
44,78
44,78
44,78
44,78
44,78
44,78
45,79
45,79
45,79
45,79
45,79
45,79
46,79
46,79
46,79
46,79
46,79
46,79
46,78
46,78
46,78
46,78
46,78
46,78
47,79
47,79
47,79
47,79
47,79
47,79
47,79
48,79
48,79
48,79
48,79
48,79
48,79
48,79
48,79
48,79
48,79
48,79
48,79
49,79
49,79
49,79
49,79
49,79
49,79
49,79
49,78
49,78
49,78
49,78
49,78
49,78
50,79
50,79
50,79
50,79
50,79
50,79
51,78
51,78
51,78
51,78
51,78
51,78
51,78
51,78
51,78
51,78
51,78
51,78
51,78
52,78
52,78
52,78
52,78
52,78
52,78
53,79
53,79
53,79
53,79
53,79
53,79
53,79
53,79
53,79
53,79
53,79
53,79
53,79
54,79
54,79
54,79
54,79
54,79
54,79
54,78
54,78
54,78
54,78
54,78
54,78
55,78
55,78
55,78
55,78
55,78
55,78
55,78
56,78
56,78
56,78
56,78
56,78
56,78
56,78
56,78
56,78
56,78
56,78
56,78
57,78
57,78
57,78
57,78
57,78
57,78
58,79
58,79
58,79
58,79
58,79
58,79
58,79
58,78
58,78
58,78
58,78
58,78
58,78
59,78
59,78
59,78
59,78
59,78
59,78
60,78
60,78
60,78
60,78
60,78
60,78
60,78
60,78
60,78
60,78
60,78
60,78
60,78
61,79
61,79
61,79
61,79
61,79
61,79
61,78
61,78
61,78
61,78
61,78
61,78
61,78
62,79
62,79
62,79
62,79
62,79
62,79
63,78
63,78
63,78
63,78
63,78
63,78
63,79
63,79
63,79
63,79
63,79
63,79
64,79
64,79
64,79
64,79
64,79
64,79
64,79
65,78
65,78
65,78
65,78
65,78
65,78
65,78
65,78
65,78
65,78
65,78
65,78
66,79
66,79
66,79
66,79
66,79
66,79
66,79
66,78
66,78
66,78
66,78
66,78
66,78
67,78
67,78
67,78
67,78
67,78
67,78
68,79
68,79
68,79
68,79
68,79
68,79
68,79
68,79
68,79
68,79
68,79
68,79
68,79
69,78
69,78
69,78
69,78
69,78
69,78
70,79
70,79
70,79
70,79
70,79
70,79
70,79
70,79
70,79
70,79
70,79
70,79
70,79
71,78
71,78
71,78
71,78
71,78
71,78
72,79
72,79
72,79
72,79
72,79
72,79
72,78
72,78
72,78
72,78
72,78
72,78
72,78
73,79
73,79
73,79
73,79
73,79
73,79
73,79
73,79
73,79
73,79
73,79
73,79
74,78
74,78
74,78
74,78
74,78
74,78
74,78
75,79
75,79
75,79
75,79
75,79
75,79
75,78
75,78
75,78
75,78
75,78
75,78
76,78
76,78
76,78
76,78
76,78
76,78
77,78
77,78
77,78
77,78
77,78
77,78
77,78
77,79
77,79
77,79
77,79
77,79
77,79
78,79
78,79
78,79
78,79
78,79
78,79
78,78
78,78
78,78
78,78
78,78
78,78
78,78
79,78
79,78
79,78
79,78
79,78
79,78
80,79
80,79
80,79
80,79
80,79
80,79
80,78
80,78
80,78
80,78
80,78
80,78
81,79
81,79
81,79
81,79
81,79
81,79
81,79
82,78
82,78
82,78
82,78
82,78
82,78
82,79
82,79
82,79
82,79
82,79
82,79
83,78
83,78
83,78
83,78
83,78
83,78
83,78
84,78
84,78
84,78
84,78
84,78
84,78
84,79
84,79
84,79
84,79
84,79
84,79
85,78
85,78
85,78
85,78
85,78
85,78
85,78
85,79
85,79
85,79
85,79
85,79
85,79
86,78
86,78
86,78
86,78
86,78
86,78
87,79
87,79
87,79
87,79
87,79
87,79
87,78
87,78
87,78
87,78
87,78
87,78
87,78
88,78
88,78
88,78
88,78
88,78
88,78
89,78
89,78
89,78
89,78
89,78
89,78
89,79
89,79
89,79
89,79
89,79
89,79
89,79
90,78
90,78
90,78
90,78
90,78
90,78
90,78
90,78
90,78
90,78
90,78
90,78
91,78
91,78
91,78
91,78
91,78
91,78
92,78
92,78
92,78
92,78
92,78
92,78
92,78
92,78
92,78
92,78
92,78
92,78
92,78
93,78
93,78
93,78
93,78
93,78
93,78
94,78
94,78
94,78
94,78
94,78
94,78
94,78
94,79
94,79
94,79
94,79
94,79
94,79
95,78
95,78
95,78
95,78
95,78
95,78
96,79
96,79
96,79
96,79
96,79
96,79
96,79
96,79
96,79
96,79
96,79
96,79
96,79
97,78
97,78
97,78
97,78
97,78
97,78
97,78
97,78
97,78
97,78
97,78
97,78
98,78
98,78
98,78
98,78
98,78
98,78
98,78
99,78
99,78
99,78
99,78
99,78
99,78
99,79
99,79
99,79
99,79
99,79
99,79
100,78
100,78
100,78
100,78
100,78
100,78
100,78
101,78
101,78
101,78
101,78
101,78
101,78
101,78
101,78
101,78
101,78
101,78
101,78
102,78
102,78
102,78
102,78
102,78
102,78
102,78
102,78
102,78
102,78
102,78
102,78
102,78
103,78
103,78
103,78
103,78
103,78
103,78
104,78
104,78
104,78
104,78
104,78
104,78
104,79
104,79
104,79
104,79
104,79
104,79
104,79
105,78
105,78
105,78
105,78
105,78
105,78
106,79
106,79
106,79
106,79
106,79
106,79
106,78
106,78
106,78
106,78
106,78
106,78
106,78
107,78
107,78
107,78
107,78
107,78
107,78
107,79
107,79
107,79
107,79
107,79
107,79
108,79
108,79
108,79
108,79
108,79
108,79
108,79
109,78
109,78
109,78
109,78
109,78
109,78
109,78
109,78
109,78
109,78
109,78
109,78
110,78
110,78
110,78
110,78
110,78
110,78
111,79
111,79
111,79
111,79
111,79
111,79
111,79
111,78
111,78
111,78
111,78
111,78
111,78
112,78
112,78
112,78
112,78
112,78
112,78
113,78
113,78
113,78
113,78
113,78
113,78
113,78
113,78
113,78
113,78
113,78
113,78
113,78
114,79
114,79
114,79
114,79
114,79
114,79
114,78
114,78
114,78
114,78
114,78
114,78
114,78
115,78
115,78
115,78
115,78
115,78
115,78
116,78
116,78
116,78
116,78
116,78
116,78
116,78
116,78
116,78
116,78
116,78
116,78
117,78
117,78
117,78
117,78
117,78
117,78
117,78
118,78
118,78
118,78
118,78
118,78
118,78
118,78
118,78
118,78
118,78
118,78
118,78
119,78
119,78
119,78
119,78
119,78
119,78
119,78
119,78
119,78
119,78
119,78
119,78
119,78
120,79
120,79
120,79
120,79
120,79
120,79
121,78
121,78
121,78
121,78
121,78
121,78
121,78
121,78
121,78
121,78
121,78
121,78
121,78
122,78
122,78
122,78
122,78
122,78
122,78
123,79
123,79
123,79
123,79
123,79
123,79
123,78
123,78
123,78
123,78
123,78
123,78
123,78
124,79
124,79
124,79
124,79
124,79
124,79
125,79
125,79
125,79
125,79
125,79
125,79
125,78
125,78
125,78
125,78
125,78
125,78
126,78
126,78
126,78
126,78
126,78
126,78
126,78
126,79
126,79
126,79
126,79
126,79
126,79
127,78
127,78
127,78
127,78
127,78
127,78
128,78
128,78
128,78
128,78
128,78
128,78
128,78
128,79
128,79
128,79
128,79
128,79
128,79
129,79
129,79
129,79
129,79
129,79
129,79
130,78
130,78
130,78
130,78
130,78
130,78
130,78
130,78
130,78
130,78
130,78
130,78
130,78
131,79
131,79
131,79
131,79
131,79
131,79
131,78
131,78
131,78
131,78
131,78
131,78
132,79
132,79
132,79
132,79
132,79
132,79
132,79
133,79
133,79
133,79
133,79
133,79
133,79
133,78
133,78
133,78
133,78
133,78
133,78
134,78
134,78
134,78
134,78
134,78
134,78
134,78
135,79
135,79
135,79
135,79
135,79
135,79
135,78
135,78
135,78
135,78
135,78
135,78
136,78
136,78
136,78
136,78
136,78
136,78
136,78
137,79
137,79
137,79
137,79
137,79
137,79
137,78
137,78
137,78
137,78
137,78
137,78
138,78
138,78
138,78
138,78
138,78
138,78
138,79
138,79
138,79
138,79
138,79
138,79
138,79
139,79
139,79
139,79
139,79
139,79
139,79
140,78
140,78
140,78
140,78
140,78
140,78
140,78
140,78
140,78
140,78
140,78
140,78
140,78
141,78
141,78
141,78
141,78
141,78
141,78
142,78
142,78
142,78
142,78
142,78
142,78
142,78
142,78
142,78
142,78
142,78
142,78
142,78
143,78
143,78
143,78
143,78
143,78
143,78
143,78
143,78
143,78
143,78
143,78
143,78
144,78
144,78
144,78
144,78
144,78
144,78
145,79
145,79
145,79
145,79
145,79
145,79
145,79
145,78
145,78
145,78
145,78
145,78
145,78
146,79
146,79
146,79
146,79
146,79
146,79
147,78
147,78
147,78
147,78
147,78
147,78
147,78
147,78
147,78
147,78
147,78
147,78
147,78
148,78
148,78
148,78
148,78
148,78
148,78
149,79
149,79
149,79
149,79
149,79
149,79
149,79
149,79
149,79
149,79
149,79
149,79
149,79
150,78
150,78
150,78
150,78
150,78
150,78
150,78
150,78
150,78
150,78
150,78
150,78
151,78
151,78
151,78
151,78
151,78
151,78
151,78
152,78
152,78
152,78
152,78
152,78
152,78
152,78
152,78
152,78
152,78
152,78
152,78
153,78
153,78
153,78
153,78
153,78
153,78
153,78
154,78
154,78
154,78
154,78
154,78
154,78
154,78
154,78
154,78
154,78
154,78
154,78
155,78
155,78
155,78
155,78
155,78
155,78
155,78
155,78
155,78
155,78
155,78
155,78
155,78
156,78
156,78
156,78
156,78
156,78
156,78
157,79
157,79
157,79
157,79
157,79
157,79
157,79
157,79
157,79
157,79
157,79
157,79
157,79
158,78
158,78
158,78
158,78
158,78
158,78
159,78
159,78
159,78
159,78
159,78
159,78
159,78
159,78
159,78
159,78
159,78
159,78
160,78
160,78
160,78
160,78
160,78
160,78
160,78
160,79
160,79
160,79
160,79
160,79
160,79
161,78
161,78
161,78
161,78
161,78
161,78
162,79
162,79
162,79
162,79
162,79
162,79
162,79
162,79
162,79
162,79
162,79
162,79
162,79
163,78
163,78
163,78
163,78
163,78
163,78
164,78
164,78
164,78
164,78
164,78
164,78
164,78
164,78
164,78
164,78
164,78
164,78
164,78
165,79
165,79
165,79
165,79
165,79
165,79
166,79
166,79
166,79
166,79
166,79
166,79
166,79
166,79
166,79
166,79
166,79
166,79
166,79
167,78
167,78
167,78
167,78
167,78
167,78
167,78
167,78
167,78
167,78
167,78
167,78
168,78
168,78
168,78
168,78
168,78
168,78
168,78
169,79
169,79
169,79
169,79
169,79
169,79
169,78
169,78
169,78
169,78
169,78
169,78
170,78
170,78
170,78
170,78
170,78
170,78
170,78
171,78
171,78
171,78
171,78
171,78
171,78
171,79
171,79
171,79
171,79
171,79
171,79
172,78
172,78
172,78
172,78
172,78
172,78
172,79
172,79
172,79
172,79
172,79
172,79
172,79
173,78
173,78
173,78
173,78
173,78
173,78
174,78
174,78
174,78
174,78
174,78
174,78
174,78
174,78
174,78
174,78
174,78
174,78
174,78
175,78
175,78
175,78
175,78
175,78
175,78
176,78
176,78
176,78
176,78
176,78
176,78
176,78
176,78
176,78
176,78
176,78
176,78
177,78
177,78
177,78
177,78
177,78
177,78
177,78
178,78
178,78
178,78
178,78
178,78
178,78
178,78
178,78
178,78
178,78
178,78
178,78
179,78
179,78
179,78
179,78
179,78
179,78
179,78
179,78
179,78
179,78
179,78
179,78
179,78
180,78
180,78
180,78
180,78
180,78
180,78
181,78
181,78
181,78
181,78
181,78
181,78
181,78
181,79
181,79
181,79
181,79
181,79
181,79
182,78
182,78
182,78
182,78
182,78
182,78
183,78
183,78
183,78
183,78
183,78
183,78
183,78
183,78
183,78
183,78
183,78
183,78
183,78
184,78
184,78
184,78
184,78
184,78
184,78
184,78
184,78
184,78
184,78
184,78
184,78
185,78
185,78
185,78
185,78
185,78
185,78
185,78
186,79
186,79
186,79
186,79
186,79
186,79
186,78
186,78
186,78
186,78
186,78
186,78
187,78
187,78
187,78
187,78
187,78
187,78
188,79
188,79
188,79
188,79
188,79
188,79
188,79
188,78
188,78
188,78
188,78
188,78
188,78
189,79
189,79
189,79
189,79
189,79
189,79
190,78
190,78
190,78
190,78
190,78
190,78
190,78
190,79
190,79
190,79
190,79
190,79
190,79
191,79
191,79
191,79
191,79
191,79
191,79
191,79
191,79
191,79
191,79
191,79
191,79
191,79
192,79
192,79
192,79
192,79
192,79
192,79
193,78
193,78
193,78
193,78
193,78
193,78
193,78
193,78
193,78
193,78
193,78
193,78
194,78
194,78
194,78
194,78
194,78
194,78
194,78
195,78
195,78
195,78
195,78
195,78
195,78
195,79
195,79
195,79
195,79
195,79
195,79
196,78
196,78
196,78
196,78
196,78
196,78
196,78
196,78
196,78
196,78
196,78
196,78
196,78
197,78
197,78
197,78
197,78
197,78
197,78
198,78
198,78
198,78
198,78
198,78
198,78
198,78
198,79
198,79
198,79
198,79
198,79
198,79
199,78
199,78
199,78
199,78
199,78
199,78
200,78
200,78
200,78
200,78
200,78
200,78
200,78
200,78
200,78
200,78
200,78
200,78
200,78
201,78
201,78
201,78
201,78
201,78
201,78
202,79
202,79
202,79
202,79
202,79
202,79
202,78
202,78
202,78
202,78
202,78
202,78
202,78
203,79
203,79
203,79
203,79
203,79
203,79
203,78
203,78
203,78
203,78
203,78
203,78
204,78
204,78
204,78
204,78
204,78
204,78
205,79
205,79
205,79
205,79
205,79
205,79
205,79
205,78
205,78
205,78
205,78
205,78
205,78
206,78
206,78
206,78
206,78
206,78
206,78
207,78
207,78
207,78
207,78
207,78
207,78
207,78
207,78
207,78
207,78
207,78
207,78
207,78
208,78
208,78
208,78
208,78
208,78
208,78
208,78
208,78
208,78
208,78
208,78
208,78
208,78
209,78
209,78
209,78
209,78
209,78
209,78
210,78
210,78
210,78
210,78
210,78
210,78
210,78
210,78
210,78
210,78
210,78
210,78
211,78
211,78
211,78
211,78
211,78
211,78
211,78
212,79
212,79
212,79
212,79
212,79
212,79
212,78
212,78
212,78
212,78
212,78
212,78
213,78
213,78
213,78
213,78
213,78
213,78
213,78
213,78
213,78
213,78
213,78
213,78
213,78
214,78
214,78
214,78
214,78
214,78
214,78
215,78
215,78
215,78
215,78
215,78
215,78
215,78
215,78
215,78
215,78
215,78
215,78
215,78
216,78
216,78
216,78
216,78
216,78
216,78
217,79
217,79
217,79
217,79
217,79
217,79
217,79
217,79
217,79
217,79
217,79
217,79
217,79
218,78
218,78
218,78
218,78
218,78
218,78
219,78
219,78
219,78
219,78
219,78
219,78
219,78
219,78
219,78
219,78
219,78
219,78
219,78
220,78
220,78
220,78
220,78
220,78
220,78
220,78
220,78
220,78
220,78
220,78
220,78
221,78
221,78
221,78
221,78
221,78
221,78
222,78
222,78
222,78
222,78
222,78
222,78
222,78
222,78
222,78
222,78
222,78
222,78
222,78
223,79
223,79
223,79
223,79
223,79
223,79
224,78
224,78
224,78
224,78
224,78
224,78
224,78
224,78
224,78
224,78
224,78
224,78
224,78
225,78
225,78
225,78
225,78
225,78
225,78
225,79
225,79
225,79
225,79
225,79
225,79
225,79
226,78
226,78
226,78
226,78
226,78
226,78
227,78
227,78
227,78
227,78
227,78
227,78
227,78
227,78
227,78
227,78
227,78
227,78
228,78
228,78
228,78
228,78
228,78
228,78
228,78
229,78
229,78
229,78
229,78
229,78
229,78
229,78
229,78
229,78
229,78
229,78
229,78
230,78
230,78
230,78
230,78
230,78
230,78
230,78
231,78
231,78
231,78
231,78
231,78
231,78
231,78
231,78
231,78
231,78
231,78
231,78
232,78
232,78
232,78
232,78
232,78
232,78
232,78
232,78
232,78
232,78
232,78
232,78
232,78
233,78
233,78
233,78
233,78
233,78
233,78
234,78
234,78
234,78
234,78
234,78
234,78
234,78
234,78
234,78
234,78
234,78
234,78
234,78
235,78
235,78
235,78
235,78
235,78
235,78
236,78
236,78
236,78
236,78
236,78
236,78
236,78
236,78
236,78
236,78
236,78
236,78
236,78
237,78
237,78
237,78
237,78
237,78
237,78
237,78
237,78
237,78
237,78
237,78
237,78
238,78
238,78
238,78
238,78
238,78
238,78
239,78
239,78
239,78
239,78
239,78
239,78
239,78
239,78
239,78
239,78
239,78
239,78
239,78
240,78
240,78
240,78
240,78
240,78
240,78
241,78
241,78
241,78
241,78
241,78
241,78
241,78
241,78
241,78
241,78
241,78
241,78
241,78
242,78
242,78
242,78
242,78
242,78
242,78
243,78
243,78
243,78
243,78
243,78
243,78
243,78
243,78
243,78
243,78
243,78
243,78
243,78
244,78
244,78
244,78
244,78
244,78
244,78
244,78
244,78
244,78
244,78
244,78
244,78
245,79
245,79
245,79
245,79
245,79
245,79
245,79
246,78
246,78
246,78
246,78
246,78
246,78
246,79
246,79
246,79
246,79
246,79
246,79
247,78
247,78
247,78
247,78
247,78
247,78
247,78
248,78
248,78
248,78
248,78
248,78
248,78
248,78
248,78
248,78
248,78
248,78
248,78
249,78
249,78
249,78
249,78
249,78
249,78
249,78
249,78
249,78
249,78
249,78
249,78
249,78
250,79
250,79
250,79
250,79
250,79
250,79
251,78
251,78
251,78
251,78
251,78
251,78
251,78
251,78
251,78
251,78
251,78
251,78
251,78
252,78
252,78
252,78
252,78
252,78
252,78
253,78
253,78
253,78
253,78
253,78
253,78
253,78
253,78
253,78
253,78
253,78
253,78
253,78
254,78
254,78
254,78
254,78
254,78
254,78
255,78
255,78
255,78
255,78
255,78
255,78
255,78
255,78
255,78
255,78
255,78
255,78
256,78
256,78
256,78
256,78
256,78
256,78
256,78
256,78
256,78
256,78
256,78
256,78
256,78
257,78
257,78
257,78
257,78
257,78
257,78
258,78
258,78
258,78
258,78
258,78
258,78
258,78
258,78
258,78
258,78
258,78
258,78
258,78
259,79
259,79
259,79
259,79
259,79
259,79
260,78
260,78
260,78
260,78
260,78
260,78
260,78
260,78
260,78
260,78
260,78
260,78
260,78
261,79
261,79
261,79
261,79
261,79
261,79
261,78
261,78
261,78
261,78
261,78
261,78
262,78
262,78
262,78
262,78
262,78
262,78
262,78
263,78
263,78
263,78
263,78
263,78
263,78
263,78
263,78
263,78
263,78
263,78
263,78
264,78
264,78
264,78
264,78
264,78
264,78
264,78
265,78
265,78
265,78
265,78
265,78
265,78
265,78
265,78
265,78
265,78
265,78
265,78
266,78
266,78
266,78
266,78
266,78
266,78
267,78
267,78
267,78
267,78
267,78
267,78
267,78
267,78
267,78
267,78
267,78
267,78
267,78
268,79
268,79
268,79
268,79
268,79
268,79
268,78
268,78
268,78
268,78
268,78
268,78
268,78
269,78
269,78
269,78
269,78
269,78
269,78
270,78
270,78
270,78
270,78
270,78
270,78
270,78
270,78
270,78
270,78
270,78
270,78
270,78
271,78
271,78
271,78
271,78
271,78
271,78
272,78
272,78
272,78
272,78
272,78
272,78
272,78
272,78
272,78
272,78
272,78
272,78
273,78
273,78
273,78
273,78
273,78
273,78
273,78
273,78
273,78
273,78
273,78
273,78
273,78
274,78
274,78
274,78
274,78
274,78
274,78
275,78
275,78
275,78
275,78
275,78
275,78
275,78
275,78
275,78
275,78
275,78
275,78
275,78
276,78
276,78
276,78
276,78
276,78
276,78
277,78
277,78
277,78
277,78
277,78
277,78
277,78
277,78
277,78
277,78
277,78
277,78
277,78
278,78
278,78
278,78
278,78
278,78
278,78
278,78
278,78
278,78
278,78
278,78
278,78
279,78
279,78
279,78
279,78
279,78
279,78
279,78
280,78
280,78
280,78
280,78
280,78
280,78
280,78
280,78
280,78
280,78
280,78
280,78
281,78
281,78
281,78
281,78
281,78
281,78
281,78
282,79
282,79
282,79
282,79
282,79
282,79
282,78
282,78
282,78
282,78
282,78
282,78
283,78
283,78
283,78
283,78
283,78
283,78
284,78
284,78
284,78
284,78
284,78
284,78
284,78
284,78
284,78
284,78
284,78
284,78
284,78
285,78
285,78
285,78
285,78
285,78
285,78
285,78
285,78
285,78
285,78
285,78
285,78
285,78
286,78
286,78
286,78
286,78
286,78
286,78
287,78
287,78
287,78
287,78
287,78
287,78
287,78
287,78
287,78
287,78
287,78
287,78
287,78
288,78
288,78
288,78
288,78
288,78
288,78
289,79
289,79
289,79
289,79
289,79
289,79
289,78
289,78
289,78
289,78
289,78
289,78
290,78
290,78
290,78
290,78
290,78
290,78
290,78
290,78
290,78
290,78
290,78
290,78
290,78
291,78
291,78
291,78
291,78
291,78
291,78
292,79
292,79
292,79
292,79
292,79
292,79
292,79
292,78
292,78
292,78
292,78
292,78
292,78
293,78
293,78
293,78
293,78
293,78
293,78
294,78
294,78
294,78
294,78
294,78
294,78
294,78
294,78
294,78
294,78
294,78
294,78
294,78
295,78
295,78
295,78
295,78
295,78
295,78
296,78
296,78
296,78
296,78
296,78
296,78
296,78
296,78
296,78
296,78
296,78
296,78
296,78
297,78
297,78
297,78
297,78
297,78
297,78
297,78
297,78
297,78
297,78
297,78
297,78
298,78
298,78
298,78
298,78
298,78
298,78
298,78
299,78
299,78
299,78
299,78
299,78
299,78
299,78
299,78
299,78
299,78
299,78
299,78
300,78
300,78
300,78
300,78
300,78
300,78
301,78
301,78
301,78
301,78
301,78
301,78
301,78
301,78
301,78
301,78
301,78
301,78
301,78
302,78
302,78
302,78
302,78
302,78
302,78
302,78
302,78
302,78
302,78
302,78
302,78
302,78
303,78
303,78
303,78
303,78
303,78
303,78
304,78
304,78
304,78
304,78
304,78
304,78
304,78
304,78
304,78
304,78
304,78
304,78
304,78
305,78
305,78
305,78
305,78
305,78
305,78
306,78
306,78
306,78
306,78
306,78
306,78
306,78
306,78
306,78
306,78
306,78
306,78
307,78
307,78
307,78
307,78
307,78
307,78
307,78
308,78
308,78
308,78
308,78
308,78
308,78
308,78
308,78
308,78
308,78
308,78
308,78
309,78
309,78
309,78
309,78
309,78
309,78
309,78
309,78
309,78
309,78
309,78
309,78
309,78
310,78
310,78
310,78
310,78
310,78
310,78
311,78
311,78
311,78
311,78
311,78
311,78
311,78
311,78
311,78
311,78
311,78
311,78
311,78
312,78
312,78
312,78
312,78
312,78
312,78
313,78
313,78
313,78
313,78
313,78
313,78
313,78
313,78
313,78
313,78
313,78
313,78
313,78
314,78
314,78
314,78
314,78
314,78
314,78
314,78
314,78
314,78
314,78
314,78
314,78
315,78
315,78
315,78
315,78
315,78
315,78
315,78
316,78
316,78
316,78
316,78
316,78
316,78
316,78
316,78
316,78
316,78
316,78
316,78
317,78
317,78
317,78
317,78
317,78
317,78
318,78
318,78
318,78
318,78
318,78
318,78
318,78
318,78
318,78
318,78
318,78
318,78
318,78
319,78
319,78
319,78
319,78
319,78
319,78
320,78
320,78
320,78
320,78
320,78
320,78
320,78
320,78
320,78
320,78
320,78
320,78
320,78
321,78
321,78
321,78
321,78
321,78
321,78
321,78
321,78
321,78
321,78
321,78
321,78
321,78
322,78
322,78
322,78
322,78
322,78
322,78
323,78
323,78
323,78
323,78
323,78
323,78
323,78
323,78
323,78
323,78
323,78
323,78
324,79
324,79
324,79
324,79
324,79
324,79
324,79
325,79
325,79
325,79
325,79
325,79
325,79
325,78
325,78
325,78
325,78
325,78
325,78
326,78
326,78
326,78
326,78
326,78
326,78
326,78
326,78
326,78
326,78
326,78
326,78
326,78
327,78
327,78
327,78
327,78
327,78
327,78
328,78
328,78
328,78
328,78
328,78
328,78
328,78
328,79
328,79
328,79
328,79
328,79
328,79
329,78
329,78
329,78
329,78
329,78
329,78
330,78
330,78
330,78
330,78
330,78
330,78
330,78
330,78
330,78
330,78
330,78
330,78
330,78
331,78
331,78
331,78
331,78
331,78
331,78
331,78
331,78
331,78
331,78
331,78
331,78
332,78
332,78
332,78
332,78
332,78
332,78
332,78
333,78
333,78
333,78
333,78
333,78
333,78
333,78
333,78
333,78
333,78
333,78
333,78
334,78
334,78
334,78
334,78
334,78
334,78
335,78
335,78
335,78
335,78
335,78
335,78
335,78
335,78
335,78
335,78
335,78
335,78
335,78
336,78
336,78
336,78
336,78
336,78
336,78
337,78
337,78
337,78
337,78
337,78
337,78
337,78
337,79
337,79
337,79
337,79
337,79
337,79
338,78
338,78
338,78
338,78
338,78
338,78
338,79
338,79
338,79
338,79
338,79
338,79
338,79
339,78
339,78
339,78
339,78
339,78
339,78
340,78
340,78
340,78
340,78
340,78
340,78
340,78
340,78
340,78
340,78
340,78
340,78
341,78
341,78
341,78
341,78
341,78
341,78
341,78
342,78
342,78
342,78
342,78
342,78
342,78
342,78
342,78
342,78
342,78
342,78
342,78
343,78
343,78
343,78
343,78
343,78
343,78
343,78
343,78
343,78
343,78
343,78
343,78
343,78
344,78
344,78
344,78
344,78
344,78
344,78
345,78
345,78
345,78
345,78
345,78
345,78
345,78
345,78
345,78
345,78
345,78
345,78
345,78
346,78
346,78
346,78
346,78
346,78
346,78
347,78
347,78
347,78
347,78
347,78
347,78
347,78
347,78
347,78
347,78
347,78
347,78
347,78
348,79
348,79
348,79
348,79
348,79
348,79
349,78
349,78
349,78
349,78
349,78
349,78
349,78
349,78
349,78
349,78
349,78
349,78
349,78
350,78
350,78
350,78
350,78
350,78
350,78
350,78
350,78
350,78
350,78
350,78
350,78
351,78
351,78
351,78
351,78
351,78
351,78
352,78
352,78
352,78
352,78
352,78
352,78
352,78
352,78
352,78
352,78
352,78
352,78
352,78
353,78
353,78
353,78
353,78
353,78
353,78
354,78
354,78
354,78
354,78
354,78
354,78
354,78
354,78
354,78
354,78
354,78
354,78
354,78
355,78
355,78
355,78
355,78
355,78
355,78
355,78
355,78
355,78
355,78
355,78
355,78
355,78
356,78
356,78
356,78
356,78
356,78
356,78
357,78
357,78
357,78
357,78
357,78
357,78
357,78
357,78
357,78
357,78
357,78
357,78
358,78
358,78
358,78
358,78
358,78
358,78
358,78
359,78
359,78
359,78
359,78
359,78
359,78
359,78
359,78
359,78
359,78
359,78
359,78
360,79
360,79
360,79
360,79
360,79
360,79
360,79
361,78
361,78
361,78
361,78
361,78
361,78
361,78
361,78
361,78
361,78
361,78
361,78
362,78
362,78
362,78
362,78
362,78
362,78
362,78
362,78
362,78
362,78
362,78
362,78
362,78
363,79
363,79
363,79
363,79
363,79
363,79
364,78
364,78
364,78
364,78
364,78
364,78
364,78
364,78
364,78
364,78
364,78
364,78
364,78
365,78
365,78
365,78
365,78
365,78
365,78
366,78
366,78
366,78
366,78
366,78
366,78
366,78
366,78
366,78
366,78
366,78
366,78
366,78
367,78
367,78
367,78
367,78
367,78
367,78
367,78
367,78
367,78
367,78
367,78
367,78
368,78
368,78
368,78
368,78
368,78
368,78
369,78
369,78
369,78
369,78
369,78
369,78
369,78
369,78
369,78
369,78
369,78
369,78
369,78
370,78
370,78
370,78
370,78
370,78
370,78
371,78
371,78
371,78
371,78
371,78
371,78
371,78
371,78
371,78
371,78
371,78
371,78
371,78
372,78
372,78
372,78
372,78
372,78
372,78
373,79
373,79
373,79
373,79
373,79
373,79
373,79
373,78
373,78
373,78
373,78
373,78
373,78
374,78
374,78
374,78
374,78
374,78
374,78
374,79
374,79
374,79
374,79
374,79
374,79
375,78
375,78
375,78
375,78
375,78
375,78
375,78
376,79
376,79
376,79
376,79
376,79
376,79
376,78
376,78
376,78
376,78
376,78
376,78
377,79
377,79
377,79
377,79
377,79
377,79
377,79
378,78
378,78
378,78
378,78
378,78
378,78
378,78
378,78
378,78
378,78
378,78
378,78
379,78
379,78
379,78
379,78
379,78
379,78
379,78
379,78
379,78
379,78
379,78
379,78
379,78
380,78
380,78
380,78
380,78
380,78
380,78
381,78
381,78
381,78
381,78
381,78
381,78
381,78
381,78
381,78
381,78
381,78
381,78
381,78
382,78
382,78
382,78
382,78
382,78
382,78
383,78
383,78
383,78
383,78
383,78
383,78
383,78
383,78
383,78
383,78
383,78
383,78
383,78
384,79
384,79
384,79
384,79
384,79
384,79
385,78
385,78
385,78
385,78
385,78
385,78
385,78
385,78
385,78
385,78
385,78
385,78
385,78
386,78
386,78
386,78
386,78
386,78
386,78
386,78
386,78
386,78
386,78
386,78
386,78
387,78
387,78
387,78
387,78
387,78
387,78
388,78
388,78
388,78
388,78
388,78
388,78
388,78
388,78
388,78
388,78
388,78
388,78
388,78
389,78
389,78
389,78
389,78
389,78
389,78
390,78
390,78
390,78
390,78
390,78
390,78
390,78
390,79
390,79
390,79
390,79
390,79
390,79
391,78
391,78
391,78
391,78
391,78
391,78
391,78
391,78
391,78
391,78
391,78
391,78
392,79
392,79
392,79
392,79
392,79
392,79
392,79
393,78
393,78
393,78
393,78
393,78
393,78
393,79
393,79
393,79
393,79
393,79
393,79
394,78
394,78
394,78
394,78
394,78
394,78
394,78
395,78
395,78
395,78
395,78
395,78
395,78
395,78
395,78
395,78
395,78
395,78
395,78
396,78
396,78
396,78
396,78
396,78
396,78
396,78
396,78
396,78
396,78
396,78
396,78
396,78
397,78
397,78
397,78
397,78
397,78
397,78
398,79
398,79
398,79
398,79
398,79
398,79
398,78
398,78
398,78
398,78
398,78
398,78
398,78
399,78
399,78
399,78
399,78
399,78
399,78
400,78
400,78
400,78
400,78
400,78
400,78
400,79
400,79
400,79
400,79
400,79
400,79
400,79
401,79
401,79
401,79
401,79
401,79
401,79
402,79
402,79
402,79
402,79
402,79
402,79
402,78
402,78
402,78
402,78
402,78
402,78
402,78
403,79
403,79
403,79
403,79
403,79
403,79
403,78
403,78
403,78
403,78
403,78
403,78
404,78
404,78
404,78
404,78
404,78
404,78
405,78
405,78
405,78
405,78
405,78
405,78
405,78
405,78
405,78
405,78
405,78
405,78
405,78
406,78
406,78
406,78
406,78
406,78
406,78
407,79
407,79
407,79
407,79
407,79
407,79
407,79
407,79
407,79
407,79
407,79
407,79
407,79
408,79
408,79
408,79
408,79
408,79
408,79
408,78
408,78
408,78
408,78
408,78
408,78
409,78
409,78
409,78
409,78
409,78
409,78
409,78
410,78
410,78
410,78
410,78
410,78
410,78
410,79
410,79
410,79
410,79
410,79
410,79
411,78
411,78
411,78
411,78
411,78
411,78
411,78
412,79
412,79
412,79
412,79
412,79
412,79
412,79
412,79
412,79
412,79
412,79
412,79
413,78
413,78
413,78
413,78
413,78
413,78
413,78
414,79
414,79
414,79
414,79
414,79
414,79
414,78
414,78
414,78
414,78
414,78
414,78
415,78
415,78
415,78
415,78
415,78
415,78
415,79
415,79
415,79
415,79
415,79
415,79
415,79
416,78
416,78
416,78
416,78
416,78
416,78
417,78
417,78
417,78
417,78
417,78
417,78
417,78
417,78
417,78
417,78
417,78
417,78
417,78
418,78
418,78
418,78
418,78
418,78
418,78
419,78
419,78
419,78
419,78
419,78
419,78
419,78
419,78
419,78
419,78
419,78
419,78
420,78
420,78
420,78
420,78
420,78
420,78
420,78
420,78
420,78
420,78
420,78
420,78
420,78
421,79
421,79
421,79
421,79
421,79
421,79
422,78
422,78
422,78
422,78
422,78
422,78
422,78
422,79
422,79
422,79
422,79
422,79
422,79
423,78
423,78
423,78
423,78
423,78
423,78
424,79
424,79
424,79
424,79
424,79
424,79
424,79
424,78
424,78
424,78
424,78
424,78
424,78
425,78
425,78
425,78
425,78
425,78
425,78
426,78
426,78
426,78
426,78
426,78
426,78
426,79
426,79
426,79
426,79
426,79
426,79
426,79
427,78
427,78
427,78
427,78
427,78
427,78
427,78
427,78
427,78
427,78
427,78
427,78
428,79
428,79
428,79
428,79
428,79
428,79
428,79
429,78
429,78
429,78
429,78
429,78
429,78
429,78
429,78
429,78
429,78
429,78
429,78
430,78
430,78
430,78
430,78
430,78
430,78
431,79
431,79
431,79
431,79
431,79
431,79
431,79
431,79
431,79
431,79
431,79
431,79
431,79
432,78
432,78
432,78
432,78
432,78
432,78
432,78
432,78
432,78
432,78
432,78
432,78
432,78
433,78
433,78
433,78
433,78
433,78
433,78
434,78
434,78
434,78
434,78
434,78
434,78
434,78
434,78
434,78
434,78
434,78
434,78
434,78
435,78
435,78
435,78
435,78
435,78
435,78
436,78
436,78
436,78
436,78
436,78
436,78
436,79
436,79
436,79
436,79
436,79
436,79
437,79
437,79
437,79
437,79
437,79
437,79
437,79
438,79
438,79
438,79
438,79
438,79
438,79
438,78
438,78
438,78
438,78
438,78
438,78
439,78
439,78
439,78
439,78
439,78
439,78
439,78
439,79
439,79
439,79
439,79
439,79
439,79
440,79
440,79
440,79
440,79
440,79
440,79
441,78
441,78
441,78
441,78
441,78
441,78
441,78
441,78
441,78
441,78
441,78
441,78
441,78
442,78
442,78
442,78
442,78
442,78
442,78
443,79
443,79
443,79
443,79
443,79
443,79
443,79
443,79
443,79
443,79
443,79
443,79
443,79
444,79
444,79
444,79
444,79
444,79
444,79
444,79
444,79
444,79
444,79
444,79
444,79
445,78
445,78
445,78
445,78
445,78
445,78
445,78
446,78
446,78
446,78
446,78
446,78
446,78
446,78
446,78
446,78
446,78
446,78
446,78
447,78
447,78
447,78
447,78
447,78
447,78
448,78
448,78
448,78
448,78
448,78
448,78
448,78
448,79
448,79
448,79
448,79
448,79
448,79
449,79
449,79
449,79
449,79
449,79
449,79
449,78
449,78
449,78
449,78
449,78
449,78
449,78
450,79
450,79
450,79
450,79
450,79
450,79
451,79
451,79
451,79
451,79
451,79
451,79
451,78
451,78
451,78
451,78
451,78
451,78
451,78
452,79
452,79
452,79
452,79
452,79
452,79
453,78
453,78
453,78
453,78
453,78
453,78
453,79
453,79
453,79
453,79
453,79
453,79
454,78
454,78
454,78
454,78
454,78
454,78
454,78
455,78
455,78
455,78
455,78
455,78
455,78
455,78
455,78
455,78
455,78
455,78
455,78
456,78
456,78
456,78
456,78
456,78
456,78
456,78
456,78
456,78
456,78
456,78
456,78
456,78
457,78
457,78
457,78
457,78
457,78
457,78
458,79
458,79
458,79
458,79
458,79
458,79
458,78
458,78
458,78
458,78
458,78
458,78
458,78
459,79
459,79
459,79
459,79
459,79
459,79
460,78
460,78
460,78
460,78
460,78
460,78
460,78
460,78
460,78
460,78
460,78
460,78
460,78
461,78
461,78
461,78
461,78
461,78
461,78
461,78
461,78
461,78
461,78
461,78
461,78
462,79
462,79
462,79
462,79
462,79
462,79
462,79
463,78
463,78
463,78
463,78
463,78
463,78
463,78
463,78
463,78
463,78
463,78
463,78
464,78
464,78
464,78
464,78
464,78
464,78
465,78
465,78
465,78
465,78
465,78
465,78
465,78
465,78
465,78
465,78
465,78
465,78
465,78
466,79
466,79
466,79
466,79
466,79
466,79
467,79
467,79
467,79
467,79
467,79
467,79
467,79
467,78
467,78
467,78
467,78
467,78
467,78
468,79
468,79
468,79
468,79
468,79
468,79
468,78
468,78
468,78
468,78
468,78
468,78
468,78
469,78
469,78
469,78
469,78
469,78
469,78
470,78
470,78
470,78
470,78
470,78
470,78
470,78
470,78
470,78
470,78
470,78
470,78
471,78
471,78
471,78
471,78
471,78
471,78
471,78
472,78
472,78
472,78
472,78
472,78
472,78
472,78
472,78
472,78
472,78
472,78
472,78
473,78
473,78
473,78
473,78
473,78
473,78
473,78
473,78
473,78
473,78
473,78
473,78
473,78
474,78
474,78
474,78
474,78
474,78
474,78
475,78
475,78
475,78
475,78
475,78
475,78
475,78
475,79
475,79
475,79
475,79
475,79
475,79
476,78
476,78
476,78
476,78
476,78
476,78
477,79
477,79
477,79
477,79
477,79
477,79
477,78
477,78
477,78
477,78
477,78
477,78
477,78
478,78
478,78
478,78
478,78
478,78
478,78
479,78
479,78
479,78
479,78
479,78
479,78
479,78
479,78
479,78
479,78
479,78
479,78
479,78
480,78
480,78
480,78
480,78
480,78
480,78
480,78
480,78
480,78
480,78
480,78
480,78
481,79
481,79
481,79
481,79
481,79
481,79
482,78
482,78
482,78
482,78
482,78
482,78
482,78
482,79
482,79
482,79
482,79
482,79
482,79
483,78
483,78
483,78
483,78
483,78
483,78
484,79
484,79
484,79
484,79
484,79
484,79
484,79
484,78
484,78
484,78
484,78
484,78
484,78
485,79
485,79
485,79
485,79
485,79
485,79
485,78
485,78
485,78
485,78
485,78
485,78
485,78
486,79
486,79
486,79
486,79
486,79
486,79
487,79
487,79
487,79
487,79
487,79
487,79
487,78
487,78
487,78
487,78
487,78
487,78
488,78
488,78
488,78
488,78
488,78
488,78
488,78
489,78
489,78
489,78
489,78
489,78
489,78
489,79
489,79
489,79
489,79
489,79
489,79
490,79
490,79
490,79
490,79
490,79
490,79
490,79
491,79
491,79
491,79
491,79
491,79
491,79
491,79
491,79
491,79
491,79
491,79
491,79
492,78
492,78
492,78
492,78
492,78
492,78
492,78
492,78
492,78
492,78
492,78
492,78
492,78
493,79
493,79
493,79
493,79
493,79
493,79
494,79
494,79
494,79
494,79
494,79
494,79
494,79
494,79
494,79
494,79
494,79
494,79
494,79
495,79
495,79
495,79
495,79
495,79
495,79
496,78
496,78
496,78
496,78
496,78
496,78
496,79
496,79
496,79
496,79
496,79
496,79
496,79
497,78
497,78
497,78
497,78
497,78
497,78
497,79
497,79
497,79
497,79
497,79
497,79
498,78
498,78
498,78
498,78
498,78
498,78
499,79
499,79
499,79
499,79
499,79
499,79
499,79
499,79
499,79
499,79
499,79
499,79
499,79
500,78
500,78
500,78
500,78
500,78
500,78
501,79
501,79
501,79
501,79
501,79
501,79
501,79
501,79
501,79
501,79
501,79
501,79
501,79
502,78
502,78
502,78
502,78
502,78
502,78
502,79
502,79
502,79
502,79
502,79
502,79
502,79
503,79
503,79
503,79
503,79
503,79
503,79
504,79
504,79
504,79
504,79
504,79
504,79
504,78
504,78
504,78
504,78
504,78
504,78
505,78
505,78
505,78
505,78
505,78
505,78
505,78
506,78
506,78
506,78
506,78
506,78
506,78
506,79
506,79
506,79
506,79
506,79
506,79
507,79
507,79
507,79
507,79
507,79
507,79
507,79
508,78
508,78
508,78
508,78
508,78
508,78
508,78
508,78
508,78
508,78
508,78
508,78
509,79
509,79
509,79
509,79
509,79
509,79
509,78
509,78
509,78
509,78
509,78
509,78
509,78
510,78
510,78
510,78
510,78
510,78
510,78
511,79
511,79
511,79
511,79
511,79
511,79
511,78
511,78
511,78
511,78
511,78
511,78
511,78
512,79
512,79
512,79
512,79
512,79
512,79
513,79
513,79
513,79
513,79
513,79
513,79
513,78
513,78
513,78
513,78
513,78
513,78
513,78
514,79
514,79
514,79
514,79
514,79
514,79
514,78
514,78
514,78
514,78
514,78
514,78
515,78
515,78
515,78
515,78
515,78
515,78
516,78
516,78
516,78
516,78
516,78
516,78
516,78
516,79
516,79
516,79
516,79
516,79
516,79
517,78
517,78
517,78
517,78
517,78
517,78
518,78
518,78
518,78
518,78
518,78
518,78
518,78
518,79
518,79
518,79
518,79
518,79
518,79
519,79
519,79
519,79
519,79
519,79
519,79
520,79
520,79
520,79
520,79
520,79
520,79
520,79
520,79
520,79
520,79
520,79
520,79
520,79
521,79
521,79
521,79
521,79
521,79
521,79
521,78
521,78
521,78
521,78
521,78
521,78
522,79
522,79
522,79
522,79
522,79
522,79
522,79
523,78
523,78
523,78
523,78
523,78
523,78
523,79
523,79
523,79
523,79
523,79
523,79
524,78
524,78
524,78
524,78
524,78
524,78
524,78
525,79
525,79
525,79
525,79
525,79
525,79
525,79
525,79
525,79
525,79
525,79
525,79
526,79
526,79
526,79
526,79
526,79
526,79
526,78
526,78
526,78
526,78
526,78
526,78
526,78
527,78
527,78
527,78
527,78
527,78
527,78
528,79
528,79
528,79
528,79
528,79
528,79
528,78
528,78
528,78
528,78
528,78
528,78
528,78
529,78
529,78
529,78
529,78
529,78
529,78
530,78
530,78
530,78
530,78
530,78
530,78
530,78
530,78
530,78
530,78
530,78
530,78
530,78
531,78
531,78
531,78
531,78
531,78
531,78
532,79
532,79
532,79
532,79
532,79
532,79
532,78
532,78
532,78
532,78
532,78
532,78
533,79
533,79
533,79
533,79
533,79
533,79
533,79
533,78
533,78
533,78
533,78
533,78
533,78
534,79
534,79
534,79
534,79
534,79
534,79
535,79
535,79
535,79
535,79
535,79
535,79
535,79
535,78
535,78
535,78
535,78
535,78
535,78
536,79
536,79
536,79
536,79
536,79
536,79
537,78
537,78
537,78
537,78
537,78
537,78
537,78
537,78
537,78
537,78
537,78
537,78
537,78
538,78
538,78
538,78
538,78
538,78
538,78
538,78
538,78
538,78
538,78
538,78
538,78
539,78
539,78
539,78
539,78
539,78
539,78
539,78
540,78
540,78
540,78
540,78
540,78
540,78
540,79
540,79
540,79
540,79
540,79
540,79
541,79
541,79
541,79
541,79
541,79
541,79
541,79
542,79
542,79
542,79
542,79
542,79
542,79
542,78
542,78
542,78
542,78
542,78
542,78
543,79
543,79
543,79
543,79
543,79
543,79
544,79
544,79
544,79
544,79
544,79
544,79
544,79
544,78
544,78
544,78
544,78
544,78
544,78
545,79
545,79
545,79
545,79
545,79
545,79
545,78
545,78
545,78
545,78
545,78
545,78
545,78
546,78
546,78
546,78
546,78
546,78
546,78
547,79
547,79
547,79
547,79
547,79
547,79
547,78
547,78
547,78
547,78
547,78
547,78
547,78
548,78
548,78
548,78
548,78
548,78
548,78
549,78
549,78
549,78
549,78
549,78
549,78
549,78
549,78
549,78
549,78
549,78
549,78
550,79
550,79
550,79
550,79
550,79
550,79
550,79
550,78
550,78
550,78
550,78
550,78
550,78
551,78
551,78
551,78
551,78
551,78
551,78
552,78
552,78
552,78
552,78
552,78
552,78
552,78
552,78
552,78
552,78
552,78
552,78
552,78
553,79
553,79
553,79
553,79
553,79
553,79
554,79
554,79
554,79
554,79
554,79
554,79
554,79
554,78
554,78
554,78
554,78
554,78
554,78
555,79
555,79
555,79
555,79
555,79
555,79
556,79
556,79
556,79
556,79
556,79
556,79
556,78
556,78
556,78
556,78
556,78
556,78
556,78
557,78
557,78
557,78
557,78
557,78
557,78
557,79
557,79
557,79
557,79
557,79
557,79
558,79
558,79
558,79
558,79
558,79
558,79
558,79
559,78
559,78
559,78
559,78
559,78
559,78
559,78
559,78
559,78
559,78
559,78
559,78
560,78
560,78
560,78
560,78
560,78
560,78
560,78
561,79
561,79
561,79
561,79
561,79
561,79
561,78
561,78
561,78
561,78
561,78
561,78
562,78
562,78
562,78
562,78
562,78
562,78
562,79
562,79
562,79
562,79
562,79
562,79
562,79
563,79
563,79
563,79
563,79
563,79
563,79
564,78
564,78
564,78
564,78
564,78
564,78
564,78
564,78
564,78
564,78
564,78
564,78
564,78
565,79
565,79
565,79
565,79
565,79
565,79
566,79
566,79
566,79
566,79
566,79
566,79
566,79
566,79
566,79
566,79
566,79
566,79
567,78
567,78
567,78
567,78
567,78
567,78
567,78
567,79
567,79
567,79
567,79
567,79
567,79
568,79
568,79
568,79
568,79
568,79
568,79
569,78
569,78
569,78
569,78
569,78
569,78
569,78
569,79
569,79
569,79
569,79
569,79
569,79
570,79
570,79
570,79
570,79
570,79
570,79
571,79
571,79
571,79
571,79
571,79
571,79
571,79
571,78
571,78
571,78
571,78
571,78
571,78
572,78
572,78
572,78
572,78
572,78
572,78
573,78
573,78
573,78
573,78
573,78
573,78
573,78
573,78
573,78
573,78
573,78
573,78
573,78
574,78
574,78
574,78
574,78
574,78
574,78
574,79
574,79
574,79
574,79
574,79
574,79
575,79
575,79
575,79
575,79
575,79
575,79
575,79
576,78
576,78
576,78
576,78
576,78
576,78
576,79
576,79
576,79
576,79
576,79
576,79
577,79
577,79
577,79
577,79
577,79
577,79
577,79
578,79
578,79
578,79
578,79
578,79
578,79
578,78
578,78
578,78
578,78
578,78
578,78
579,78
579,78
579,78
579,78
579,78
579,78
579,78
579,78
579,78
579,78
579,78
579,78
579,78
580,78
580,78
580,78
580,78
580,78
580,78
581,79
581,79
581,79
581,79
581,79
581,79
581,79
581,79
581,79
581,79
581,79
581,79
581,79
582,78
582,78
582,78
582,78
582,78
582,78
583,78
583,78
583,78
583,78
583,78
583,78
583,79
583,79
583,79
583,79
583,79
583,79
584,78
584,78
584,78
584,78
584,78
584,78
584,78
585,78
585,78
585,78
585,78
585,78
585,78
585,78
585,78
585,78
585,78
585,78
585,78
586,78
586,78
586,78
586,78
586,78
586,78
586,78
586,79
586,79
586,79
586,79
586,79
586,79
587,78
587,78
587,78
587,78
587,78
587,78
588,79
588,79
588,79
588,79
588,79
588,79
588,79
588,78
588,78
588,78
588,78
588,78
588,78
589,78
589,78
589,78
589,78
589,78
589,78
590,78
590,78
590,78
590,78
590,78
590,78
590,78
590,78
590,78
590,78
590,78
590,78
590,78
591,78
591,78
591,78
591,78
591,78
591,78
591,78
591,78
591,78
591,78
591,78
591,78
592,78
592,78
592,78
592,78
592,78
592,78
592,78
593,78
593,78
593,78
593,78
593,78
593,78
593,78
593,78
593,78
593,78
593,78
593,78
594,78
594,78
594,78
594,78
594,78
594,78
594,78
595,78
595,78
595,78
595,78
595,78
595,78
595,78
595,78
595,78
595,78
595,78
595,78
596,78
596,78
596,78
596,78
596,78
596,78
597,78
597,78
597,78
597,78
597,78
597,78
597,78
597,78
597,78
597,78
597,78
597,78
597,78
598,78
598,78
598,78
598,78
598,78
598,78
598,78
598,78
598,78
598,78
598,78
598,78
598,78
599,78
599,78
599,78
599,78
599,78
599,78
600,78
600,78
600,78
600,78
600,78
600,78
600,78
600,78
600,78
600,78
600,78
600,78
601,78
601,78
601,78
601,78
601,78
601,78
601,78
602,78
602,78
602,78
602,78
602,78
602,78
602,78
602,78
602,78
602,78
602,78
602,78
603,79
603,79
603,79
603,79
603,79
603,79
603,79
603,79
603,79
603,79
603,79
603,79
603,79
604,78
604,78
604,78
604,78
604,78
604,78
605,78
605,78
605,78
605,78
605,78
605,78
605,78
605,78
605,78
605,78
605,78
605,78
605,78
606,78
606,78
606,78
606,78
606,78
606,78
607,78
607,78
607,78
607,78
607,78
607,78
607,78
607,78
607,78
607,78
607,78
607,78
607,78
608,78
608,78
608,78
608,78
608,78
608,78
609,78
609,78
609,78
609,78
609,78
609,78
609,78
609,78
609,78
609,78
609,78
609,78
609,78
610,78
610,78
610,78
610,78
610,78
610,78
610,78
610,78
610,78
610,78
610,78
610,78
611,79
611,79
611,79
611,79
611,79
611,79
612,78
612,78
612,78
612,78
612,78
612,78
612,78
612,78
612,78
612,78
612,78
612,78
612,78
613,79
613,79
613,79
613,79
613,79
613,79
614,78
614,78
614,78
614,78
614,78
614,78
614,78
614,78
614,78
614,78
614,78
614,78
614,78
615,79
615,79
615,79
615,79
615,79
615,79
615,78
615,78
615,78
615,78
615,78
615,78
615,78
616,79
616,79
616,79
616,79
616,79
616,79
617,78
617,78
617,78
617,78
617,78
617,78
617,78
617,78
617,78
617,78
617,78
617,78
618,78
618,78
618,78
618,78
618,78
618,78
618,78
619,79
619,79
619,79
619,79
619,79
619,79
619,78
619,78
619,78
619,78
619,78
619,78
620,78
620,78
620,78
620,78
620,78
620,78
620,78
620,79
620,79
620,79
620,79
620,79
620,79
621,79
621,79
621,79
621,79
621,79
621,79
622,79
622,79
622,79
622,79
622,79
622,79
622,79
622,79
622,79
622,79
622,79
622,79
622,79
623,79
623,79
623,79
623,79
623,79
623,79
624,79
624,79
624,79
624,79
624,79
624,79
624,79
624,79
624,79
624,79
624,79
624,79
624,79
625,79
625,79
625,79
625,79
625,79
625,79
626,79
626,79
626,79
626,79
626,79
626,79
626,78
626,78
626,78
626,78
626,78
626,78
626,78
627,78
627,78
627,78
627,78
627,78
627,78
627,78
627,78
627,78
627,78
627,78
627,78
628,78
628,78
628,78
628,78
628,78
628,78
629,79
629,79
629,79
629,79
629,79
629,79
629,79
629,79
629,79
629,79
629,79
629,79
629,79
630,79
630,79
630,79
630,79
630,79
630,79
631,78
631,78
631,78
631,78
631,78
631,78
631,78
631,79
631,79
631,79
631,79
631,79
631,79
632,78
632,78
632,78
632,78
632,78
632,78
632,78
632,78
632,78
632,78
632,78
632,78
632,78
633,78
633,78
633,78
633,78
633,78
633,78
634,78
634,78
634,78
634,78
634,78
634,78
634,78
634,78
634,78
634,78
634,78
634,78
635,78
635,78
635,78
635,78
635,78
635,78
635,78
636,78
636,78
636,78
636,78
636,78
636,78
636,78
636,78
636,78
636,78
636,78
636,78
637,78
637,78
637,78
637,78
637,78
637,78
637,78
638,79
638,79
638,79
638,79
638,79
638,79
638,78
638,78
638,78
638,78
638,78
638,78
639,79
639,79
639,79
639,79
639,79
639,79
639,79
639,79
639,79
639,79
639,79
639,79
639,79
640,78
640,78
640,78
640,78
640,78
640,78
641,78
641,78
641,78
641,78
641,78
641,78
641,78
641,78
641,78
641,78
641,78
641,78
641,78
642,79
642,79
642,79
642,79
642,79
642,79
643,78
643,78
643,78
643,78
643,78
643,78
643,78
643,78
643,78
643,78
643,78
643,78
643,78
644,78
644,78
644,78
644,78
644,78
644,78
644,78
644,78
644,78
644,78
644,78
644,78
645,78
645,78
645,78
645,78
645,78
645,78
646,78
646,78
646,78
646,78
646,78
646,78
646,78
646,79
646,79
646,79
646,79
646,79
646,79
647,78
647,78
647,78
647,78
647,78
647,78
648,78
648,78
648,78
648,78
648,78
648,78
648,78
648,79
648,79
648,79
648,79
648,79
648,79
649,78
649,78
649,78
649,78
649,78
649,78
650,78
650,78
650,78
650,78
650,78
650,78
650,78
650,78
650,78
650,78
650,78
650,78
650,78
651,79
651,79
651,79
651,79
651,79
651,79
651,78
651,78
651,78
651,78
651,78
651,78
652,78
652,78
652,78
652,78
652,78
652,78
652,78
653,78
653,78
653,78
653,78
653,78
653,78
653,78
653,78
653,78
653,78
653,78
653,78
654,78
654,78
654,78
654,78
654,78
654,78
654,78
655,78
655,78
655,78
655,78
655,78
655,78
655,79
655,79
655,79
655,79
655,79
655,79
656,79
656,79
656,79
656,79
656,79
656,79
656,78
656,78
656,78
656,78
656,78
656,78
656,78
657,79
657,79
657,79
657,79
657,79
657,79
658,78
658,78
658,78
658,78
658,78
658,78
658,79
658,79
658,79
658,79
658,79
658,79
658,79
659,79
659,79
659,79
659,79
659,79
659,79
660,79
660,79
660,79
660,79
660,79
660,79
660,78
660,78
660,78
660,78
660,78
660,78
660,78
661,78
661,78
661,78
661,78
661,78
661,78
662,79
662,79
662,79
662,79
662,79
662,79
662,79
662,79
662,79
662,79
662,79
662,79
663,79
663,79
663,79
663,79
663,79
663,79
663,79
663,78
663,78
663,78
663,78
663,78
663,78
664,78
664,78
664,78
664,78
664,78
664,78
665,79
665,79
665,79
665,79
665,79
665,79
665,79
665,78
665,78
665,78
665,78
665,78
665,78
666,78
666,78
666,78
666,78
666,78
666,78
667,78
667,78
667,78
667,78
667,78
667,78
667,78
667,78
667,78
667,78
667,78
667,78
667,78
668,79
668,79
668,79
668,79
668,79
668,79
668,79
668,79
668,79
668,79
668,79
668,79
669,78
669,78
669,78
669,78
669,78
669,78
669,78
670,79
670,79
670,79
670,79
670,79
670,79
670,78
670,78
670,78
670,78
670,78
670,78
671,79
671,79
671,79
671,79
671,79
671,79
671,79
672,79
672,79
672,79
672,79
672,79
672,79
672,78
672,78
672,78
672,78
672,78
672,78
673,78
673,78
673,78
673,78
673,78
673,78
674,78
674,78
674,78
674,78
674,78
674,78
674,78
674,78
674,78
674,78
674,78
674,78
674,78
675,78
675,78
675,78
675,78
675,78
675,78
675,78
675,78
675,78
675,78
675,78
675,78
675,78
676,78
676,78
676,78
676,78
676,78
676,78
677,79
677,79
677,79
677,79
677,79
677,79
677,79
677,79
677,79
677,79
677,79
677,79
677,79
678,79
678,79
678,79
678,79
678,79
678,79
679,78
679,78
679,78
679,78
679,78
679,78
679,78
679,78
679,78
679,78
679,78
679,78
680,78
680,78
680,78
680,78
680,78
680,78
680,78
680,79
680,79
680,79
680,79
680,79
680,79
681,79
681,79
681,79
681,79
681,79
681,79
682,78
682,78
682,78
682,78
682,78
682,78
682,78
682,78
682,78
682,78
682,78
682,78
682,78
683,78
683,78
683,78
683,78
683,78
683,78
684,79
684,79
684,79
684,79
684,79
684,79
684,79
684,79
684,79
684,79
684,79
684,79
684,79
685,78
685,78
685,78
685,78
685,78
685,78
685,78
685,78
685,78
685,78
685,78
685,78
686,78
686,78
686,78
686,78
686,78
686,78
686,78
687,78
687,78
687,78
687,78
687,78
687,78
687,79
687,79
687,79
687,79
687,79
687,79
688,79
688,79
688,79
688,79
688,79
688,79
688,79
689,78
689,78
689,78
689,78
689,78
689,78
689,78
689,78
689,78
689,78
689,78
689,78
690,79
690,79
690,79
690,79
690,79
690,79
691,78
691,78
691,78
691,78
691,78
691,78
691,78
691,79
691,79
691,79
691,79
691,79
691,79
692,79
692,79
692,79
692,79
692,79
692,79
692,78
692,78
692,78
692,78
692,78
692,78
692,78
693,79
693,79
693,79
693,79
693,79
693,79
694,79
694,79
694,79
694,79
694,79
694,79
694,79
694,79
694,79
694,79
694,79
694,79
695,78
695,78
695,78
695,78
695,78
695,78
695,78
696,78
696,78
696,78
696,78
696,78
696,78
696,78
696,78
696,78
696,78
696,78
696,78
697,78
697,78
697,78
697,78
697,78
697,78
697,78
697,78
697,78
697,78
697,78
697,78
697,78
698,78
698,78
698,78
698,78
698,78
698,78
699,79
699,79
699,79
699,79
699,79
699,79
699,79
699,78
699,78
699,78
699,78
699,78
699,78
700,78
700,78
700,78
700,78
700,78
700,78
701,78
701,78
701,78
701,78
701,78
701,78
701,78
701,78
701,78
701,78
701,78
701,78
701,78
702,78
702,78
702,78
702,78
702,78
702,78
703,79
703,79
703,79
703,79
703,79
703,79
703,78
703,78
703,78
703,78
703,78
703,78
703,78
704,78
704,78
704,78
704,78
704,78
704,78
704,79
704,79
704,79
704,79
704,79
704,79
705,79
705,79
705,79
705,79
705,79
705,79
706,78
706,78
706,78
706,78
706,78
706,78
706,78
706,78
706,78
706,78
706,78
706,78
706,78
707,78
707,78
707,78
707,78
707,78
707,78
708,78
708,78
708,78
708,78
708,78
708,78
708,78
708,78
708,78
708,78
708,78
708,78
708,78
709,78
709,78
709,78
709,78
709,78
709,78
709,78
709,78
709,78
709,78
709,78
709,78
709,78
710,79
710,79
710,79
710,79
710,79
710,79
711,78
711,78
711,78
711,78
711,78
711,78
711,78
711,78
711,78
711,78
711,78
711,78
712,79
712,79
712,79
712,79
712,79
712,79
712,79
713,78
713,78
713,78
713,78
713,78
713,78
713,79
713,79
713,79
713,79
713,79
713,79
714,78
714,78
714,78
714,78
714,78
714,78
714,78
715,78
715,78
715,78
715,78
715,78
715,78
715,79
715,79
715,79
715,79
715,79
715,79
716,78
716,78
716,78
716,78
716,78
716,78
716,78
716,78
716,78
716,78
716,78
716,78
716,78
717,78
717,78
717,78
717,78
717,78
717,78
718,78
718,78
718,78
718,78
718,78
718,78
718,78
718,78
718,78
718,78
718,78
718,78
718,78
719,78
719,78
719,78
719,78
719,78
719,78
720,79
720,79
720,79
720,79
720,79
720,79
720,78
720,78
720,78
720,78
720,78
720,78
720,78
721,78
721,78
721,78
721,78
721,78
721,78
721,78
721,78
721,78
721,78
721,78
721,78
722,78
722,78
722,78
722,78
722,78
722,78
722,78
723,78
723,78
723,78
723,78
723,78
723,78
723,78
723,78
723,78
723,78
723,78
723,78
724,78
724,78
724,78
724,78
724,78
724,78
725,79
725,79
725,79
725,79
725,79
725,79
725,79
725,78
725,78
725,78
725,78
725,78
725,78
726,78
726,78
726,78
726,78
726,78
726,78
727,78
727,78
727,78
727,78
727,78
727,78
727,78
727,78
727,78
727,78
727,78
727,78
727,78
728,78
728,78
728,78
728,78
728,78
728,78
728,78
728,78
728,78
728,78
728,78
728,78
729,78
729,78
729,78
729,78
729,78
729,78
729,78
730,79
730,79
730,79
730,79
730,79
730,79
730,78
730,78
730,78
730,78
730,78
730,78
731,78
731,78
731,78
731,78
731,78
731,78
731,78
732,78
732,78
732,78
732,78
732,78
732,78
732,78
732,78
732,78
732,78
732,78
732,78
733,78
733,78
733,78
733,78
733,78
733,78
733,78
733,78
733,78
733,78
733,78
733,78
733,78
734,78
734,78
734,78
734,78
734,78
734,78
735,78
735,78
735,78
735,78
735,78
735,78
735,78
735,78
735,78
735,78
735,78
735,78
735,78
736,78
736,78
736,78
736,78
736,78
736,78
737,78
737,78
737,78
737,78
737,78
737,78
737,78
737,78
737,78
737,78
737,78
737,78
737,78
738,78
738,78
738,78
738,78
738,78
738,78
738,78
738,78
738,78
738,78
738,78
738,78
739,78
739,78
739,78
739,78
739,78
739,78
739,78
740,78
740,78
740,78
740,78
740,78
740,78
740,78
740,78
740,78
740,78
740,78
740,78
741,78
741,78
741,78
741,78
741,78
741,78
742,78
742,78
742,78
742,78
742,78
742,78
742,78
742,78
742,78
742,78
742,78
742,78
742,78
743,78
743,78
743,78
743,78
743,78
743,78
744,78
744,78
744,78
744,78
744,78
744,78
744,78
744,78
744,78
744,78
744,78
744,78
744,78
745,79
745,79
745,79
745,79
745,79
745,79
745,78
745,78
745,78
745,78
745,78
745,78
746,78
746,78
746,78
746,78
746,78
746,78
746,78
747,78
747,78
747,78
747,78
747,78
747,78
747,78
747,78
747,78
747,78
747,78
747,78
748,78
748,78
748,78
748,78
748,78
748,78
748,78
749,78
749,78
749,78
749,78
749,78
749,78
749,78
749,78
749,78
749,78
749,78
749,78
750,78
750,78
750,78
750,78
750,78
750,78
750,78
750,78
750,78
750,78
750,78
750,78
750,78
751,78
751,78
751,78
751,78
751,78
751,78
752,78
752,78
752,78
752,78
752,78
752,78
752,78
752,78
752,78
752,78
752,78
752,78
752,78
753,78
753,78
753,78
753,78
753,78
753,78
754,78
754,78
754,78
754,78
754,78
754,78
754,78
754,78
754,78
754,78
754,78
754,78
754,78
755,78
755,78
755,78
755,78
755,78
755,78
756,78
756,78
756,78
756,78
756,78
756,78
756,78
756,78
756,78
756,78
756,78
756,78
756,78
757,78
757,78
757,78
757,78
757,78
757,78
757,78
757,78
757,78
757,78
757,78
757,78
758,78
758,78
758,78
758,78
758,78
758,78
759,78
759,78
759,78
759,78
759,78
759,78
759,78
759,79
759,79
759,79
759,79
759,79
759,79
760,78
760,78
760,78
760,78
760,78
760,78
761,79
761,79
761,79
761,79
761,79
761,79
761,79
761,78
761,78
761,78
761,78
761,78
761,78
762,78
762,78
762,78
762,78
762,78
762,78
762,78
762,78
762,78
762,78
762,78
762,78
763,78
763,78
763,78
763,78
763,78
763,78
763,78
764,78
764,78
764,78
764,78
764,78
764,78
764,78
764,78
764,78
764,78
764,78
764,78
765,78
765,78
765,78
765,78
765,78
765,78
765,78
766,78
766,78
766,78
766,78
766,78
766,78
766,78
766,78
766,78
766,78
766,78
766,78
767,78
767,78
767,78
767,78
767,78
767,78
767,78
768,78
768,78
768,78
768,78
768,78
768,78
768,79
768,79
768,79
768,79
768,79
768,79
769,78
769,78
769,78
769,78
769,78
769,78
769,78
769,78
769,78
769,78
769,78
769,78
769,78
770,78
770,78
770,78
770,78
770,78
770,78
771,78
771,78
771,78
771,78
771,78
771,78
771,78
771,78
771,78
771,78
771,78
771,78
771,78
772,78
772,78
772,78
772,78
772,78
772,78
773,78
773,78
773,78
773,78
773,78
773,78
773,78
773,78
773,78
773,78
773,78
773,78
773,78
774,78
774,78
774,78
774,78
774,78
774,78
774,78
774,78
774,78
774,78
774,78
774,78
775,78
775,78
775,78
775,78
775,78
775,78
776,78
776,78
776,78
776,78
776,78
776,78
776,78
776,78
776,78
776,78
776,78
776,78
776,78
777,78
777,78
777,78
777,78
777,78
777,78
778,78
778,78
778,78
778,78
778,78
778,78
778,78
778,78
778,78
778,78
778,78
778,78
778,78
779,78
779,78
779,78
779,78
779,78
779,78
780,78
780,78
780,78
780,78
780,78
780,78
780,78
780,78
780,78
780,78
780,78
780,78
780,78
781,78
781,78
781,78
781,78
781,78
781,78
781,78
781,78
781,78
781,78
781,78
781,78
782,78
782,78
782,78
782,78
782,78
782,78
782,78
783,78
783,78
783,78
783,78
783,78
783,78
783,79
783,79
783,79
783,79
783,79
783,79
784,78
784,78
784,78
784,78
784,78
784,78
784,78
785,78
785,78
785,78
785,78
785,78
785,78
785,78
785,78
785,78
785,78
785,78
785,78
786,78
786,78
786,78
786,78
786,78
786,78
786,78
786,78
786,78
786,78
786,78
786,78
786,78
787,78
787,78
787,78
787,78
787,78
787,78
788,78
788,78
788,78
788,78
788,78
788,78
788,78
788,78
788,78
788,78
788,78
788,78
788,78
789,78
789,78
789,78
789,78
789,78
789,78
790,78
790,78
790,78
790,78
790,78
790,78
790,78
790,78
790,78
790,78
790,78
790,78
790,78
791,78
791,78
791,78
791,78
791,78
791,78
792,78
792,78
792,78
792,78
792,78
792,78
792,78
792,78
792,78
792,78
792,78
792,78
793,78
793,78
793,78
793,78
793,78
793,78
793,78
793,78
793,78
793,78
793,78
793,78
793,78
794,78
794,78
794,78
794,78
794,78
794,78
795,78
795,78
795,78
795,78
795,78
795,78
795,78
795,78
795,78
795,78
795,78
795,78
795,78
796,78
796,78
796,78
796,78
796,78
796,78
797,78
797,78
797,78
797,78
797,78
797,78
797,78
797,78
797,78
797,78
797,78
797,78
797,78
798,78
798,78
798,78
798,78
798,78
798,78
798,78
798,78
798,78
798,78
798,78
798,78
799,78
799,78
799,78
799,78
799,78
799,78
799,78
800,78
800,78
800,78
800,78
800,78
800,78
800,78
800,78
800,78
800,78
800,78
800,78
801,78
801,78
801,78
801,78
801,78
801,78
801,78
802,78
802,78
802,78
802,78
802,78
802,78
802,78
802,78
802,78
802,78
802,78
802,78
803,78
803,78
803,78
803,78
803,78
803,78
803,78
803,78
803,78
803,78
803,78
803,78
803,78
804,78
804,78
804,78
804,78
804,78
804,78
805,78
805,78
805,78
805,78
805,78
805,78
805,78
805,78
805,78
805,78
805,78
805,78
805,78
806,78
806,78
806,78
806,78
806,78
806,78
807,78
807,78
807,78
807,78
807,78
807,78
807,78
807,78
807,78
807,78
807,78
807,78
808,78
808,78
808,78
808,78
808,78
808,78
808,78
809,78
809,78
809,78
809,78
809,78
809,78
809,78
809,78
809,78
809,78
809,78
809,78
810,78
810,78
810,78
810,78
810,78
810,78
810,78
810,78
810,78
810,78
810,78
810,78
810,78
811,78
811,78
811,78
811,78
811,78
811,78
812,78
812,78
812,78
812,78
812,78
812,78
812,78
812,78
812,78
812,78
812,78
812,78
812,78
813,78
813,78
813,78
813,78
813,78
813,78
814,78
814,78
814,78
814,78
814,78
814,78
814,78
814,78
814,78
814,78
814,78
814,78
814,78
815,78
815,78
815,78
815,78
815,78
815,78
815,78
815,78
815,78
815,78
815,78
815,78
816,78
816,78
816,78
816,78
816,78
816,78
816,78
817,78
817,78
817,78
817,78
817,78
817,78
817,78
817,78
817,78
817,78
817,78
817,78
818,79
818,79
818,79
818,79
818,79
818,79
819,78
819,78
819,78
819,78
819,78
819,78
819,78
819,78
819,78
819,78
819,78
819,78
819,78
820,78
820,78
820,78
820,78
820,78
820,78
821,78
821,78
821,78
821,78
821,78
821,78
821,78
821,78
821,78
821,78
821,78
821,78
821,78
822,78
822,78
822,78
822,78
822,78
822,78
822,78
822,78
822,78
822,78
822,78
822,78
822,78
823,78
823,78
823,78
823,78
823,78
823,78
824,78
824,78
824,78
824,78
824,78
824,78
824,78
824,78
824,78
824,78
824,78
824,78
825,78
825,78
825,78
825,78
825,78
825,78
825,78
826,78
826,78
826,78
826,78
826,78
826,78
826,78
826,78
826,78
826,78
826,78
826,78
827,78
827,78
827,78
827,78
827,78
827,78
827,78
827,78
827,78
827,78
827,78
827,78
827,78
828,77
828,77
828,77
828,77
828,77
828,77
829,78
829,78
829,78
829,78
829,78
829,78
829,78
829,78
829,78
829,78
829,78
829,78
829,78
830,78
830,78
830,78
830,78
830,78
830,78
831,78
831,78
831,78
831,78
831,78
831,78
831,78
831,78
831,78
831,78
831,78
831,78
831,78
832,78
832,78
832,78
832,78
832,78
832,78
833,78
833,78
833,78
833,78
833,78
833,78
833,78
833,78
833,78
833,78
833,78
833,78
833,78
834,78
834,78
834,78
834,78
834,78
834,78
834,78
834,78
834,78
834,78
834,78
834,78
835,78
835,78
835,78
835,78
835,78
835,78
836,78
836,78
836,78
836,78
836,78
836,78
836,78
836,78
836,78
836,78
836,78
836,78
836,78
837,78
837,78
837,78
837,78
837,78
837,78
838,78
838,78
838,78
838,78
838,78
838,78
838,78
838,77
838,77
838,77
838,77
838,77
838,77
839,78
839,78
839,78
839,78
839,78
839,78
839,78
839,78
839,78
839,78
839,78
839,78
839,78
840,78
840,78
840,78
840,78
840,78
840,78
841,78
841,78
841,78
841,78
841,78
841,78
841,78
841,78
841,78
841,78
841,78
841,78
842,78
842,78
842,78
842,78
842,78
842,78
842,78
843,78
843,78
843,78
843,78
843,78
843,78
843,78
843,78
843,78
843,78
843,78
843,78
844,78
844,78
844,78
844,78
844,78
844,78
844,78
845,77
845,77
845,77
845,77
845,77
845,77
845,78
845,78
845,78
845,78
845,78
845,78
846,78
846,78
846,78
846,78
846,78
846,78
846,78
846,78
846,78
846,78
846,78
846,78
846,78
847,78
847,78
847,78
847,78
847,78
847,78
848,78
848,78
848,78
848,78
848,78
848,78
848,78
848,78
848,78
848,78
848,78
848,78
848,78
849,78
849,78
849,78
849,78
849,78
849,78
850,78
850,78
850,78
850,78
850,78
850,78
850,78
850,78
850,78
850,78
850,78
850,78
850,78
851,78
851,78
851,78
851,78
851,78
851,78
851,78
851,78
851,78
851,78
851,78
851,78
852,78
852,78
852,78
852,78
852,78
852,78
853,78
853,78
853,78
853,78
853,78
853,78
853,78
853,78
853,78
853,78
853,78
853,78
853,78
854,78
854,78
854,78
854,78
854,78
854,78
855,78
855,78
855,78
855,78
855,78
855,78
855,78
855,78
855,78
855,78
855,78
855,78
855,78
856,77
856,77
856,77
856,77
856,77
856,77
856,78
856,78
856,78
856,78
856,78
856,78
856,78
857,78
857,78
857,78
857,78
857,78
857,78
858,78
858,78
858,78
858,78
858,78
858,78
858,77
858,77
858,77
858,77
858,77
858,77
859,77
859,77
859,77
859,77
859,77
859,77
859,77
860,78
860,78
860,78
860,78
860,78
860,78
860,78
860,78
860,78
860,78
860,78
860,78
861,78
861,78
861,78
861,78
861,78
861,78
861,78
862,78
862,78
862,78
862,78
862,78
862,78
862,78
862,78
862,78
862,78
862,78
862,78
863,78
863,78
863,78
863,78
863,78
863,78
863,78
863,78
863,78
863,78
863,78
863,78
863,78
864,77
864,77
864,77
864,77
864,77
864,77
865,78
865,78
865,78
865,78
865,78
865,78
865,78
865,78
865,78
865,78
865,78
865,78
865,78
866,78
866,78
866,78
866,78
866,78
866,78
867,78
867,78
867,78
867,78
867,78
867,78
867,78
867,78
867,78
867,78
867,78
867,78
867,78
868,78
868,78
868,78
868,78
868,78
868,78
868,78
868,78
868,78
868,78
868,78
868,78
869,78
869,78
869,78
869,78
869,78
869,78
870,78
870,78
870,78
870,78
870,78
870,78
870,78
870,78
870,78
870,78
870,78
870,78
870,78
871,78
871,78
871,78
871,78
871,78
871,78
872,78
872,78
872,78
872,78
872,78
872,78
872,78
872,78
872,78
872,78
872,78
872,78
872,78
873,78
873,78
873,78
873,78
873,78
873,78
874,78
874,78
874,78
874,78
874,78
874,78
874,78
874,77
874,77
874,77
874,77
874,77
874,77
875,78
875,78
875,78
875,78
875,78
875,78
875,78
875,78
875,78
875,78
875,78
875,78
876,78
876,78
876,78
876,78
876,78
876,78
876,78
877,78
877,78
877,78
877,78
877,78
877,78
877,77
877,77
877,77
877,77
877,77
877,77
878,78
878,78
878,78
878,78
878,78
878,78
878,78
879,78
879,78
879,78
879,78
879,78
879,78
879,77
879,77
879,77
879,77
879,77
879,77
880,79
880,79
880,79
880,79
880,79
880,79
880,78
880,78
880,78
880,78
880,78
880,78
880,78
881,78
881,78
881,78
881,78
881,78
881,78
882,78
882,78
882,78
882,78
882,78
882,78
882,78
882,78
882,78
882,78
882,78
882,78
882,78
883,78
883,78
883,78
883,78
883,78
883,78
884,78
884,78
884,78
884,78
884,78
884,78
884,78
884,78
884,78
884,78
884,78
884,78
884,78
885,78
885,78
885,78
885,78
885,78
885,78
886,78
886,78
886,78
886,78
886,78
886,78
886,78
886,78
886,78
886,78
886,78
886,78
887,77
887,77
887,77
887,77
887,77
887,77
887,77
887,78
887,78
887,78
887,78
887,78
887,78
888,78
888,78
888,78
888,78
888,78
888,78
889,78
889,78
889,78
889,78
889,78
889,78
889,78
889,78
889,78
889,78
889,78
889,78
889,78
890,78
890,78
890,78
890,78
890,78
890,78
891,78
891,78
891,78
891,78
891,78
891,78
891,78
891,78
891,78
891,78
891,78
891,78
891,78
892,78
892,78
892,78
892,78
892,78
892,78
892,78
892,78
892,78
892,78
892,78
892,78
893,78
893,78
893,78
893,78
893,78
893,78
893,78
894,78
894,78
894,78
894,78
894,78
894,78
894,78
894,78
894,78
894,78
894,78
894,78
895,78
895,78
895,78
895,78
895,78
895,78
895,78
896,78
896,78
896,78
896,78
896,78
896,78
896,78
896,78
896,78
896,78
896,78
896,78
897,78
897,78
897,78
897,78
897,78
897,78
898,78
898,78
898,78
898,78
898,78
898,78
898,78
898,77
898,77
898,77
898,77
898,77
898,77
899,77
899,77
899,77
899,77
899,77
899,77
899,78
899,78
899,78
899,78
899,78
899,78
899,78
900,78
900,78
900,78
900,78
900,78
900,78
900,78
900,78
900,78
900,78
900,78
900,78
900,78
900,78
900,78
900,78
900,78
900,78
900,78
900,78
900,78
900,78
900,78
900,78
900,78
900,78
900,78
