0,0
0,78
0,78
0,78
0,78
0,78
0,78
0,78
0,78
0,78
0,78
0,78
0,78
0,78
1,78
1,78
1,78
1,78
1,78
1,78
1,78
1,78
1,78
1,78
1,78
1,78
2,78
2,78
2,78
2,78
2,78
2,78
2,78
3,78
3,78
3,78
3,78
3,78
3,78
3,78
3,78
3,78
3,78
3,78
3,78
4,78
4,78
4,78
4,78
4,78
4,78
4,78
5,78
5,78
5,78
5,78
5,78
5,78
5,78
5,78
5,78
5,78
5,78
5,78
6,78
6,78
6,78
6,78
6,78
6,78
7,78
7,78
7,78
7,78
7,78
7,78
7,78
7,78
7,78
7,78
7,78
7,78
7,78
8,78
8,78
8,78
8,78
8,78
8,78
8,78
8,78
8,78
8,78
8,78
8,78
8,78
9,78
9,78
9,78
9,78
9,78
9,78
10,78
10,78
10,78
10,78
10,78
10,78
10,78
10,78
10,78
10,78
10,78
10,78
10,78
11,78
11,78
11,78
11,78
11,78
11,78
12,78
12,78
12,78
12,78
12,78
12,78
12,78
12,78
12,78
12,78
12,78
12,78
13,78
13,78
13,78
13,78
13,78
13,78
13,78
13,78
13,78
13,78
13,78
13,78
13,78
14,78
14,78
14,78
14,78
14,78
14,78
15,78
15,78
15,78
15,78
15,78
15,78
15,78
15,78
15,78
15,78
15,78
15,78
15,78
16,78
16,78
16,78
16,78
16,78
16,78
17,78
17,78
17,78
17,78
17,78
17,78
17,78
17,78
17,78
17,78
17,78
17,78
17,78
18,78
18,78
18,78
18,78
18,78
18,78
19,78
19,78
19,78
19,78
19,78
19,78
19,78
19,78
19,78
19,78
19,78
19,78
19,78
20,78
20,78
20,78
20,78
20,78
20,78
20,78
20,78
20,78
20,78
20,78
20,78
21,78
21,78
21,78
21,78
21,78
21,78
21,78
22,78
22,78
22,78
22,78
22,78
22,78
22,78
22,78
22,78
22,78
22,78
22,78
23,78
23,78
23,78
23,78
23,78
23,78
24,78
24,78
24,78
24,78
24,78
24,78
24,78
24,78
24,78
24,78
24,78
24,78
24,78
25,78
25,78
25,78
25,78
25,78
25,78
25,78
25,78
25,78
25,78
25,78
25,78
25,78
26,78
26,78
26,78
26,78
26,78
26,78
27,78
27,78
27,78
27,78
27,78
27,78
27,78
27,78
27,78
27,78
27,78
27,78
27,78
28,78
28,78
28,78
28,78
28,78
28,78
29,78
29,78
29,78
29,78
29,78
29,78
29,78
29,78
29,78
29,78
29,78
29,78
30,78
30,78
30,78
30,78
30,78
30,78
30,78
31,78
31,78
31,78
31,78
31,78
31,78
31,79
31,79
31,79
31,79
31,79
31,79
32,78
32,78
32,78
32,78
32,78
32,78
32,78
32,78
32,78
32,78
32,78
32,78
32,78
33,78
33,78
33,78
33,78
33,78
33,78
34,78
34,78
34,78
34,78
34,78
34,78
34,78
34,78
34,78
34,78
34,78
34,78
34,78
35,78
35,78
35,78
35,78
35,78
35,78
36,78
36,78
36,78
36,78
36,78
36,78
36,78
36,78
36,78
36,78
36,78
36,78
36,78
37,79
37,79
37,79
37,79
37,79
37,79
37,78
37,78
37,78
37,78
37,78
37,78
38,78
38,78
38,78
38,78
38,78
38,78
38,78
39,78
39,78
39,78
39,78
39,78
39,78
39,78
39,78
39,78
39,78
39,78
39,78
40,78
40,78
40,78
40,78
40,78
40,78
40,78
41,78
41,78
41,78
41,78
41,78
41,78
41,79
41,79
41,79
41,79
41,79
41,79
42,78
42,78
42,78
42,78
42,78
42,78
43,78
43,78
43,78
43,78
43,78
43,78
43,78
43,78
43,78
43,78
43,78
43,78
43,78
44,78
44,78
44,78
44,78
44,78
44,78
44,79
44,79
44,79
44,79
44,79
44,79
44,79
45,78
45,78
45,78
45,78
45,78
45,78
46,78
46,78
46,78
46,78
46,78
46,78
46,78
46,78
46,78
46,78
46,78
46,78
47,78
47,78
47,78
47,78
47,78
47,78
47,78
48,78
48,78
48,78
48,78
48,78
48,78
48,78
48,78
48,78
48,78
48,78
48,78
49,78
49,78
49,78
49,78
49,78
49,78
49,78
49,78
49,78
49,78
49,78
49,78
49,78
50,78
50,78
50,78
50,78
50,78
50,78
51,78
51,78
51,78
51,78
51,78
51,78
51,78
51,78
51,78
51,78
51,78
51,78
51,78
52,78
52,78
52,78
52,78
52,78
52,78
53,78
53,78
53,78
53,78
53,78
53,78
53,79
53,79
53,79
53,79
53,79
53,79
53,79
54,78
54,78
54,78
54,78
54,78
54,78
54,78
54,78
54,78
54,78
54,78
54,78
55,78
55,78
55,78
55,78
55,78
55,78
55,78
56,78
56,78
56,78
56,78
56,78
56,78
56,78
56,78
56,78
56,78
56,78
56,78
57,78
57,78
57,78
57,78
57,78
57,78
58,78
58,78
58,78
58,78
58,78
58,78
58,78
58,79
58,79
58,79
58,79
58,79
58,79
59,78
59,78
59,78
59,78
59,78
59,78
60,78
60,78
60,78
60,78
60,78
60,78
60,78
60,79
60,79
60,79
60,79
60,79
60,79
61,79
61,79
61,79
61,79
61,79
61,79
61,78
61,78
61,78
61,78
61,78
61,78
61,78
62,79
62,79
62,79
62,79
62,79
62,79
63,78
63,78
63,78
63,78
63,78
63,78
63,78
63,78
63,78
63,78
63,78
63,78
64,78
64,78
64,78
64,78
64,78
64,78
64,78
65,79
65,79
65,79
65,79
65,79
65,79
65,78
65,78
65,78
65,78
65,78
65,78
66,78
66,78
66,78
66,78
66,78
66,78
66,78
66,78
66,78
66,78
66,78
66,78
66,78
67,78
67,78
67,78
67,78
67,78
67,78
68,78
68,78
68,78
68,78
68,78
68,78
68,78
68,78
68,78
68,78
68,78
68,78
68,78
69,78
69,78
69,78
69,78
69,78
69,78
70,78
70,78
70,78
70,78
70,78
70,78
70,79
70,79
70,79
70,79
70,79
70,79
70,79
71,78
71,78
71,78
71,78
71,78
71,78
72,78
72,78
72,78
72,78
72,78
72,78
72,78
72,78
72,78
72,78
72,78
72,78
72,78
73,78
73,78
73,78
73,78
73,78
73,78
73,79
73,79
73,79
73,79
73,79
73,79
74,78
74,78
74,78
74,78
74,78
74,78
75,78
75,78
75,78
75,78
75,78
75,78
75,78
75,78
75,78
75,78
75,78
75,78
75,78
76,78
76,78
76,78
76,78
76,78
76,78
77,78
77,78
77,78
77,78
77,78
77,78
77,78
77,78
77,78
77,78
77,78
77,78
77,78
78,78
78,78
78,78
78,78
78,78
78,78
78,78
78,78
78,78
78,78
78,78
78,78
78,78
79,78
79,78
79,78
79,78
79,78
79,78
80,78
80,78
80,78
80,78
80,78
80,78
80,79
80,79
80,79
80,79
80,79
80,79
80,79
81,79
81,79
81,79
81,79
81,79
81,79
82,78
82,78
82,78
82,78
82,78
82,78
82,79
82,79
82,79
82,79
82,79
82,79
83,79
83,79
83,79
83,79
83,79
83,79
83,79
84,78
84,78
84,78
84,78
84,78
84,78
84,78
84,78
84,78
84,78
84,78
84,78
85,78
85,78
85,78
85,78
85,78
85,78
85,78
85,78
85,78
85,78
85,78
85,78
85,78
86,79
86,79
86,79
86,79
86,79
86,79
87,78
87,78
87,78
87,78
87,78
87,78
87,78
87,78
87,78
87,78
87,78
87,78
87,78
88,78
88,78
88,78
88,78
88,78
88,78
89,78
89,78
89,78
89,78
89,78
89,78
89,78
89,78
89,78
89,78
89,78
89,78
89,78
90,78
90,78
90,78
90,78
90,78
90,78
90,78
90,78
90,78
90,78
90,78
90,78
91,78
91,78
91,78
91,78
91,78
91,78
91,78
92,79
92,79
92,79
92,79
92,79
92,79
92,78
92,78
92,78
92,78
92,78
92,78
93,78
93,78
93,78
93,78
93,78
93,78
93,78
94,78
94,78
94,78
94,78
94,78
94,78
94,78
94,78
94,78
94,78
94,78
94,78
95,78
95,78
95,78
95,78
95,78
95,78
96,78
96,78
96,78
96,78
96,78
96,78
96,78
96,78
96,78
96,78
96,78
96,78
96,78
97,78
97,78
97,78
97,78
97,78
97,78
97,78
97,78
97,78
97,78
97,78
97,78
97,78
98,78
98,78
98,78
98,78
98,78
98,78
99,78
99,78
99,78
99,78
99,78
99,78
99,78
99,78
99,78
99,78
99,78
99,78
100,78
100,78
100,78
100,78
100,78
100,78
100,78
101,78
101,78
101,78
101,78
101,78
101,78
101,78
101,78
101,78
101,78
101,78
101,78
102,78
102,78
102,78
102,78
102,78
102,78
102,78
102,78
102,78
102,78
102,78
102,78
102,78
103,78
103,78
103,78
103,78
103,78
103,78
104,78
104,78
104,78
104,78
104,78
104,78
104,78
104,78
104,78
104,78
104,78
104,78
104,78
105,78
105,78
105,78
105,78
105,78
105,78
106,79
106,79
106,79
106,79
106,79
106,79
106,79
106,79
106,79
106,79
106,79
106,79
106,79
107,79
107,79
107,79
107,79
107,79
107,79
108,78
108,78
108,78
108,78
108,78
108,78
108,78
108,78
108,78
108,78
108,78
108,78
108,78
109,78
109,78
109,78
109,78
109,78
109,78
109,78
109,78
109,78
109,78
109,78
109,78
110,79
110,79
110,79
110,79
110,79
110,79
110,79
111,78
111,78
111,78
111,78
111,78
111,78
111,78
111,78
111,78
111,78
111,78
111,78
112,78
112,78
112,78
112,78
112,78
112,78
113,79
113,79
113,79
113,79
113,79
113,79
113,79
113,78
113,78
113,78
113,78
113,78
113,78
114,79
114,79
114,79
114,79
114,79
114,79
114,78
114,78
114,78
114,78
114,78
114,78
114,78
115,78
115,78
115,78
115,78
115,78
115,78
116,78
116,78
116,78
116,78
116,78
116,78
116,79
116,79
116,79
116,79
116,79
116,79
117,78
117,78
117,78
117,78
117,78
117,78
117,78
118,79
118,79
118,79
118,79
118,79
118,79
118,78
118,78
118,78
118,78
118,78
118,78
119,79
119,79
119,79
119,79
119,79
119,79
119,79
120,78
120,78
120,78
120,78
120,78
120,78
120,78
120,78
120,78
120,78
120,78
120,78
121,79
121,79
121,79
121,79
121,79
121,79
121,79
121,78
121,78
121,78
121,78
121,78
121,78
122,78
122,78
122,78
122,78
122,78
122,78
123,78
123,78
123,78
123,78
123,78
123,78
123,79
123,79
123,79
123,79
123,79
123,79
123,79
124,79
124,79
124,79
124,79
124,79
124,79
125,78
125,78
125,78
125,78
125,78
125,78
125,78
125,78
125,78
125,78
125,78
125,78
125,78
126,79
126,79
126,79
126,79
126,79
126,79
126,78
126,78
126,78
126,78
126,78
126,78
127,79
127,79
127,79
127,79
127,79
127,79
128,78
128,78
128,78
128,78
128,78
128,78
128,78
128,78
128,78
128,78
128,78
128,78
128,78
129,79
129,79
129,79
129,79
129,79
129,79
130,78
130,78
130,78
130,78
130,78
130,78
130,78
130,79
130,79
130,79
130,79
130,79
130,79
131,78
131,78
131,78
131,78
131,78
131,78
131,78
131,78
131,78
131,78
131,78
131,78
131,78
132,78
132,78
132,78
132,78
132,78
132,78
133,78
133,78
133,78
133,78
133,78
133,78
133,78
133,78
133,78
133,78
133,78
133,78
134,79
134,79
134,79
134,79
134,79
134,79
134,79
135,78
135,78
135,78
135,78
135,78
135,78
135,79
135,79
135,79
135,79
135,79
135,79
136,79
136,79
136,79
136,79
136,79
136,79
136,79
137,78
137,78
137,78
137,78
137,78
137,78
137,78
137,78
137,78
137,78
137,78
137,78
138,78
138,78
138,78
138,78
138,78
138,78
138,78
138,78
138,78
138,78
138,78
138,78
138,78
139,78
139,78
139,78
139,78
139,78
139,78
140,78
140,78
140,78
140,78
140,78
140,78
140,78
140,78
140,78
140,78
140,78
140,78
140,78
141,78
141,78
141,78
141,78
141,78
141,78
142,78
142,78
142,78
142,78
142,78
142,78
142,78
142,78
142,78
142,78
142,78
142,78
142,78
143,78
143,78
143,78
143,78
143,78
143,78
143,78
143,78
143,78
143,78
143,78
143,78
144,78
144,78
144,78
144,78
144,78
144,78
145,78
145,78
145,78
145,78
145,78
145,78
145,78
145,78
145,78
145,78
145,78
145,78
145,78
146,78
146,78
146,78
146,78
146,78
146,78
147,78
147,78
147,78
147,78
147,78
147,78
147,78
147,78
147,78
147,78
147,78
147,78
147,78
148,78
148,78
148,78
148,78
148,78
148,78
149,78
149,78
149,78
149,78
149,78
149,78
149,78
149,78
149,78
149,78
149,78
149,78
149,78
150,78
150,78
150,78
150,78
150,78
150,78
150,78
150,78
150,78
150,78
150,78
150,78
151,78
151,78
151,78
151,78
151,78
151,78
151,78
152,78
152,78
152,78
152,78
152,78
152,78
152,78
152,78
152,78
152,78
152,78
152,78
153,78
153,78
153,78
153,78
153,78
153,78
153,78
154,78
154,78
154,78
154,78
154,78
154,78
154,78
154,78
154,78
154,78
154,78
154,78
155,78
155,78
155,78
155,78
155,78
155,78
155,78
155,78
155,78
155,78
155,78
155,78
155,78
156,79
156,79
156,79
156,79
156,79
156,79
157,79
157,79
157,79
157,79
157,79
157,79
157,78
157,78
157,78
157,78
157,78
157,78
157,78
158,79
158,79
158,79
158,79
158,79
158,79
159,78
159,78
159,78
159,78
159,78
159,78
159,79
159,79
159,79
159,79
159,79
159,79
160,78
160,78
160,78
160,78
160,78
160,78
160,78
161,78
161,78
161,78
161,78
161,78
161,78
161,78
161,78
161,78
161,78
161,78
161,78
162,78
162,78
162,78
162,78
162,78
162,78
162,78
162,78
162,78
162,78
162,78
162,78
162,78
163,79
163,79
163,79
163,79
163,79
163,79
164,78
164,78
164,78
164,78
164,78
164,78
164,78
164,78
164,78
164,78
164,78
164,78
164,78
165,79
165,79
165,79
165,79
165,79
165,79
166,78
166,78
166,78
166,78
166,78
166,78
166,78
166,78
166,78
166,78
166,78
166,78
166,78
167,79
167,79
167,79
167,79
167,79
167,79
167,78
167,78
167,78
167,78
167,78
167,78
168,78
168,78
168,78
168,78
168,78
168,78
168,78
169,78
169,78
169,78
169,78
169,78
169,78
169,78
169,78
169,78
169,78
169,78
169,78
170,78
170,78
170,78
170,78
170,78
170,78
170,78
171,78
171,78
171,78
171,78
171,78
171,78
171,78
171,78
171,78
171,78
171,78
171,78
172,78
172,78
172,78
172,78
172,78
172,78
173,78
173,78
173,78
173,78
173,78
173,78
173,78
173,78
173,78
173,78
173,78
173,78
173,78
174,78
174,78
174,78
174,78
174,78
174,78
174,78
174,78
174,78
174,78
174,78
174,78
174,78
175,78
175,78
175,78
175,78
175,78
175,78
176,78
176,78
176,78
176,78
176,78
176,78
176,78
176,78
176,78
176,78
176,78
176,78
176,78
177,78
177,78
177,78
177,78
177,78
177,78
178,78
178,78
178,78
178,78
178,78
178,78
178,78
178,78
178,78
178,78
178,78
178,78
179,78
179,78
179,78
179,78
179,78
179,78
179,78
179,78
179,78
179,78
179,78
179,78
179,78
180,78
180,78
180,78
180,78
180,78
180,78
181,79
181,79
181,79
181,79
181,79
181,79
181,79
181,78
181,78
181,78
181,78
181,78
181,78
182,79
182,79
182,79
182,79
182,79
182,79
183,78
183,78
183,78
183,78
183,78
183,78
183,78
183,78
183,78
183,78
183,78
183,78
183,78
184,78
184,78
184,78
184,78
184,78
184,78
184,78
184,78
184,78
184,78
184,78
184,78
185,78
185,78
185,78
185,78
185,78
185,78
185,78
186,78
186,78
186,78
186,78
186,78
186,78
186,78
186,78
186,78
186,78
186,78
186,78
187,78
187,78
187,78
187,78
187,78
187,78
187,78
188,78
188,78
188,78
188,78
188,78
188,78
188,78
188,78
188,78
188,78
188,78
188,78
189,79
189,79
189,79
189,79
189,79
189,79
190,78
190,78
190,78
190,78
190,78
190,78
190,78
190,78
190,78
190,78
190,78
190,78
190,78
191,78
191,78
191,78
191,78
191,78
191,78
191,78
191,78
191,78
191,78
191,78
191,78
191,78
192,78
192,78
192,78
192,78
192,78
192,78
193,78
193,78
193,78
193,78
193,78
193,78
193,78
193,78
193,78
193,78
193,78
193,78
193,78
194,78
194,78
194,78
194,78
194,78
194,78
195,78
195,78
195,78
195,78
195,78
195,78
195,78
195,78
195,78
195,78
195,78
195,78
196,78
196,78
196,78
196,78
196,78
196,78
196,78
196,78
196,78
196,78
196,78
196,78
196,78
197,78
197,78
197,78
197,78
197,78
197,78
198,78
198,78
198,78
198,78
198,78
198,78
198,78
198,78
198,78
198,78
198,78
198,78
198,78
199,78
199,78
199,78
199,78
199,78
199,78
200,78
200,78
200,78
200,78
200,78
200,78
200,78
200,78
200,78
200,78
200,78
200,78
200,78
201,78
201,78
201,78
201,78
201,78
201,78
202,78
202,78
202,78
202,78
202,78
202,78
202,78
202,78
202,78
202,78
202,78
202,78
202,78
203,78
203,78
203,78
203,78
203,78
203,78
203,78
203,78
203,78
203,78
203,78
203,78
204,78
204,78
204,78
204,78
204,78
204,78
204,78
205,78
205,78
205,78
205,78
205,78
205,78
205,79
205,79
205,79
205,79
205,79
205,79
206,78
206,78
206,78
206,78
206,78
206,78
207,78
207,78
207,78
207,78
207,78
207,78
207,78
207,78
207,78
207,78
207,78
207,78
207,78
208,78
208,78
208,78
208,78
208,78
208,78
208,78
208,78
208,78
208,78
208,78
208,78
208,78
209,78
209,78
209,78
209,78
209,78
209,78
210,78
210,78
210,78
210,78
210,78
210,78
210,78
210,78
210,78
210,78
210,78
210,78
210,78
211,78
211,78
211,78
211,78
211,78
211,78
212,78
212,78
212,78
212,78
212,78
212,78
212,78
212,78
212,78
212,78
212,78
212,78
213,79
213,79
213,79
213,79
213,79
213,79
213,79
214,78
214,78
214,78
214,78
214,78
214,78
214,79
214,79
214,79
214,79
214,79
214,79
215,78
215,78
215,78
215,78
215,78
215,78
215,78
215,78
215,78
215,78
215,78
215,78
215,78
216,78
216,78
216,78
216,78
216,78
216,78
217,78
217,78
217,78
217,78
217,78
217,78
217,78
217,78
217,78
217,78
217,78
217,78
217,78
218,78
218,78
218,78
218,78
218,78
218,78
219,78
219,78
219,78
219,78
219,78
219,78
219,78
219,78
219,78
219,78
219,78
219,78
219,78
220,78
220,78
220,78
220,78
220,78
220,78
220,78
220,78
220,78
220,78
220,78
220,78
221,79
221,79
221,79
221,79
221,79
221,79
221,79
222,78
222,78
222,78
222,78
222,78
222,78
222,78
222,78
222,78
222,78
222,78
222,78
223,78
223,78
223,78
223,78
223,78
223,78
224,78
224,78
224,78
224,78
224,78
224,78
224,78
224,78
224,78
224,78
224,78
224,78
224,78
225,78
225,78
225,78
225,78
225,78
225,78
226,78
226,78
226,78
226,78
226,78
226,78
226,78
226,78
226,78
226,78
226,78
226,78
226,78
227,78
227,78
227,78
227,78
227,78
227,78
227,78
227,78
227,78
227,78
227,78
227,78
227,78
228,78
228,78
228,78
228,78
228,78
228,78
229,78
229,78
229,78
229,78
229,78
229,78
229,78
229,78
229,78
229,78
229,78
229,78
230,78
230,78
230,78
230,78
230,78
230,78
230,78
231,78
231,78
231,78
231,78
231,78
231,78
231,78
231,78
231,78
231,78
231,78
231,78
232,78
232,78
232,78
232,78
232,78
232,78
232,78
232,78
232,78
232,78
232,78
232,78
232,78
233,79
233,79
233,79
233,79
233,79
233,79
234,78
234,78
234,78
234,78
234,78
234,78
234,78
234,78
234,78
234,78
234,78
234,78
234,78
235,78
235,78
235,78
235,78
235,78
235,78
236,78
236,78
236,78
236,78
236,78
236,78
236,78
236,78
236,78
236,78
236,78
236,78
236,78
237,78
237,78
237,78
237,78
237,78
237,78
237,78
237,78
237,78
237,78
237,78
237,78
238,78
238,78
238,78
238,78
238,78
238,78
238,78
239,78
239,78
239,78
239,78
239,78
239,78
239,78
239,78
239,78
239,78
239,78
239,78
240,78
240,78
240,78
240,78
240,78
240,78
241,78
241,78
241,78
241,78
241,78
241,78
241,78
241,78
241,78
241,78
241,78
241,78
241,78
242,78
242,78
242,78
242,78
242,78
242,78
243,78
243,78
243,78
243,78
243,78
243,78
243,78
243,78
243,78
243,78
243,78
243,78
243,78
244,79
244,79
244,79
244,79
244,79
244,79
244,78
244,78
244,78
244,78
244,78
244,78
245,78
245,78
245,78
245,78
245,78
245,78
245,78
246,78
246,78
246,78
246,78
246,78
246,78
246,78
246,78
246,78
246,78
246,78
246,78
247,78
247,78
247,78
247,78
247,78
247,78
247,78
248,79
248,79
248,79
248,79
248,79
248,79
248,78
248,78
248,78
248,78
248,78
248,78
249,78
249,78
249,78
249,78
249,78
249,78
249,78
249,78
249,78
249,78
249,78
249,78
249,78
250,78
250,78
250,78
250,78
250,78
250,78
251,78
251,78
251,78
251,78
251,78
251,78
251,78
251,78
251,78
251,78
251,78
251,78
251,78
252,78
252,78
252,78
252,78
252,78
252,78
253,78
253,78
253,78
253,78
253,78
253,78
253,78
253,78
253,78
253,78
253,78
253,78
253,78
254,78
254,78
254,78
254,78
254,78
254,78
255,78
255,78
255,78
255,78
255,78
255,78
255,78
255,78
255,78
255,78
255,78
255,78
256,78
256,78
256,78
256,78
256,78
256,78
256,78
256,78
256,78
256,78
256,78
256,78
256,78
257,78
257,78
257,78
257,78
257,78
257,78
258,78
258,78
258,78
258,78
258,78
258,78
258,78
258,78
258,78
258,78
258,78
258,78
258,78
259,78
259,78
259,78
259,78
259,78
259,78
260,78
260,78
260,78
260,78
260,78
260,78
260,78
260,78
260,78
260,78
260,78
260,78
260,78
261,78
261,78
261,78
261,78
261,78
261,78
261,78
261,78
261,78
261,78
261,78
261,78
262,78
262,78
262,78
262,78
262,78
262,78
262,78
263,78
263,78
263,78
263,78
263,78
263,78
263,78
263,78
263,78
263,78
263,78
263,78
264,78
264,78
264,78
264,78
264,78
264,78
264,78
265,78
265,78
265,78
265,78
265,78
265,78
265,78
265,78
265,78
265,78
265,78
265,78
266,78
266,78
266,78
266,78
266,78
266,78
266,78
267,78
267,78
267,78
267,78
267,78
267,78
267,78
267,78
267,78
267,78
267,78
267,78
268,78
268,78
268,78
268,78
268,78
268,78
268,78
268,78
268,78
268,78
268,78
268,78
268,78
269,78
269,78
269,78
269,78
269,78
269,78
270,78
270,78
270,78
270,78
270,78
270,78
270,78
270,78
270,78
270,78
270,78
270,78
270,78
271,78
271,78
271,78
271,78
271,78
271,78
272,78
272,78
272,78
272,78
272,78
272,78
272,78
272,78
272,78
272,78
272,78
272,78
273,78
273,78
273,78
273,78
273,78
273,78
273,78
273,78
273,78
273,78
273,78
273,78
273,78
274,78
274,78
274,78
274,78
274,78
274,78
275,78
275,78
275,78
275,78
275,78
275,78
275,78
275,78
275,78
275,78
275,78
275,78
275,78
276,78
276,78
276,78
276,78
276,78
276,78
277,78
277,78
277,78
277,78
277,78
277,78
277,78
277,78
277,78
277,78
277,78
277,78
277,78
278,78
278,78
278,78
278,78
278,78
278,78
279,78
279,78
279,78
279,78
279,78
279,78
279,78
279,78
279,78
279,78
279,78
279,78
279,78
280,79
280,79
280,79
280,79
280,79
280,79
280,78
280,78
280,78
280,78
280,78
280,78
281,78
281,78
281,78
281,78
281,78
281,78
281,78
282,78
282,78
282,78
282,78
282,78
282,78
282,78
282,78
282,78
282,78
282,78
282,78
283,78
283,78
283,78
283,78
283,78
283,78
283,78
284,78
284,78
284,78
284,78
284,78
284,78
284,78
284,78
284,78
284,78
284,78
284,78
285,78
285,78
285,78
285,78
285,78
285,78
285,78
285,78
285,78
285,78
285,78
285,78
285,78
286,78
286,78
286,78
286,78
286,78
286,78
287,78
287,78
287,78
287,78
287,78
287,78
287,78
287,78
287,78
287,78
287,78
287,78
287,78
288,78
288,78
288,78
288,78
288,78
288,78
289,78
289,78
289,78
289,78
289,78
289,78
289,78
289,78
289,78
289,78
289,78
289,78
289,78
290,77
290,77
290,77
290,77
290,77
290,77
291,78
291,78
291,78
291,78
291,78
291,78
291,78
291,78
291,78
291,78
291,78
291,78
292,78
292,78
292,78
292,78
292,78
292,78
292,78
292,78
292,78
292,78
292,78
292,78
292,78
293,78
293,78
293,78
293,78
293,78
293,78
294,78
294,78
294,78
294,78
294,78
294,78
294,78
294,78
294,78
294,78
294,78
294,78
294,78
295,78
295,78
295,78
295,78
295,78
295,78
296,78
296,78
296,78
296,78
296,78
296,78
296,78
296,78
296,78
296,78
296,78
296,78
296,78
297,78
297,78
297,78
297,78
297,78
297,78
297,78
297,78
297,78
297,78
297,78
297,78
298,78
298,78
298,78
298,78
298,78
298,78
298,78
299,78
299,78
299,78
299,78
299,78
299,78
299,78
299,78
299,78
299,78
299,78
299,78
300,78
300,78
300,78
300,78
300,78
300,78
300,78
301,78
301,78
301,78
301,78
301,78
301,78
301,78
301,78
301,78
301,78
301,78
301,78
302,78
302,78
302,78
302,78
302,78
302,78
302,78
302,78
302,78
302,78
302,78
302,78
302,78
303,78
303,78
303,78
303,78
303,78
303,78
304,78
304,78
304,78
304,78
304,78
304,78
304,78
304,78
304,78
304,78
304,78
304,78
304,78
305,78
305,78
305,78
305,78
305,78
305,78
306,78
306,78
306,78
306,78
306,78
306,78
306,78
306,78
306,78
306,78
306,78
306,78
306,78
307,78
307,78
307,78
307,78
307,78
307,78
308,78
308,78
308,78
308,78
308,78
308,78
308,78
308,78
308,78
308,78
308,78
308,78
309,78
309,78
309,78
309,78
309,78
309,78
309,78
309,78
309,78
309,78
309,78
309,78
309,78
310,78
310,78
310,78
310,78
310,78
310,78
311,79
311,79
311,79
311,79
311,79
311,79
311,79
311,78
311,78
311,78
311,78
311,78
311,78
312,78
312,78
312,78
312,78
312,78
312,78
313,78
313,78
313,78
313,78
313,78
313,78
313,78
313,78
313,78
313,78
313,78
313,78
313,78
314,78
314,78
314,78
314,78
314,78
314,78
314,78
314,78
314,78
314,78
314,78
314,78
315,78
315,78
315,78
315,78
315,78
315,78
315,78
316,78
316,78
316,78
316,78
316,78
316,78
316,78
316,78
316,78
316,78
316,78
316,78
317,78
317,78
317,78
317,78
317,78
317,78
317,78
318,78
318,78
318,78
318,78
318,78
318,78
318,78
318,78
318,78
318,78
318,78
318,78
319,78
319,78
319,78
319,78
319,78
319,78
320,78
320,78
320,78
320,78
320,78
320,78
320,78
320,78
320,78
320,78
320,78
320,78
320,78
321,78
321,78
321,78
321,78
321,78
321,78
321,78
321,78
321,78
321,78
321,78
321,78
321,78
322,78
322,78
322,78
322,78
322,78
322,78
323,78
323,78
323,78
323,78
323,78
323,78
323,78
323,78
323,78
323,78
323,78
323,78
323,78
324,78
324,78
324,78
324,78
324,78
324,78
325,78
325,78
325,78
325,78
325,78
325,78
325,78
325,78
325,78
325,78
325,78
325,78
326,78
326,78
326,78
326,78
326,78
326,78
326,78
326,78
326,78
326,78
326,78
326,78
326,78
327,78
327,78
327,78
327,78
327,78
327,78
328,78
328,78
328,78
328,78
328,78
328,78
328,78
328,78
328,78
328,78
328,78
328,78
328,78
329,78
329,78
329,78
329,78
329,78
329,78
330,78
330,78
330,78
330,78
330,78
330,78
330,78
330,78
330,78
330,78
330,78
330,78
330,78
331,78
331,78
331,78
331,78
331,78
331,78
332,77
332,77
332,77
332,77
332,77
332,77
332,78
332,78
332,78
332,78
332,78
332,78
332,78
333,78
333,78
333,78
333,78
333,78
333,78
333,78
333,78
333,78
333,78
333,78
333,78
334,78
334,78
334,78
334,78
334,78
334,78
334,78
335,79
335,79
335,79
335,79
335,79
335,79
335,77
335,77
335,77
335,77
335,77
335,77
336,78
336,78
336,78
336,78
336,78
336,78
337,78
337,78
337,78
337,78
337,78
337,78
337,78
337,78
337,78
337,78
337,78
337,78
337,78
338,78
338,78
338,78
338,78
338,78
338,78
338,78
338,78
338,78
338,78
338,78
338,78
338,78
339,78
339,78
339,78
339,78
339,78
339,78
340,78
340,78
340,78
340,78
340,78
340,78
340,78
340,78
340,78
340,78
340,78
340,78
340,78
341,78
341,78
341,78
341,78
341,78
341,78
342,78
342,78
342,78
342,78
342,78
342,78
342,78
342,78
342,78
342,78
342,78
342,78
343,78
343,78
343,78
343,78
343,78
343,78
343,78
344,78
344,78
344,78
344,78
344,78
344,78
344,78
344,78
344,78
344,78
344,78
344,78
345,78
345,78
345,78
345,78
345,78
345,78
345,78
345,78
345,78
345,78
345,78
345,78
345,78
346,78
346,78
346,78
346,78
346,78
346,78
347,78
347,78
347,78
347,78
347,78
347,78
347,78
347,78
347,78
347,78
347,78
347,78
347,78
348,78
348,78
348,78
348,78
348,78
348,78
349,78
349,78
349,78
349,78
349,78
349,78
349,78
349,78
349,78
349,78
349,78
349,78
349,78
350,78
350,78
350,78
350,78
350,78
350,78
350,78
350,78
350,78
350,78
350,78
350,78
351,78
351,78
351,78
351,78
351,78
351,78
351,78
352,78
352,78
352,78
352,78
352,78
352,78
352,78
352,78
352,78
352,78
352,78
352,78
353,78
353,78
353,78
353,78
353,78
353,78
354,78
354,78
354,78
354,78
354,78
354,78
354,78
354,78
354,78
354,78
354,78
354,78
354,78
355,78
355,78
355,78
355,78
355,78
355,78
355,78
355,78
355,78
355,78
355,78
355,78
355,78
356,78
356,78
356,78
356,78
356,78
356,78
357,78
357,78
357,78
357,78
357,78
357,78
357,78
357,78
357,78
357,78
357,78
357,78
357,78
358,78
358,78
358,78
358,78
358,78
358,78
359,78
359,78
359,78
359,78
359,78
359,78
359,77
359,77
359,77
359,77
359,77
359,77
360,78
360,78
360,78
360,78
360,78
360,78
360,78
361,78
361,78
361,78
361,78
361,78
361,78
361,78
361,78
361,78
361,78
361,78
361,78
362,78
362,78
362,78
362,78
362,78
362,78
362,78
362,78
362,78
362,78
362,78
362,78
362,78
363,78
363,78
363,78
363,78
363,78
363,78
364,78
364,78
364,78
364,78
364,78
364,78
364,78
364,78
364,78
364,78
364,78
364,78
364,78
365,78
365,78
365,78
365,78
365,78
365,78
366,78
366,78
366,78
366,78
366,78
366,78
366,78
366,78
366,78
366,78
366,78
366,78
366,78
367,78
367,78
367,78
367,78
367,78
367,78
367,78
367,78
367,78
367,78
367,78
367,78
368,78
368,78
368,78
368,78
368,78
368,78
368,78
369,78
369,78
369,78
369,78
369,78
369,78
369,78
369,78
369,78
369,78
369,78
369,78
370,78
370,78
370,78
370,78
370,78
370,78
371,78
371,78
371,78
371,78
371,78
371,78
371,78
371,78
371,78
371,78
371,78
371,78
371,78
372,78
372,78
372,78
372,78
372,78
372,78
373,77
373,77
373,77
373,77
373,77
373,77
373,77
373,78
373,78
373,78
373,78
373,78
373,78
374,78
374,78
374,78
374,78
374,78
374,78
374,78
374,78
374,78
374,78
374,78
374,78
375,78
375,78
375,78
375,78
375,78
375,78
375,78
376,78
376,78
376,78
376,78
376,78
376,78
376,78
376,78
376,78
376,78
376,78
376,78
377,78
377,78
377,78
377,78
377,78
377,78
377,78
378,78
378,78
378,78
378,78
378,78
378,78
378,78
378,78
378,78
378,78
378,78
378,78
379,78
379,78
379,78
379,78
379,78
379,78
379,78
379,78
379,78
379,78
379,78
379,78
379,78
380,78
380,78
380,78
380,78
380,78
380,78
381,78
381,78
381,78
381,78
381,78
381,78
381,78
381,78
381,78
381,78
381,78
381,78
381,78
382,77
382,77
382,77
382,77
382,77
382,77
383,78
383,78
383,78
383,78
383,78
383,78
383,78
383,78
383,78
383,78
383,78
383,78
383,78
384,78
384,78
384,78
384,78
384,78
384,78
385,78
385,78
385,78
385,78
385,78
385,78
385,78
385,78
385,78
385,78
385,78
385,78
386,78
386,78
386,78
386,78
386,78
386,78
386,78
386,78
386,78
386,78
386,78
386,78
386,78
387,78
387,78
387,78
387,78
387,78
387,78
388,78
388,78
388,78
388,78
388,78
388,78
388,78
388,78
388,78
388,78
388,78
388,78
388,78
389,78
389,78
389,78
389,78
389,78
389,78
390,78
390,78
390,78
390,78
390,78
390,78
390,78
390,78
390,78
390,78
390,78
390,78
390,78
391,78
391,78
391,78
391,78
391,78
391,78
391,78
391,78
391,78
391,78
391,78
391,78
392,77
392,77
392,77
392,77
392,77
392,77
392,77
393,77
393,77
393,77
393,77
393,77
393,77
393,77
393,77
393,77
393,77
393,77
393,77
394,78
394,78
394,78
394,78
394,78
394,78
394,78
395,77
395,77
395,77
395,77
395,77
395,77
395,78
395,78
395,78
395,78
395,78
395,78
396,77
396,77
396,77
396,77
396,77
396,77
396,77
397,78
397,78
397,78
397,78
397,78
397,78
397,78
397,78
397,78
397,78
397,78
397,78
398,78
398,78
398,78
398,78
398,78
398,78
398,78
398,78
398,78
398,78
398,78
398,78
398,78
399,78
399,78
399,78
399,78
399,78
399,78
400,78
400,78
400,78
400,78
400,78
400,78
400,78
400,78
400,78
400,78
400,78
400,78
400,78
401,78
401,78
401,78
401,78
401,78
401,78
402,78
402,78
402,78
402,78
402,78
402,78
402,78
402,78
402,78
402,78
402,78
402,78
402,78
403,78
403,78
403,78
403,78
403,78
403,78
403,78
403,78
403,78
403,78
403,78
403,78
404,78
404,78
404,78
404,78
404,78
404,78
405,78
405,78
405,78
405,78
405,78
405,78
405,78
405,78
405,78
405,78
405,78
405,78
405,78
406,78
406,78
406,78
406,78
406,78
406,78
407,78
407,78
407,78
407,78
407,78
407,78
407,78
407,78
407,78
407,78
407,78
407,78
407,78
408,78
408,78
408,78
408,78
408,78
408,78
409,78
409,78
409,78
409,78
409,78
409,78
409,78
409,78
409,78
409,78
409,78
409,78
409,78
410,78
410,78
410,78
410,78
410,78
410,78
410,78
410,78
410,78
410,78
410,78
410,78
411,78
411,78
411,78
411,78
411,78
411,78
411,78
412,78
412,78
412,78
412,78
412,78
412,78
412,78
412,78
412,78
412,78
412,78
412,78
413,78
413,78
413,78
413,78
413,78
413,78
413,78
414,78
414,78
414,78
414,78
414,78
414,78
414,78
414,78
414,78
414,78
414,78
414,78
415,78
415,78
415,78
415,78
415,78
415,78
415,77
415,77
415,77
415,77
415,77
415,77
415,77
416,78
416,78
416,78
416,78
416,78
416,78
417,77
417,77
417,77
417,77
417,77
417,77
417,78
417,78
417,78
417,78
417,78
417,78
417,78
418,78
418,78
418,78
418,78
418,78
418,78
419,78
419,78
419,78
419,78
419,78
419,78
419,78
419,78
419,78
419,78
419,78
419,78
419,78
420,78
420,78
420,78
420,78
420,78
420,78
420,78
420,78
420,78
420,78
420,78
420,78
421,78
421,78
421,78
421,78
421,78
421,78
422,78
422,78
422,78
422,78
422,78
422,78
422,78
422,77
422,77
422,77
422,77
422,77
422,77
423,78
423,78
423,78
423,78
423,78
423,78
424,78
424,78
424,78
424,78
424,78
424,78
424,78
424,78
424,78
424,78
424,78
424,78
424,78
425,77
425,77
425,77
425,77
425,77
425,77
426,78
426,78
426,78
426,78
426,78
426,78
426,78
426,78
426,78
426,78
426,78
426,78
426,78
427,77
427,77
427,77
427,77
427,77
427,77
427,78
427,78
427,78
427,78
427,78
427,78
428,77
428,77
428,77
428,77
428,77
428,77
428,77
429,78
429,78
429,78
429,78
429,78
429,78
429,78
429,78
429,78
429,78
429,78
429,78
430,78
430,78
430,78
430,78
430,78
430,78
430,78
431,77
431,77
431,77
431,77
431,77
431,77
431,78
431,78
431,78
431,78
431,78
431,78
432,78
432,78
432,78
432,78
432,78
432,78
432,78
432,78
432,78
432,78
432,78
432,78
432,78
433,78
433,78
433,78
433,78
433,78
433,78
434,77
434,77
434,77
434,77
434,77
434,77
434,78
434,78
434,78
434,78
434,78
434,78
434,78
435,78
435,78
435,78
435,78
435,78
435,78
436,78
436,78
436,78
436,78
436,78
436,78
436,77
436,77
436,77
436,77
436,77
436,77
436,77
437,78
437,78
437,78
437,78
437,78
437,78
438,77
438,77
438,77
438,77
438,77
438,77
438,78
438,78
438,78
438,78
438,78
438,78
439,77
439,77
439,77
439,77
439,77
439,77
439,77
439,78
439,78
439,78
439,78
439,78
439,78
440,78
440,78
440,78
440,78
440,78
440,78
441,78
441,78
441,78
441,78
441,78
441,78
441,78
441,78
441,78
441,78
441,78
441,78
441,78
442,77
442,77
442,77
442,77
442,77
442,77
443,78
443,78
443,78
443,78
443,78
443,78
443,78
443,78
443,78
443,78
443,78
443,78
443,78
444,78
444,78
444,78
444,78
444,78
444,78
444,77
444,77
444,77
444,77
444,77
444,77
445,78
445,78
445,78
445,78
445,78
445,78
445,78
446,78
446,78
446,78
446,78
446,78
446,78
446,78
446,78
446,78
446,78
446,78
446,78
447,77
447,77
447,77
447,77
447,77
447,77
447,77
448,78
448,78
448,78
448,78
448,78
448,78
448,77
448,77
448,77
448,77
448,77
448,77
449,78
449,78
449,78
449,78
449,78
449,78
450,77
450,77
450,77
450,77
450,77
450,77
450,77
450,77
450,77
450,77
450,77
450,77
450,77
451,77
451,77
451,77
451,77
451,77
451,77
451,77
451,77
451,77
451,77
451,77
451,77
451,77
452,78
452,78
452,78
452,78
452,78
452,78
453,78
453,78
453,78
453,78
453,78
453,78
453,78
453,78
453,78
453,78
453,78
453,78
453,78
454,78
454,78
454,78
454,78
454,78
454,78
455,78
455,78
455,78
455,78
455,78
455,78
455,78
455,78
455,78
455,78
455,78
455,78
456,78
456,78
456,78
456,78
456,78
456,78
456,78
456,77
456,77
456,77
456,77
456,77
456,77
457,78
457,78
457,78
457,78
457,78
457,78
458,77
458,77
458,77
458,77
458,77
458,77
458,77
458,78
458,78
458,78
458,78
458,78
458,78
459,78
459,78
459,78
459,78
459,78
459,78
460,78
460,78
460,78
460,78
460,78
460,78
460,78
460,78
460,78
460,78
460,78
460,78
460,78
461,78
461,78
461,78
461,78
461,78
461,78
462,78
462,78
462,78
462,78
462,78
462,78
462,78
462,78
462,78
462,78
462,78
462,78
462,78
463,78
463,78
463,78
463,78
463,78
463,78
463,77
463,77
463,77
463,77
463,77
463,77
464,78
464,78
464,78
464,78
464,78
464,78
464,78
465,78
465,78
465,78
465,78
465,78
465,78
465,78
465,78
465,78
465,78
465,78
465,78
466,78
466,78
466,78
466,78
466,78
466,78
467,78
467,78
467,78
467,78
467,78
467,78
467,78
467,77
467,77
467,77
467,77
467,77
467,77
468,77
468,77
468,77
468,77
468,77
468,77
468,77
468,77
468,77
468,77
468,77
468,77
468,77
469,78
469,78
469,78
469,78
469,78
469,78
470,78
470,78
470,78
470,78
470,78
470,78
470,77
470,77
470,77
470,77
470,77
470,77
470,77
471,77
471,77
471,77
471,77
471,77
471,77
472,77
472,77
472,77
472,77
472,77
472,77
472,78
472,78
472,78
472,78
472,78
472,78
473,77
473,77
473,77
473,77
473,77
473,77
473,77
473,77
473,77
473,77
473,77
473,77
473,77
474,77
474,77
474,77
474,77
474,77
474,77
475,78
475,78
475,78
475,78
475,78
475,78
475,78
475,78
475,78
475,78
475,78
475,78
475,78
476,77
476,77
476,77
476,77
476,77
476,77
477,78
477,78
477,78
477,78
477,78
477,78
477,77
477,77
477,77
477,77
477,77
477,77
477,77
478,78
478,78
478,78
478,78
478,78
478,78
479,77
479,77
479,77
479,77
479,77
479,77
479,77
479,77
479,77
479,77
479,77
479,77
479,77
480,77
480,77
480,77
480,77
480,77
480,77
480,77
480,77
480,77
480,77
480,77
480,77
481,77
481,77
481,77
481,77
481,77
481,77
481,77
482,77
482,77
482,77
482,77
482,77
482,77
482,77
482,77
482,77
482,77
482,77
482,77
483,78
483,78
483,78
483,78
483,78
483,78
484,78
484,78
484,78
484,78
484,78
484,78
484,78
484,77
484,77
484,77
484,77
484,77
484,77
485,77
485,77
485,77
485,77
485,77
485,77
485,77
485,77
485,77
485,77
485,77
485,77
485,77
486,77
486,77
486,77
486,77
486,77
486,77
487,77
487,77
487,77
487,77
487,77
487,77
487,77
487,77
487,77
487,77
487,77
487,77
488,77
488,77
488,77
488,77
488,77
488,77
488,77
489,78
489,78
489,78
489,78
489,78
489,78
489,78
489,78
489,78
489,78
489,78
489,78
490,77
490,77
490,77
490,77
490,77
490,77
490,77
491,78
491,78
491,78
491,78
491,78
491,78
491,77
491,77
491,77
491,77
491,77
491,77
492,77
492,77
492,77
492,77
492,77
492,77
492,77
492,77
492,77
492,77
492,77
492,77
492,77
493,77
493,77
493,77
493,77
493,77
493,77
494,77
494,77
494,77
494,77
494,77
494,77
494,78
494,78
494,78
494,78
494,78
494,78
494,78
495,77
495,77
495,77
495,77
495,77
495,77
496,77
496,77
496,77
496,77
496,77
496,77
496,77
496,77
496,77
496,77
496,77
496,77
496,77
497,77
497,77
497,77
497,77
497,77
497,77
497,77
497,77
497,77
497,77
497,77
497,77
498,77
498,77
498,77
498,77
498,77
498,77
499,78
499,78
499,78
499,78
499,78
499,78
499,78
499,77
499,77
499,77
499,77
499,77
499,77
500,77
500,77
500,77
500,77
500,77
500,77
501,77
501,77
501,77
501,77
501,77
501,77
501,77
501,78
501,78
501,78
501,78
501,78
501,78
502,77
502,77
502,77
502,77
502,77
502,77
503,77
503,77
503,77
503,77
503,77
503,77
503,78
503,78
503,78
503,78
503,78
503,78
503,78
504,77
504,77
504,77
504,77
504,77
504,77
504,78
504,78
504,78
504,78
504,78
504,78
505,77
505,77
505,77
505,77
505,77
505,77
505,77
506,78
506,78
506,78
506,78
506,78
506,78
506,77
506,77
506,77
506,77
506,77
506,77
507,77
507,77
507,77
507,77
507,77
507,77
507,77
508,77
508,77
508,77
508,77
508,77
508,77
508,77
508,77
508,77
508,77
508,77
508,77
509,78
509,78
509,78
509,78
509,78
509,78
509,77
509,77
509,77
509,77
509,77
509,77
509,77
510,78
510,78
510,78
510,78
510,78
510,78
511,77
511,77
511,77
511,77
511,77
511,77
511,77
511,77
511,77
511,77
511,77
511,77
511,77
512,78
512,78
512,78
512,78
512,78
512,78
513,77
513,77
513,77
513,77
513,77
513,77
513,78
513,78
513,78
513,78
513,78
513,78
513,78
514,77
514,77
514,77
514,77
514,77
514,77
515,77
515,77
515,77
515,77
515,77
515,77
515,77
515,77
515,77
515,77
515,77
515,77
516,77
516,77
516,77
516,77
516,77
516,77
516,77
516,77
516,77
516,77
516,77
516,77
516,77
517,78
517,78
517,78
517,78
517,78
517,78
518,77
518,77
518,77
518,77
518,77
518,77
518,77
518,77
518,77
518,77
518,77
518,77
518,77
519,77
519,77
519,77
519,77
519,77
519,77
520,78
520,78
520,78
520,78
520,78
520,78
520,77
520,77
520,77
520,77
520,77
520,77
520,77
521,77
521,77
521,77
521,77
521,77
521,77
521,77
521,77
521,77
521,77
521,77
521,77
522,77
522,77
522,77
522,77
522,77
522,77
522,77
523,78
523,78
523,78
523,78
523,78
523,78
523,78
523,78
523,78
523,78
523,78
523,78
524,77
524,77
524,77
524,77
524,77
524,77
524,77
525,78
525,78
525,78
525,78
525,78
525,78
525,77
525,77
525,77
525,77
525,77
525,77
526,77
526,77
526,77
526,77
526,77
526,77
526,77
526,77
526,77
526,77
526,77
526,77
526,77
527,77
527,77
527,77
527,77
527,77
527,77
528,77
528,77
528,77
528,77
528,77
528,77
528,77
528,77
528,77
528,77
528,77
528,77
528,77
529,78
529,78
529,78
529,78
529,78
529,78
530,77
530,77
530,77
530,77
530,77
530,77
530,78
530,78
530,78
530,78
530,78
530,78
530,78
531,78
531,78
531,78
531,78
531,78
531,78
532,77
532,77
532,77
532,77
532,77
532,77
532,77
532,77
532,77
532,77
532,77
532,77
533,77
533,77
533,77
533,77
533,77
533,77
533,77
533,77
533,77
533,77
533,77
533,77
533,77
534,78
534,78
534,78
534,78
534,78
534,78
535,78
535,78
535,78
535,78
535,78
535,78
535,78
535,77
535,77
535,77
535,77
535,77
535,77
536,78
536,78
536,78
536,78
536,78
536,78
537,77
537,77
537,77
537,77
537,77
537,77
537,77
537,77
537,77
537,77
537,77
537,77
537,77
538,77
538,77
538,77
538,77
538,77
538,77
538,78
538,78
538,78
538,78
538,78
538,78
539,77
539,77
539,77
539,77
539,77
539,77
539,77
540,77
540,77
540,77
540,77
540,77
540,77
540,77
540,77
540,77
540,77
540,77
540,77
541,77
541,77
541,77
541,77
541,77
541,77
541,77
542,77
542,77
542,77
542,77
542,77
542,77
542,77
542,77
542,77
542,77
542,77
542,77
543,77
543,77
543,77
543,77
543,77
543,77
544,77
544,77
544,77
544,77
544,77
544,77
544,77
544,77
544,77
544,77
544,77
544,77
544,77
545,77
545,77
545,77
545,77
545,77
545,77
545,77
545,77
545,77
545,77
545,77
545,77
545,77
546,77
546,77
546,77
546,77
546,77
546,77
547,77
547,77
547,77
547,77
547,77
547,77
547,77
547,77
547,77
547,77
547,77
547,77
547,77
548,77
548,77
548,77
548,77
548,77
548,77
549,77
549,77
549,77
549,77
549,77
549,77
549,77
549,77
549,77
549,77
549,77
549,77
550,77
550,77
550,77
550,77
550,77
550,77
550,77
550,77
550,77
550,77
550,77
550,77
550,77
551,77
551,77
551,77
551,77
551,77
551,77
552,77
552,77
552,77
552,77
552,77
552,77
552,77
552,77
552,77
552,77
552,77
552,77
552,77
553,77
553,77
553,77
553,77
553,77
553,77
554,77
554,77
554,77
554,77
554,77
554,77
554,77
554,77
554,77
554,77
554,77
554,77
554,77
555,77
555,77
555,77
555,77
555,77
555,77
556,77
556,77
556,77
556,77
556,77
556,77
556,77
556,77
556,77
556,77
556,77
556,77
556,77
557,77
557,77
557,77
557,77
557,77
557,77
557,77
557,77
557,77
557,77
557,77
557,77
558,77
558,77
558,77
558,77
558,77
558,77
558,77
559,77
559,77
559,77
559,77
559,77
559,77
559,77
559,77
559,77
559,77
559,77
559,77
560,77
560,77
560,77
560,77
560,77
560,77
561,77
561,77
561,77
561,77
561,77
561,77
561,77
561,77
561,77
561,77
561,77
561,77
561,77
562,76
562,76
562,76
562,76
562,76
562,76
562,77
562,77
562,77
562,77
562,77
562,77
562,77
563,77
563,77
563,77
563,77
563,77
563,77
564,77
564,77
564,77
564,77
564,77
564,77
564,77
564,77
564,77
564,77
564,77
564,77
564,77
565,77
565,77
565,77
565,77
565,77
565,77
566,77
566,77
566,77
566,77
566,77
566,77
566,77
566,77
566,77
566,77
566,77
566,77
567,77
567,77
567,77
567,77
567,77
567,77
567,77
568,77
568,77
568,77
568,77
568,77
568,77
568,77
568,77
568,77
568,77
568,77
568,77
569,78
569,78
569,78
569,78
569,78
569,78
569,78
569,77
569,77
569,77
569,77
569,77
569,77
570,77
570,77
570,77
570,77
570,77
570,77
571,77
571,77
571,77
571,77
571,77
571,77
571,77
571,77
571,77
571,77
571,77
571,77
571,77
572,77
572,77
572,77
572,77
572,77
572,77
573,77
573,77
573,77
573,77
573,77
573,77
573,77
573,77
573,77
573,77
573,77
573,77
573,77
574,77
574,77
574,77
574,77
574,77
574,77
574,77
574,77
574,77
574,77
574,77
574,77
575,77
575,77
575,77
575,77
575,77
575,77
575,77
576,77
576,77
576,77
576,77
576,77
576,77
576,77
576,77
576,77
576,77
576,77
576,77
577,77
577,77
577,77
577,77
577,77
577,77
578,77
578,77
578,77
578,77
578,77
578,77
578,77
578,77
578,77
578,77
578,77
578,77
578,77
579,77
579,77
579,77
579,77
579,77
579,77
579,77
579,77
579,77
579,77
579,77
579,77
579,77
580,77
580,77
580,77
580,77
580,77
580,77
581,77
581,77
581,77
581,77
581,77
581,77
581,77
581,77
581,77
581,77
581,77
581,77
581,77
582,77
582,77
582,77
582,77
582,77
582,77
583,77
583,77
583,77
583,77
583,77
583,77
583,77
583,77
583,77
583,77
583,77
583,77
584,77
584,77
584,77
584,77
584,77
584,77
584,77
585,77
585,77
585,77
585,77
585,77
585,77
585,77
585,77
585,77
585,77
585,77
585,77
586,77
586,77
586,77
586,77
586,77
586,77
586,77
586,77
586,77
586,77
586,77
586,77
586,77
587,77
587,77
587,77
587,77
587,77
587,77
588,77
588,77
588,77
588,77
588,77
588,77
588,77
588,77
588,77
588,77
588,77
588,77
588,77
589,77
589,77
589,77
589,77
589,77
589,77
590,77
590,77
590,77
590,77
590,77
590,77
590,77
590,77
590,77
590,77
590,77
590,77
590,77
591,77
591,77
591,77
591,77
591,77
591,77
591,77
591,77
591,77
591,77
591,77
591,77
592,77
592,77
592,77
592,77
592,77
592,77
592,77
593,77
593,77
593,77
593,77
593,77
593,77
593,77
593,77
593,77
593,77
593,77
593,77
594,77
594,77
594,77
594,77
594,77
594,77
595,77
595,77
595,77
595,77
595,77
595,77
595,77
595,77
595,77
595,77
595,77
595,77
595,77
596,77
596,77
596,77
596,77
596,77
596,77
597,77
597,77
597,77
597,77
597,77
597,77
597,77
597,77
597,77
597,77
597,77
597,77
597,77
598,77
598,77
598,77
598,77
598,77
598,77
598,77
598,77
598,77
598,77
598,77
598,77
598,77
599,77
599,77
599,77
599,77
599,77
599,77
600,77
600,77
600,77
600,77
600,77
600,77
600,77
600,77
600,77
600,77
600,77
600,77
601,76
601,76
601,76
601,76
601,76
601,76
601,76
602,77
602,77
602,77
602,77
602,77
602,77
602,77
602,77
602,77
602,77
602,77
602,77
603,77
603,77
603,77
603,77
603,77
603,77
603,77
603,77
603,77
603,77
603,77
603,77
603,77
604,77
604,77
604,77
604,77
604,77
604,77
605,77
605,77
605,77
605,77
605,77
605,77
605,77
605,77
605,77
605,77
605,77
605,77
605,77
606,77
606,77
606,77
606,77
606,77
606,77
607,77
607,77
607,77
607,77
607,77
607,77
607,77
607,77
607,77
607,77
607,77
607,77
607,77
608,77
608,77
608,77
608,77
608,77
608,77
609,77
609,77
609,77
609,77
609,77
609,77
609,77
609,77
609,77
609,77
609,77
609,77
609,77
610,77
610,77
610,77
610,77
610,77
610,77
610,77
610,77
610,77
610,77
610,77
610,77
611,77
611,77
611,77
611,77
611,77
611,77
612,77
612,77
612,77
612,77
612,77
612,77
612,77
612,77
612,77
612,77
612,77
612,77
612,77
613,77
613,77
613,77
613,77
613,77
613,77
614,77
614,77
614,77
614,77
614,77
614,77
614,77
614,77
614,77
614,77
614,77
614,77
614,77
615,77
615,77
615,77
615,77
615,77
615,77
615,77
615,77
615,77
615,77
615,77
615,77
615,77
616,77
616,77
616,77
616,77
616,77
616,77
617,77
617,77
617,77
617,77
617,77
617,77
617,77
617,77
617,77
617,77
617,77
617,77
618,77
618,77
618,77
618,77
618,77
618,77
618,77
619,77
619,77
619,77
619,77
619,77
619,77
619,77
619,77
619,77
619,77
619,77
619,77
620,77
620,77
620,77
620,77
620,77
620,77
620,77
621,77
621,77
621,77
621,77
621,77
621,77
621,77
621,77
621,77
621,77
621,77
621,77
622,77
622,77
622,77
622,77
622,77
622,77
622,77
622,77
622,77
622,77
622,77
622,77
622,77
623,77
623,77
623,77
623,77
623,77
623,77
624,77
624,77
624,77
624,77
624,77
624,77
624,77
624,77
624,77
624,77
624,77
624,77
624,77
625,77
625,77
625,77
625,77
625,77
625,77
626,77
626,77
626,77
626,77
626,77
626,77
626,76
626,76
626,76
626,76
626,76
626,76
626,76
627,77
627,77
627,77
627,77
627,77
627,77
627,77
627,77
627,77
627,77
627,77
627,77
628,77
628,77
628,77
628,77
628,77
628,77
629,77
629,77
629,77
629,77
629,77
629,77
629,77
629,77
629,77
629,77
629,77
629,77
629,77
630,77
630,77
630,77
630,77
630,77
630,77
631,77
631,77
631,77
631,77
631,77
631,77
631,77
631,77
631,77
631,77
631,77
631,77
631,77
632,77
632,77
632,77
632,77
632,77
632,77
633,77
633,77
633,77
633,77
633,77
633,77
633,77
633,77
633,77
633,77
633,77
633,77
633,77
634,77
634,77
634,77
634,77
634,77
634,77
634,77
634,77
634,77
634,77
634,77
634,77
635,77
635,77
635,77
635,77
635,77
635,77
635,77
636,77
636,77
636,77
636,77
636,77
636,77
636,76
636,76
636,76
636,76
636,76
636,76
637,77
637,77
637,77
637,77
637,77
637,77
637,77
638,77
638,77
638,77
638,77
638,77
638,77
638,76
638,76
638,76
638,76
638,76
638,76
639,77
639,77
639,77
639,77
639,77
639,77
639,76
639,76
639,76
639,76
639,76
639,76
639,76
640,77
640,77
640,77
640,77
640,77
640,77
641,77
641,77
641,77
641,77
641,77
641,77
641,77
641,77
641,77
641,77
641,77
641,77
641,77
642,77
642,77
642,77
642,77
642,77
642,77
643,77
643,77
643,77
643,77
643,77
643,77
643,77
643,77
643,77
643,77
643,77
643,77
643,77
644,77
644,77
644,77
644,77
644,77
644,77
644,77
644,77
644,77
644,77
644,77
644,77
645,77
645,77
645,77
645,77
645,77
645,77
646,77
646,77
646,77
646,77
646,77
646,77
646,77
646,77
646,77
646,77
646,77
646,77
646,77
647,77
647,77
647,77
647,77
647,77
647,77
648,77
648,77
648,77
648,77
648,77
648,77
648,77
648,77
648,77
648,77
648,77
648,77
648,77
649,77
649,77
649,77
649,77
649,77
649,77
650,77
650,77
650,77
650,77
650,77
650,77
650,77
650,77
650,77
650,77
650,77
650,77
650,77
651,76
651,76
651,76
651,76
651,76
651,76
651,77
651,77
651,77
651,77
651,77
651,77
652,77
652,77
652,77
652,77
652,77
652,77
652,77
653,77
653,77
653,77
653,77
653,77
653,77
653,77
653,77
653,77
653,77
653,77
653,77
654,77
654,77
654,77
654,77
654,77
654,77
654,77
655,77
655,77
655,77
655,77
655,77
655,77
655,77
655,77
655,77
655,77
655,77
655,77
656,77
656,77
656,77
656,77
656,77
656,77
656,77
656,77
656,77
656,77
656,77
656,77
656,77
657,76
657,76
657,76
657,76
657,76
657,76
658,77
658,77
658,77
658,77
658,77
658,77
658,77
658,77
658,77
658,77
658,77
658,77
658,77
659,77
659,77
659,77
659,77
659,77
659,77
660,77
660,77
660,77
660,77
660,77
660,77
660,76
660,76
660,76
660,76
660,76
660,76
660,76
661,76
661,76
661,76
661,76
661,76
661,76
662,76
662,76
662,76
662,76
662,76
662,76
662,77
662,77
662,77
662,77
662,77
662,77
663,77
663,77
663,77
663,77
663,77
663,77
663,77
663,77
663,77
663,77
663,77
663,77
663,77
664,77
664,77
664,77
664,77
664,77
664,77
665,77
665,77
665,77
665,77
665,77
665,77
665,77
665,76
665,76
665,76
665,76
665,76
665,76
666,77
666,77
666,77
666,77
666,77
666,77
667,77
667,77
667,77
667,77
667,77
667,77
667,77
667,77
667,77
667,77
667,77
667,77
667,77
668,76
668,76
668,76
668,76
668,76
668,76
668,76
668,76
668,76
668,76
668,76
668,76
669,76
669,76
669,76
669,76
669,76
669,76
669,76
670,77
670,77
670,77
670,77
670,77
670,77
670,77
670,77
670,77
670,77
670,77
670,77
671,77
671,77
671,77
671,77
671,77
671,77
671,77
672,76
672,76
672,76
672,76
672,76
672,76
672,77
672,77
672,77
672,77
672,77
672,77
673,77
673,77
673,77
673,77
673,77
673,77
674,77
674,77
674,77
674,77
674,77
674,77
674,77
674,76
674,76
674,76
674,76
674,76
674,76
675,76
675,76
675,76
675,76
675,76
675,76
675,76
675,76
675,76
675,76
675,76
675,76
675,76
676,77
676,77
676,77
676,77
676,77
676,77
677,76
677,76
677,76
677,76
677,76
677,76
677,76
677,76
677,76
677,76
677,76
677,76
677,76
678,76
678,76
678,76
678,76
678,76
678,76
679,77
679,77
679,77
679,77
679,77
679,77
679,77
679,77
679,77
679,77
679,77
679,77
680,76
680,76
680,76
680,76
680,76
680,76
680,76
680,77
680,77
680,77
680,77
680,77
680,77
681,76
681,76
681,76
681,76
681,76
681,76
682,77
682,77
682,77
682,77
682,77
682,77
682,77
682,76
682,76
682,76
682,76
682,76
682,76
683,77
683,77
683,77
683,77
683,77
683,77
684,77
684,77
684,77
684,77
684,77
684,77
684,76
684,76
684,76
684,76
684,76
684,76
684,76
685,77
685,77
685,77
685,77
685,77
685,77
686,77
686,77
686,77
686,77
686,77
686,77
686,76
686,76
686,76
686,76
686,76
686,76
686,76
687,76
687,76
687,76
687,76
687,76
687,76
687,77
687,77
687,77
687,77
687,77
687,77
688,77
688,77
688,77
688,77
688,77
688,77
688,77
689,76
689,76
689,76
689,76
689,76
689,76
689,77
689,77
689,77
689,77
689,77
689,77
690,77
690,77
690,77
690,77
690,77
690,77
691,76
691,76
691,76
691,76
691,76
691,76
691,76
691,76
691,76
691,76
691,76
691,76
691,76
692,76
692,76
692,76
692,76
692,76
692,76
692,76
692,76
692,76
692,76
692,76
692,76
692,76
693,77
693,77
693,77
693,77
693,77
693,77
694,76
694,76
694,76
694,76
694,76
694,76
694,76
694,76
694,76
694,76
694,76
694,76
695,76
695,76
695,76
695,76
695,76
695,76
695,76
696,77
696,77
696,77
696,77
696,77
696,77
696,76
696,76
696,76
696,76
696,76
696,76
697,77
697,77
697,77
697,77
697,77
697,77
697,77
697,76
697,76
697,76
697,76
697,76
697,76
698,76
698,76
698,76
698,76
698,76
698,76
699,76
699,76
699,76
699,76
699,76
699,76
699,76
699,77
699,77
699,77
699,77
699,77
699,77
700,76
700,76
700,76
700,76
700,76
700,76
701,76
701,76
701,76
701,76
701,76
701,76
701,76
701,76
701,76
701,76
701,76
701,76
701,76
702,77
702,77
702,77
702,77
702,77
702,77
703,77
703,77
703,77
703,77
703,77
703,77
703,76
703,76
703,76
703,76
703,76
703,76
703,76
704,77
704,77
704,77
704,77
704,77
704,77
704,76
704,76
704,76
704,76
704,76
704,76
705,76
705,76
705,76
705,76
705,76
705,76
705,76
706,76
706,76
706,76
706,76
706,76
706,76
706,76
706,76
706,76
706,76
706,76
706,76
707,76
707,76
707,76
707,76
707,76
707,76
708,76
708,76
708,76
708,76
708,76
708,76
708,76
708,76
708,76
708,76
708,76
708,76
708,76
709,76
709,76
709,76
709,76
709,76
709,76
709,76
709,76
709,76
709,76
709,76
709,76
709,76
710,76
710,76
710,76
710,76
710,76
710,76
711,76
711,76
711,76
711,76
711,76
711,76
711,76
711,76
711,76
711,76
711,76
711,76
712,76
712,76
712,76
712,76
712,76
712,76
712,76
713,77
713,77
713,77
713,77
713,77
713,77
713,76
713,76
713,76
713,76
713,76
713,76
714,77
714,77
714,77
714,77
714,77
714,77
714,77
715,77
715,77
715,77
715,77
715,77
715,77
715,76
715,76
715,76
715,76
715,76
715,76
716,76
716,76
716,76
716,76
716,76
716,76
716,76
716,76
716,76
716,76
716,76
716,76
716,76
717,77
717,77
717,77
717,77
717,77
717,77
718,76
718,76
718,76
718,76
718,76
718,76
718,76
718,76
718,76
718,76
718,76
718,76
718,76
719,76
719,76
719,76
719,76
719,76
719,76
720,77
720,77
720,77
720,77
720,77
720,77
720,76
720,76
720,76
720,76
720,76
720,76
720,76
721,76
721,76
721,76
721,76
721,76
721,76
721,76
721,76
721,76
721,76
721,76
721,76
722,76
722,76
722,76
722,76
722,76
722,76
722,76
723,76
723,76
723,76
723,76
723,76
723,76
723,76
723,76
723,76
723,76
723,76
723,76
724,76
724,76
724,76
724,76
724,76
724,76
725,76
725,76
725,76
725,76
725,76
725,76
725,76
725,76
725,76
725,76
725,76
725,76
725,76
726,76
726,76
726,76
726,76
726,76
726,76
727,76
727,76
727,76
727,76
727,76
727,76
727,76
727,77
727,77
727,77
727,77
727,77
727,77
728,76
728,76
728,76
728,76
728,76
728,76
728,76
728,76
728,76
728,76
728,76
728,76
729,77
729,77
729,77
729,77
729,77
729,77
729,77
730,76
730,76
730,76
730,76
730,76
730,76
730,76
730,76
730,76
730,76
730,76
730,76
731,77
731,77
731,77
731,77
731,77
731,77
731,77
732,76
732,76
732,76
732,76
732,76
732,76
732,76
732,76
732,76
732,76
732,76
732,76
733,76
733,76
733,76
733,76
733,76
733,76
733,76
733,76
733,76
733,76
733,76
733,76
733,76
734,77
734,77
734,77
734,77
734,77
734,77
735,77
735,77
735,77
735,77
735,77
735,77
735,76
735,76
735,76
735,76
735,76
735,76
735,76
736,76
736,76
736,76
736,76
736,76
736,76
737,76
737,76
737,76
737,76
737,76
737,76
737,77
737,77
737,77
737,77
737,77
737,77
737,77
738,76
738,76
738,76
738,76
738,76
738,76
739,76
739,76
739,76
739,76
739,76
739,76
739,76
739,76
739,76
739,76
739,76
739,76
739,76
740,76
740,76
740,76
740,76
740,76
740,76
740,76
740,76
740,76
740,76
740,76
740,76
741,76
741,76
741,76
741,76
741,76
741,76
742,76
742,76
742,76
742,76
742,76
742,76
742,76
742,76
742,76
742,76
742,76
742,76
742,76
743,76
743,76
743,76
743,76
743,76
743,76
744,77
744,77
744,77
744,77
744,77
744,77
744,77
744,76
744,76
744,76
744,76
744,76
744,76
745,76
745,76
745,76
745,76
745,76
745,76
745,76
745,76
745,76
745,76
745,76
745,76
746,76
746,76
746,76
746,76
746,76
746,76
746,76
747,76
747,76
747,76
747,76
747,76
747,76
747,76
747,76
747,76
747,76
747,76
747,76
748,76
748,76
748,76
748,76
748,76
748,76
748,76
749,76
749,76
749,76
749,76
749,76
749,76
749,76
749,76
749,76
749,76
749,76
749,76
750,76
750,76
750,76
750,76
750,76
750,76
750,76
751,76
751,76
751,76
751,76
751,76
751,76
751,76
751,76
751,76
751,76
751,76
751,76
752,76
752,76
752,76
752,76
752,76
752,76
752,76
752,76
752,76
752,76
752,76
752,76
752,76
753,76
753,76
753,76
753,76
753,76
753,76
754,76
754,76
754,76
754,76
754,76
754,76
754,76
754,76
754,76
754,76
754,76
754,76
754,76
755,76
755,76
755,76
755,76
755,76
755,76
756,76
756,76
756,76
756,76
756,76
756,76
756,76
756,76
756,76
756,76
756,76
756,76
756,76
757,76
757,76
757,76
757,76
757,76
757,76
757,76
757,76
757,76
757,76
757,76
757,76
758,76
758,76
758,76
758,76
758,76
758,76
759,76
759,76
759,76
759,76
759,76
759,76
759,76
759,76
759,76
759,76
759,76
759,76
759,76
760,76
760,76
760,76
760,76
760,76
760,76
761,76
761,76
761,76
761,76
761,76
761,76
761,76
761,77
761,77
761,77
761,77
761,77
761,77
762,76
762,76
762,76
762,76
762,76
762,76
762,76
762,76
762,76
762,76
762,76
762,76
763,76
763,76
763,76
763,76
763,76
763,76
763,76
764,76
764,76
764,76
764,76
764,76
764,76
764,76
764,76
764,76
764,76
764,76
764,76
765,76
765,76
765,76
765,76
765,76
765,76
765,76
766,76
766,76
766,76
766,76
766,76
766,76
766,76
766,76
766,76
766,76
766,76
766,76
767,76
767,76
767,76
767,76
767,76
767,76
767,76
768,76
768,76
768,76
768,76
768,76
768,76
768,76
768,76
768,76
768,76
768,76
768,76
769,77
769,77
769,77
769,77
769,77
769,77
769,76
769,76
769,76
769,76
769,76
769,76
769,76
770,76
770,76
770,76
770,76
770,76
770,76
771,76
771,76
771,76
771,76
771,76
771,76
771,76
771,76
771,76
771,76
771,76
771,76
771,76
772,76
772,76
772,76
772,76
772,76
772,76
773,76
773,76
773,76
773,76
773,76
773,76
773,76
773,76
773,76
773,76
773,76
773,76
774,76
774,76
774,76
774,76
774,76
774,76
774,76
774,76
774,76
774,76
774,76
774,76
774,76
775,76
775,76
775,76
775,76
775,76
775,76
776,76
776,76
776,76
776,76
776,76
776,76
776,76
776,76
776,76
776,76
776,76
776,76
776,76
777,76
777,76
777,76
777,76
777,76
777,76
778,76
778,76
778,76
778,76
778,76
778,76
778,76
778,76
778,76
778,76
778,76
778,76
778,76
779,76
779,76
779,76
779,76
779,76
779,76
780,76
780,76
780,76
780,76
780,76
780,76
780,76
780,76
780,76
780,76
780,76
780,76
780,76
781,76
781,76
781,76
781,76
781,76
781,76
781,76
781,76
781,76
781,76
781,76
781,76
782,76
782,76
782,76
782,76
782,76
782,76
782,76
783,76
783,76
783,76
783,76
783,76
783,76
783,76
783,76
783,76
783,76
783,76
783,76
784,76
784,76
784,76
784,76
784,76
784,76
785,76
785,76
785,76
785,76
785,76
785,76
785,76
785,76
785,76
785,76
785,76
785,76
785,76
786,76
786,76
786,76
786,76
786,76
786,76
786,76
786,76
786,76
786,76
786,76
786,76
786,76
787,76
787,76
787,76
787,76
787,76
787,76
788,76
788,76
788,76
788,76
788,76
788,76
788,76
788,76
788,76
788,76
788,76
788,76
788,76
789,76
789,76
789,76
789,76
789,76
789,76
790,76
790,76
790,76
790,76
790,76
790,76
790,76
790,76
790,76
790,76
790,76
790,76
791,76
791,76
791,76
791,76
791,76
791,76
791,76
792,76
792,76
792,76
792,76
792,76
792,76
792,76
792,76
792,76
792,76
792,76
792,76
793,76
793,76
793,76
793,76
793,76
793,76
793,76
793,76
793,76
793,76
793,76
793,76
793,76
794,76
794,76
794,76
794,76
794,76
794,76
795,76
795,76
795,76
795,76
795,76
795,76
795,76
795,76
795,76
795,76
795,76
795,76
795,76
796,76
796,76
796,76
796,76
796,76
796,76
797,76
797,76
797,76
797,76
797,76
797,76
797,76
797,76
797,76
797,76
797,76
797,76
797,76
798,76
798,76
798,76
798,76
798,76
798,76
798,76
798,76
798,76
798,76
798,76
798,76
799,76
799,76
799,76
799,76
799,76
799,76
799,76
800,76
800,76
800,76
800,76
800,76
800,76
800,76
800,76
800,76
800,76
800,76
800,76
801,76
801,76
801,76
801,76
801,76
801,76
802,76
802,76
802,76
802,76
802,76
802,76
802,76
802,76
802,76
802,76
802,76
802,76
802,76
803,76
803,76
803,76
803,76
803,76
803,76
804,76
804,76
804,76
804,76
804,76
804,76
804,76
804,76
804,76
804,76
804,76
804,76
804,76
805,77
805,77
805,77
805,77
805,77
805,77
805,76
805,76
805,76
805,76
805,76
805,76
805,76
806,76
806,76
806,76
806,76
806,76
806,76
807,77
807,77
807,77
807,77
807,77
807,77
807,76
807,76
807,76
807,76
807,76
807,76
808,76
808,76
808,76
808,76
808,76
808,76
808,76
809,76
809,76
809,76
809,76
809,76
809,76
809,76
809,76
809,76
809,76
809,76
809,76
810,76
810,76
810,76
810,76
810,76
810,76
810,76
810,76
810,76
810,76
810,76
810,76
810,76
811,76
811,76
811,76
811,76
811,76
811,76
812,76
812,76
812,76
812,76
812,76
812,76
812,76
812,76
812,76
812,76
812,76
812,76
812,76
813,76
813,76
813,76
813,76
813,76
813,76
814,76
814,76
814,76
814,76
814,76
814,76
814,76
814,76
814,76
814,76
814,76
814,76
814,76
815,76
815,76
815,76
815,76
815,76
815,76
815,76
815,76
815,76
815,76
815,76
815,76
816,76
816,76
816,76
816,76
816,76
816,76
816,76
817,76
817,76
817,76
817,76
817,76
817,76
817,76
817,76
817,76
817,76
817,76
817,76
818,76
818,76
818,76
818,76
818,76
818,76
819,76
819,76
819,76
819,76
819,76
819,76
819,76
819,76
819,76
819,76
819,76
819,76
819,76
820,76
820,76
820,76
820,76
820,76
820,76
821,76
821,76
821,76
821,76
821,76
821,76
821,76
821,76
821,76
821,76
821,76
821,76
821,76
822,76
822,76
822,76
822,76
822,76
822,76
822,76
822,76
822,76
822,76
822,76
822,76
822,76
823,76
823,76
823,76
823,76
823,76
823,76
824,76
824,76
824,76
824,76
824,76
824,76
824,76
824,76
824,76
824,76
824,76
824,76
825,76
825,76
825,76
825,76
825,76
825,76
825,76
826,76
826,76
826,76
826,76
826,76
826,76
826,76
826,76
826,76
826,76
826,76
826,76
827,75
827,75
827,75
827,75
827,75
827,75
827,75
827,76
827,76
827,76
827,76
827,76
827,76
828,76
828,76
828,76
828,76
828,76
828,76
829,76
829,76
829,76
829,76
829,76
829,76
829,76
829,76
829,76
829,76
829,76
829,76
829,76
830,76
830,76
830,76
830,76
830,76
830,76
831,76
831,76
831,76
831,76
831,76
831,76
831,76
831,76
831,76
831,76
831,76
831,76
831,76
832,76
832,76
832,76
832,76
832,76
832,76
833,76
833,76
833,76
833,76
833,76
833,76
833,76
833,76
833,76
833,76
833,76
833,76
833,76
834,76
834,76
834,76
834,76
834,76
834,76
834,76
834,76
834,76
834,76
834,76
834,76
835,75
835,75
835,75
835,75
835,75
835,75
836,76
836,76
836,76
836,76
836,76
836,76
836,76
836,76
836,76
836,76
836,76
836,76
836,76
837,76
837,76
837,76
837,76
837,76
837,76
838,76
838,76
838,76
838,76
838,76
838,76
838,76
838,76
838,76
838,76
838,76
838,76
838,76
839,76
839,76
839,76
839,76
839,76
839,76
839,76
839,76
839,76
839,76
839,76
839,76
839,76
840,76
840,76
840,76
840,76
840,76
840,76
841,76
841,76
841,76
841,76
841,76
841,76
841,75
841,75
841,75
841,75
841,75
841,75
842,76
842,76
842,76
842,76
842,76
842,76
842,76
843,75
843,75
843,75
843,75
843,75
843,75
843,76
843,76
843,76
843,76
843,76
843,76
844,77
844,77
844,77
844,77
844,77
844,77
844,77
845,76
845,76
845,76
845,76
845,76
845,76
845,76
845,76
845,76
845,76
845,76
845,76
846,75
846,75
846,75
846,75
846,75
846,75
846,75
846,75
846,75
846,75
846,75
846,75
846,75
847,76
847,76
847,76
847,76
847,76
847,76
848,76
848,76
848,76
848,76
848,76
848,76
848,76
848,76
848,76
848,76
848,76
848,76
848,76
849,76
849,76
849,76
849,76
849,76
849,76
850,76
850,76
850,76
850,76
850,76
850,76
850,76
850,76
850,76
850,76
850,76
850,76
850,76
851,76
851,76
851,76
851,76
851,76
851,76
851,76
851,76
851,76
851,76
851,76
851,76
852,76
852,76
852,76
852,76
852,76
852,76
853,76
853,76
853,76
853,76
853,76
853,76
853,76
853,76
853,76
853,76
853,76
853,76
853,76
854,76
854,76
854,76
854,76
854,76
854,76
855,76
855,76
855,76
855,76
855,76
855,76
855,76
855,76
855,76
855,76
855,76
855,76
855,76
856,76
856,76
856,76
856,76
856,76
856,76
857,76
857,76
857,76
857,76
857,76
857,76
857,76
857,76
857,76
857,76
857,76
857,76
857,76
858,76
858,76
858,76
858,76
858,76
858,76
858,76
858,76
858,76
858,76
858,76
858,76
859,76
859,76
859,76
859,76
859,76
859,76
859,76
860,76
860,76
860,76
860,76
860,76
860,76
860,76
860,76
860,76
860,76
860,76
860,76
861,76
861,76
861,76
861,76
861,76
861,76
861,76
862,75
862,75
862,75
862,75
862,75
862,75
862,76
862,76
862,76
862,76
862,76
862,76
863,75
863,75
863,75
863,75
863,75
863,75
863,76
863,76
863,76
863,76
863,76
863,76
863,76
864,76
864,76
864,76
864,76
864,76
864,76
865,76
865,76
865,76
865,76
865,76
865,76
865,75
865,75
865,75
865,75
865,75
865,75
865,75
866,76
866,76
866,76
866,76
866,76
866,76
867,76
867,76
867,76
867,76
867,76
867,76
867,76
867,76
867,76
867,76
867,76
867,76
867,76
868,75
868,75
868,75
868,75
868,75
868,75
869,76
869,76
869,76
869,76
869,76
869,76
869,76
869,76
869,76
869,76
869,76
869,76
870,76
870,76
870,76
870,76
870,76
870,76
870,76
870,76
870,76
870,76
870,76
870,76
870,76
871,76
871,76
871,76
871,76
871,76
871,76
872,75
872,75
872,75
872,75
872,75
872,75
872,75
872,76
872,76
872,76
872,76
872,76
872,76
873,76
873,76
873,76
873,76
873,76
873,76
874,76
874,76
874,76
874,76
874,76
874,76
874,75
874,75
874,75
874,75
874,75
874,75
874,75
875,75
875,75
875,75
875,75
875,75
875,75
875,75
875,75
875,75
875,75
875,75
875,75
876,76
876,76
876,76
876,76
876,76
876,76
876,76
877,76
877,76
877,76
877,76
877,76
877,76
877,76
877,76
877,76
877,76
877,76
877,76
878,76
878,76
878,76
878,76
878,76
878,76
878,76
879,76
879,76
879,76
879,76
879,76
879,76
879,76
879,76
879,76
879,76
879,76
879,76
880,76
880,76
880,76
880,76
880,76
880,76
880,75
880,75
880,75
880,75
880,75
880,75
880,75
881,76
881,76
881,76
881,76
881,76
881,76
882,76
882,76
882,76
882,76
882,76
882,76
882,76
882,76
882,76
882,76
882,76
882,76
882,76
883,76
883,76
883,76
883,76
883,76
883,76
884,76
884,76
884,76
884,76
884,76
884,76
884,75
884,75
884,75
884,75
884,75
884,75
884,75
885,76
885,76
885,76
885,76
885,76
885,76
886,76
886,76
886,76
886,76
886,76
886,76
886,76
886,76
886,76
886,76
886,76
886,76
887,75
887,75
887,75
887,75
887,75
887,75
887,75
887,75
887,75
887,75
887,75
887,75
887,75
888,76
888,76
888,76
888,76
888,76
888,76
889,76
889,76
889,76
889,76
889,76
889,76
889,76
889,76
889,76
889,76
889,76
889,76
889,76
890,75
890,75
890,75
890,75
890,75
890,75
891,75
891,75
891,75
891,75
891,75
891,75
891,75
891,75
891,75
891,75
891,75
891,75
891,75
892,76
892,76
892,76
892,76
892,76
892,76
892,76
892,76
892,76
892,76
892,76
892,76
893,75
893,75
893,75
893,75
893,75
893,75
893,75
894,76
894,76
894,76
894,76
894,76
894,76
894,76
894,76
894,76
894,76
894,76
894,76
895,76
895,76
895,76
895,76
895,76
895,76
895,76
896,76
896,76
896,76
896,76
896,76
896,76
896,76
896,76
896,76
896,76
896,76
896,76
897,76
897,76
897,76
897,76
897,76
897,76
898,75
898,75
898,75
898,75
898,75
898,75
898,75
898,75
898,75
898,75
898,75
898,75
898,75
899,76
899,76
899,76
899,76
899,76
899,76
899,76
899,76
899,76
899,76
899,76
899,76
899,76
900,75
900,75
900,75
900,75
900,75
900,75
900,75
900,75
900,75
900,75
900,75
900,75
900,75
900,75
900,75
900,75
900,75
900,75
900,75
900,75
900,75
900,75
900,75
900,75
900,75
900,75
900,75
900,75
900,75
900,75
900,75
900,75
900,75
900,75
900,75
900,75
900,75
900,75
900,75
900,75
900,75
900,75
900,75
900,75
900,75
900,75
900,75
900,75
900,75
900,75
900,75
900,75
900,75
900,75
900,75
900,75
900,75
900,75
900,75
900,75
900,75
900,75
900,75
900,75
900,75
900,75
900,75
900,75
900,75
900,75
900,75
900,75
900,75
900,75
900,75
900,75
900,75
900,75
900,75
900,75
900,75
900,75
900,75
900,75
900,75
900,75
900,75
900,75
900,75
900,75
900,75
900,75
900,75
900,75
900,75
900,75
900,75
900,75
900,75
900,75
900,75
900,75
900,75
900,75
900,75
900,75
900,75
900,75
900,75
900,75
900,75
900,75
