0,0
0,75
0,75
0,75
0,75
0,75
0,75
0,75
0,75
0,75
0,75
0,75
0,75
0,75
1,75
1,75
1,75
1,75
1,75
1,75
1,75
1,75
1,75
1,75
1,75
1,75
1,75
2,75
2,75
2,75
2,75
2,75
2,75
3,75
3,75
3,75
3,75
3,75
3,75
3,75
3,75
3,75
3,75
3,75
3,75
4,75
4,75
4,75
4,75
4,75
4,75
4,75
5,75
5,75
5,75
5,75
5,75
5,75
5,76
5,76
5,76
5,76
5,76
5,76
6,75
6,75
6,75
6,75
6,75
6,75
6,75
7,75
7,75
7,75
7,75
7,75
7,75
7,76
7,76
7,76
7,76
7,76
7,76
8,76
8,76
8,76
8,76
8,76
8,76
8,75
8,75
8,75
8,75
8,75
8,75
8,75
9,76
9,76
9,76
9,76
9,76
9,76
10,75
10,75
10,75
10,75
10,75
10,75
10,75
10,75
10,75
10,75
10,75
10,75
10,75
11,75
11,75
11,75
11,75
11,75
11,75
12,75
12,75
12,75
12,75
12,75
12,75
12,75
12,75
12,75
12,75
12,75
12,75
12,75
13,75
13,75
13,75
13,75
13,75
13,75
13,75
13,75
13,75
13,75
13,75
13,75
14,75
14,75
14,75
14,75
14,75
14,75
15,75
15,75
15,75
15,75
15,75
15,75
15,75
15,75
15,75
15,75
15,75
15,75
15,75
16,75
16,75
16,75
16,75
16,75
16,75
17,75
17,75
17,75
17,75
17,75
17,75
17,75
17,75
17,75
17,75
17,75
17,75
17,75
18,75
18,75
18,75
18,75
18,75
18,75
19,74
19,74
19,74
19,74
19,74
19,74
19,74
19,75
19,75
19,75
19,75
19,75
19,75
20,75
20,75
20,75
20,75
20,75
20,75
20,75
20,75
20,75
20,75
20,75
20,75
21,74
21,74
21,74
21,74
21,74
21,74
21,74
22,75
22,75
22,75
22,75
22,75
22,75
22,74
22,74
22,74
22,74
22,74
22,74
23,74
23,74
23,74
23,74
23,74
23,74
23,74
24,75
24,75
24,75
24,75
24,75
24,75
24,74
24,74
24,74
24,74
24,74
24,74
25,74
25,74
25,74
25,74
25,74
25,74
25,74
25,74
25,74
25,74
25,74
25,74
25,74
26,74
26,74
26,74
26,74
26,74
26,74
27,74
27,74
27,74
27,74
27,74
27,74
27,74
27,74
27,74
27,74
27,74
27,74
27,74
28,74
28,74
28,74
28,74
28,74
28,74
29,74
29,74
29,74
29,74
29,74
29,74
29,74
29,74
29,74
29,74
29,74
29,74
29,74
30,74
30,74
30,74
30,74
30,74
30,74
31,73
31,73
31,73
31,73
31,73
31,73
31,73
31,73
31,73
31,73
31,73
31,73
32,74
32,74
32,74
32,74
32,74
32,74
32,74
32,72
32,72
32,72
32,72
32,72
32,72
33,73
33,73
33,73
33,73
33,73
33,73
34,74
34,74
34,74
34,74
34,74
34,74
34,74
34,73
34,73
34,73
34,73
34,73
34,73
35,73
35,73
35,73
35,73
35,73
35,73
36,73
36,73
36,73
36,73
36,73
36,73
36,73
36,73
36,73
36,73
36,73
36,73
36,73
37,74
37,74
37,74
37,74
37,74
37,74
37,73
37,73
37,73
37,73
37,73
37,73
38,74
38,74
38,74
38,74
38,74
38,74
38,74
39,73
39,73
39,73
39,73
39,73
39,73
39,73
39,73
39,73
39,73
39,73
39,73
40,73
40,73
40,73
40,73
40,73
40,73
40,73
41,72
41,72
41,72
41,72
41,72
41,72
41,72
41,72
41,72
41,72
41,72
41,72
42,73
42,73
42,73
42,73
42,73
42,73
42,73
42,72
42,72
42,72
42,72
42,72
42,72
43,72
43,72
43,72
43,72
43,72
43,72
44,72
44,72
44,72
44,72
44,72
44,72
44,72
44,72
44,72
44,72
44,72
44,72
44,72
45,72
45,72
45,72
45,72
45,72
45,72
46,72
46,72
46,72
46,72
46,72
46,72
46,72
46,72
46,72
46,72
46,72
46,72
46,72
47,72
47,72
47,72
47,72
47,72
47,72
48,72
48,72
48,72
48,72
48,72
48,72
48,72
48,72
48,72
48,72
48,72
48,72
49,72
49,72
49,72
49,72
49,72
49,72
49,72
49,72
49,72
49,72
49,72
49,72
49,72
50,72
50,72
50,72
50,72
50,72
50,72
51,72
51,72
51,72
51,72
51,72
51,72
51,72
51,71
51,71
51,71
51,71
51,71
51,71
52,72
52,72
52,72
52,72
52,72
52,72
53,71
53,71
53,71
53,71
53,71
53,71
53,71
53,72
53,72
53,72
53,72
53,72
53,72
54,72
54,72
54,72
54,72
54,72
54,72
54,71
54,71
54,71
54,71
54,71
54,71
55,72
55,72
55,72
55,72
55,72
55,72
55,72
56,72
56,72
56,72
56,72
56,72
56,72
56,72
56,72
56,72
56,72
56,72
56,72
57,71
57,71
57,71
57,71
57,71
57,71
57,71
58,71
58,71
58,71
58,71
58,71
58,71
58,72
58,72
58,72
58,72
58,72
58,72
59,71
59,71
59,71
59,71
59,71
59,71
59,71
60,71
60,71
60,71
60,71
60,71
60,71
60,72
60,72
60,72
60,72
60,72
60,72
61,71
61,71
61,71
61,71
61,71
61,71
61,71
61,71
61,71
61,71
61,71
61,71
61,71
62,71
62,71
62,71
62,71
62,71
62,71
63,71
63,71
63,71
63,71
63,71
63,71
63,71
63,71
63,71
63,71
63,71
63,71
63,71
64,71
64,71
64,71
64,71
64,71
64,71
65,71
65,71
65,71
65,71
65,71
65,71
65,71
65,71
65,71
65,71
65,71
65,71
66,71
66,71
66,71
66,71
66,71
66,71
66,71
66,71
66,71
66,71
66,71
66,71
66,71
67,71
67,71
67,71
67,71
67,71
67,71
68,71
68,71
68,71
68,71
68,71
68,71
68,71
68,70
68,70
68,70
68,70
68,70
68,70
69,71
69,71
69,71
69,71
69,71
69,71
70,71
70,71
70,71
70,71
70,71
70,71
70,71
70,71
70,71
70,71
70,71
70,71
70,71
71,70
71,70
71,70
71,70
71,70
71,70
72,70
72,70
72,70
72,70
72,70
72,70
72,71
72,71
72,71
72,71
72,71
72,71
72,71
73,71
73,71
73,71
73,71
73,71
73,71
73,70
73,70
73,70
73,70
73,70
73,70
74,70
74,70
74,70
74,70
74,70
74,70
74,70
75,71
75,71
75,71
75,71
75,71
75,71
75,70
75,70
75,70
75,70
75,70
75,70
76,71
76,71
76,71
76,71
76,71
76,71
76,71
77,70
77,70
77,70
77,70
77,70
77,70
77,70
77,70
77,70
77,70
77,70
77,70
78,70
78,70
78,70
78,70
78,70
78,70
78,70
78,70
78,70
78,70
78,70
78,70
78,70
79,70
79,70
79,70
79,70
79,70
79,70
80,70
80,70
80,70
80,70
80,70
80,70
80,70
80,70
80,70
80,70
80,70
80,70
80,70
81,70
81,70
81,70
81,70
81,70
81,70
82,70
82,70
82,70
82,70
82,70
82,70
82,70
82,70
82,70
82,70
82,70
82,70
83,70
83,70
83,70
83,70
83,70
83,70
83,70
84,70
84,70
84,70
84,70
84,70
84,70
84,70
84,70
84,70
84,70
84,70
84,70
85,70
85,70
85,70
85,70
85,70
85,70
85,70
85,70
85,70
85,70
85,70
85,70
85,70
86,70
86,70
86,70
86,70
86,70
86,70
87,70
87,70
87,70
87,70
87,70
87,70
87,70
87,70
87,70
87,70
87,70
87,70
87,70
88,70
88,70
88,70
88,70
88,70
88,70
89,70
89,70
89,70
89,70
89,70
89,70
89,70
89,70
89,70
89,70
89,70
89,70
89,70
90,70
90,70
90,70
90,70
90,70
90,70
90,70
90,70
90,70
90,70
90,70
90,70
91,70
91,70
91,70
91,70
91,70
91,70
91,70
92,70
92,70
92,70
92,70
92,70
92,70
92,70
92,70
92,70
92,70
92,70
92,70
93,70
93,70
93,70
93,70
93,70
93,70
93,70
94,70
94,70
94,70
94,70
94,70
94,70
94,70
94,70
94,70
94,70
94,70
94,70
95,70
95,70
95,70
95,70
95,70
95,70
96,69
96,69
96,69
96,69
96,69
96,69
96,69
96,70
96,70
96,70
96,70
96,70
96,70
97,70
97,70
97,70
97,70
97,70
97,70
97,70
97,70
97,70
97,70
97,70
97,70
97,70
98,69
98,69
98,69
98,69
98,69
98,69
99,70
99,70
99,70
99,70
99,70
99,70
99,70
99,70
99,70
99,70
99,70
99,70
99,70
100,70
100,70
100,70
100,70
100,70
100,70
101,70
101,70
101,70
101,70
101,70
101,70
101,69
101,69
101,69
101,69
101,69
101,69
102,70
102,70
102,70
102,70
102,70
102,70
102,70
102,70
102,70
102,70
102,70
102,70
102,70
103,70
103,70
103,70
103,70
103,70
103,70
104,70
104,70
104,70
104,70
104,70
104,70
104,70
104,70
104,70
104,70
104,70
104,70
104,70
105,69
105,69
105,69
105,69
105,69
105,69
106,69
106,69
106,69
106,69
106,69
106,69
106,69
106,69
106,69
106,69
106,69
106,69
106,69
107,70
107,70
107,70
107,70
107,70
107,70
107,69
107,69
107,69
107,69
107,69
107,69
108,69
108,69
108,69
108,69
108,69
108,69
108,69
109,69
109,69
109,69
109,69
109,69
109,69
109,69
109,69
109,69
109,69
109,69
109,69
110,69
110,69
110,69
110,69
110,69
110,69
110,69
111,69
111,69
111,69
111,69
111,69
111,69
111,69
111,69
111,69
111,69
111,69
111,69
112,69
112,69
112,69
112,69
112,69
112,69
113,69
113,69
113,69
113,69
113,69
113,69
113,69
113,69
113,69
113,69
113,69
113,69
113,69
114,69
114,69
114,69
114,69
114,69
114,69
114,69
114,69
114,69
114,69
114,69
114,69
114,69
115,69
115,69
115,69
115,69
115,69
115,69
116,69
116,69
116,69
116,69
116,69
116,69
116,69
116,69
116,69
116,69
116,69
116,69
116,69
117,69
117,69
117,69
117,69
117,69
117,69
118,69
118,69
118,69
118,69
118,69
118,69
118,70
118,70
118,70
118,70
118,70
118,70
119,69
119,69
119,69
119,69
119,69
119,69
119,69
119,69
119,69
119,69
119,69
119,69
119,69
120,69
120,69
120,69
120,69
120,69
120,69
121,69
121,69
121,69
121,69
121,69
121,69
121,69
121,68
121,68
121,68
121,68
121,68
121,68
122,69
122,69
122,69
122,69
122,69
122,69
123,69
123,69
123,69
123,69
123,69
123,69
123,69
123,69
123,69
123,69
123,69
123,69
123,69
124,69
124,69
124,69
124,69
124,69
124,69
125,69
125,69
125,69
125,69
125,69
125,69
125,69
125,69
125,69
125,69
125,69
125,69
125,69
126,68
126,68
126,68
126,68
126,68
126,68
126,68
126,68
126,68
126,68
126,68
126,68
127,69
127,69
127,69
127,69
127,69
127,69
127,69
128,69
128,69
128,69
128,69
128,69
128,69
128,69
128,69
128,69
128,69
128,69
128,69
129,69
129,69
129,69
129,69
129,69
129,69
130,68
130,68
130,68
130,68
130,68
130,68
130,68
130,69
130,69
130,69
130,69
130,69
130,69
131,68
131,68
131,68
131,68
131,68
131,68
131,69
131,69
131,69
131,69
131,69
131,69
131,69
132,68
132,68
132,68
132,68
132,68
132,68
133,69
133,69
133,69
133,69
133,69
133,69
133,68
133,68
133,68
133,68
133,68
133,68
133,68
134,68
134,68
134,68
134,68
134,68
134,68
135,69
135,69
135,69
135,69
135,69
135,69
135,69
135,69
135,69
135,69
135,69
135,69
136,69
136,69
136,69
136,69
136,69
136,69
136,69
137,69
137,69
137,69
137,69
137,69
137,69
137,68
137,68
137,68
137,68
137,68
137,68
138,69
138,69
138,69
138,69
138,69
138,69
138,69
138,68
138,68
138,68
138,68
138,68
138,68
139,68
139,68
139,68
139,68
139,68
139,68
140,68
140,68
140,68
140,68
140,68
140,68
140,68
140,68
140,68
140,68
140,68
140,68
140,68
141,68
141,68
141,68
141,68
141,68
141,68
142,68
142,68
142,68
142,68
142,68
142,68
142,68
142,68
142,68
142,68
142,68
142,68
142,68
143,68
143,68
143,68
143,68
143,68
143,68
143,68
143,68
143,68
143,68
143,68
143,68
144,68
144,68
144,68
144,68
144,68
144,68
144,68
145,68
145,68
145,68
145,68
145,68
145,68
145,68
145,68
145,68
145,68
145,68
145,68
146,68
146,68
146,68
146,68
146,68
146,68
147,69
147,69
147,69
147,69
147,69
147,69
147,69
147,68
147,68
147,68
147,68
147,68
147,68
148,68
148,68
148,68
148,68
148,68
148,68
149,68
149,68
149,68
149,68
149,68
149,68
149,68
149,68
149,68
149,68
149,68
149,68
149,68
150,69
150,69
150,69
150,69
150,69
150,69
150,68
150,68
150,68
150,68
150,68
150,68
151,68
151,68
151,68
151,68
151,68
151,68
151,68
152,68
152,68
152,68
152,68
152,68
152,68
152,69
152,69
152,69
152,69
152,69
152,69
153,68
153,68
153,68
153,68
153,68
153,68
153,68
154,68
154,68
154,68
154,68
154,68
154,68
154,68
154,68
154,68
154,68
154,68
154,68
155,68
155,68
155,68
155,68
155,68
155,68
155,68
155,68
155,68
155,68
155,68
155,68
155,68
156,68
156,68
156,68
156,68
156,68
156,68
157,68
157,68
157,68
157,68
157,68
157,68
157,68
157,68
157,68
157,68
157,68
157,68
157,68
158,68
158,68
158,68
158,68
158,68
158,68
159,68
159,68
159,68
159,68
159,68
159,68
159,68
159,68
159,68
159,68
159,68
159,68
159,68
160,68
160,68
160,68
160,68
160,68
160,68
160,68
160,68
160,68
160,68
160,68
160,68
161,68
161,68
161,68
161,68
161,68
161,68
162,68
162,68
162,68
162,68
162,68
162,68
162,68
162,68
162,68
162,68
162,68
162,68
162,68
163,68
163,68
163,68
163,68
163,68
163,68
164,68
164,68
164,68
164,68
164,68
164,68
164,68
164,68
164,68
164,68
164,68
164,68
164,68
165,68
165,68
165,68
165,68
165,68
165,68
166,68
166,68
166,68
166,68
166,68
166,68
166,68
166,68
166,68
166,68
166,68
166,68
166,68
167,68
167,68
167,68
167,68
167,68
167,68
167,68
167,68
167,68
167,68
167,68
167,68
168,68
168,68
168,68
168,68
168,68
168,68
168,68
169,68
169,68
169,68
169,68
169,68
169,68
169,68
169,68
169,68
169,68
169,68
169,68
170,68
170,68
170,68
170,68
170,68
170,68
170,68
171,68
171,68
171,68
171,68
171,68
171,68
171,68
171,68
171,68
171,68
171,68
171,68
172,68
172,68
172,68
172,68
172,68
172,68
172,68
172,68
172,68
172,68
172,68
172,68
172,68
173,68
173,68
173,68
173,68
173,68
173,68
174,68
174,68
174,68
174,68
174,68
174,68
174,68
174,68
174,68
174,68
174,68
174,68
174,68
175,68
175,68
175,68
175,68
175,68
175,68
176,68
176,68
176,68
176,68
176,68
176,68
176,68
176,68
176,68
176,68
176,68
176,68
176,68
177,68
177,68
177,68
177,68
177,68
177,68
178,68
178,68
178,68
178,68
178,68
178,68
178,68
178,68
178,68
178,68
178,68
178,68
179,68
179,68
179,68
179,68
179,68
179,68
179,68
179,68
179,68
179,68
179,68
179,68
179,68
180,68
180,68
180,68
180,68
180,68
180,68
181,68
181,68
181,68
181,68
181,68
181,68
181,68
181,68
181,68
181,68
181,68
181,68
181,68
182,68
182,68
182,68
182,68
182,68
182,68
183,68
183,68
183,68
183,68
183,68
183,68
183,68
183,68
183,68
183,68
183,68
183,68
183,68
184,68
184,68
184,68
184,68
184,68
184,68
184,68
184,68
184,68
184,68
184,68
184,68
185,68
185,68
185,68
185,68
185,68
185,68
185,68
186,68
186,68
186,68
186,68
186,68
186,68
186,68
186,68
186,68
186,68
186,68
186,68
187,68
187,68
187,68
187,68
187,68
187,68
187,68
188,68
188,68
188,68
188,68
188,68
188,68
188,68
188,68
188,68
188,68
188,68
188,68
189,68
189,68
189,68
189,68
189,68
189,68
190,68
190,68
190,68
190,68
190,68
190,68
190,68
190,68
190,68
190,68
190,68
190,68
190,68
191,68
191,68
191,68
191,68
191,68
191,68
191,68
191,68
191,68
191,68
191,68
191,68
191,68
192,68
192,68
192,68
192,68
192,68
192,68
193,68
193,68
193,68
193,68
193,68
193,68
193,68
193,68
193,68
193,68
193,68
193,68
193,68
194,68
194,68
194,68
194,68
194,68
194,68
195,68
195,68
195,68
195,68
195,68
195,68
195,67
195,67
195,67
195,67
195,67
195,67
196,68
196,68
196,68
196,68
196,68
196,68
196,68
196,68
196,68
196,68
196,68
196,68
196,68
197,68
197,68
197,68
197,68
197,68
197,68
198,68
198,68
198,68
198,68
198,68
198,68
198,68
198,68
198,68
198,68
198,68
198,68
198,68
199,68
199,68
199,68
199,68
199,68
199,68
200,68
200,68
200,68
200,68
200,68
200,68
200,68
200,68
200,68
200,68
200,68
200,68
200,68
201,67
201,67
201,67
201,67
201,67
201,67
202,68
202,68
202,68
202,68
202,68
202,68
202,68
202,68
202,68
202,68
202,68
202,68
202,68
203,68
203,68
203,68
203,68
203,68
203,68
203,68
203,68
203,68
203,68
203,68
203,68
204,67
204,67
204,67
204,67
204,67
204,67
204,67
205,67
205,67
205,67
205,67
205,67
205,67
205,68
205,68
205,68
205,68
205,68
205,68
206,68
206,68
206,68
206,68
206,68
206,68
206,68
207,68
207,68
207,68
207,68
207,68
207,68
207,67
207,67
207,67
207,67
207,67
207,67
208,67
208,67
208,67
208,67
208,67
208,67
208,68
208,68
208,68
208,68
208,68
208,68
208,68
209,68
209,68
209,68
209,68
209,68
209,68
210,68
210,68
210,68
210,68
210,68
210,68
210,67
210,67
210,67
210,67
210,67
210,67
210,67
211,67
211,67
211,67
211,67
211,67
211,67
212,68
212,68
212,68
212,68
212,68
212,68
212,67
212,67
212,67
212,67
212,67
212,67
213,67
213,67
213,67
213,67
213,67
213,67
213,67
214,67
214,67
214,67
214,67
214,67
214,67
214,67
214,67
214,67
214,67
214,67
214,67
215,67
215,67
215,67
215,67
215,67
215,67
215,67
215,67
215,67
215,67
215,67
215,67
215,67
216,67
216,67
216,67
216,67
216,67
216,67
217,67
217,67
217,67
217,67
217,67
217,67
217,67
217,67
217,67
217,67
217,67
217,67
217,67
218,68
218,68
218,68
218,68
218,68
218,68
219,67
219,67
219,67
219,67
219,67
219,67
219,67
219,67
219,67
219,67
219,67
219,67
219,67
220,67
220,67
220,67
220,67
220,67
220,67
220,67
220,67
220,67
220,67
220,67
220,67
221,68
221,68
221,68
221,68
221,68
221,68
221,68
222,67
222,67
222,67
222,67
222,67
222,67
222,67
222,67
222,67
222,67
222,67
222,67
223,68
223,68
223,68
223,68
223,68
223,68
223,68
224,67
224,67
224,67
224,67
224,67
224,67
224,68
224,68
224,68
224,68
224,68
224,68
225,68
225,68
225,68
225,68
225,68
225,68
225,68
225,68
225,68
225,68
225,68
225,68
225,68
226,67
226,67
226,67
226,67
226,67
226,67
227,68
227,68
227,68
227,68
227,68
227,68
227,68
227,68
227,68
227,68
227,68
227,68
227,68
228,68
228,68
228,68
228,68
228,68
228,68
229,67
229,67
229,67
229,67
229,67
229,67
229,67
229,67
229,67
229,67
229,67
229,67
230,68
230,68
230,68
230,68
230,68
230,68
230,68
231,68
231,68
231,68
231,68
231,68
231,68
231,67
231,67
231,67
231,67
231,67
231,67
232,68
232,68
232,68
232,68
232,68
232,68
232,68
232,67
232,67
232,67
232,67
232,67
232,67
233,67
233,67
233,67
233,67
233,67
233,67
234,68
234,68
234,68
234,68
234,68
234,68
234,68
234,68
234,68
234,68
234,68
234,68
234,68
235,67
235,67
235,67
235,67
235,67
235,67
236,67
236,67
236,67
236,67
236,67
236,67
236,67
236,67
236,67
236,67
236,67
236,67
236,67
237,68
237,68
237,68
237,68
237,68
237,68
237,67
237,67
237,67
237,67
237,67
237,67
238,67
238,67
238,67
238,67
238,67
238,67
238,67
239,67
239,67
239,67
239,67
239,67
239,67
239,67
239,67
239,67
239,67
239,67
239,67
240,68
240,68
240,68
240,68
240,68
240,68
241,67
241,67
241,67
241,67
241,67
241,67
241,67
241,67
241,67
241,67
241,67
241,67
241,67
242,67
242,67
242,67
242,67
242,67
242,67
243,67
243,67
243,67
243,67
243,67
243,67
243,67
243,67
243,67
243,67
243,67
243,67
243,67
244,67
244,67
244,67
244,67
244,67
244,67
244,67
244,67
244,67
244,67
244,67
244,67
244,67
245,67
245,67
245,67
245,67
245,67
245,67
246,67
246,67
246,67
246,67
246,67
246,67
246,67
246,67
246,67
246,67
246,67
246,67
247,67
247,67
247,67
247,67
247,67
247,67
247,67
248,67
248,67
248,67
248,67
248,67
248,67
248,67
248,67
248,67
248,67
248,67
248,67
249,67
249,67
249,67
249,67
249,67
249,67
249,67
249,67
249,67
249,67
249,67
249,67
249,67
250,67
250,67
250,67
250,67
250,67
250,67
251,67
251,67
251,67
251,67
251,67
251,67
251,67
251,67
251,67
251,67
251,67
251,67
251,67
252,67
252,67
252,67
252,67
252,67
252,67
253,67
253,67
253,67
253,67
253,67
253,67
253,67
253,67
253,67
253,67
253,67
253,67
253,67
254,67
254,67
254,67
254,67
254,67
254,67
255,67
255,67
255,67
255,67
255,67
255,67
255,67
255,67
255,67
255,67
255,67
255,67
255,67
256,67
256,67
256,67
256,67
256,67
256,67
256,67
256,67
256,67
256,67
256,67
256,67
257,67
257,67
257,67
257,67
257,67
257,67
258,67
258,67
258,67
258,67
258,67
258,67
258,67
258,67
258,67
258,67
258,67
258,67
258,67
259,67
259,67
259,67
259,67
259,67
259,67
260,67
260,67
260,67
260,67
260,67
260,67
260,67
260,67
260,67
260,67
260,67
260,67
260,67
261,67
261,67
261,67
261,67
261,67
261,67
261,67
261,67
261,67
261,67
261,67
261,67
261,67
262,67
262,67
262,67
262,67
262,67
262,67
263,67
263,67
263,67
263,67
263,67
263,67
263,67
263,67
263,67
263,67
263,67
263,67
264,67
264,67
264,67
264,67
264,67
264,67
264,67
265,67
265,67
265,67
265,67
265,67
265,67
265,66
265,66
265,66
265,66
265,66
265,66
266,67
266,67
266,67
266,67
266,67
266,67
266,67
267,67
267,67
267,67
267,67
267,67
267,67
267,67
267,67
267,67
267,67
267,67
267,67
268,67
268,67
268,67
268,67
268,67
268,67
268,67
268,66
268,66
268,66
268,66
268,66
268,66
269,67
269,67
269,67
269,67
269,67
269,67
270,67
270,67
270,67
270,67
270,67
270,67
270,66
270,66
270,66
270,66
270,66
270,66
270,66
271,67
271,67
271,67
271,67
271,67
271,67
272,66
272,66
272,66
272,66
272,66
272,66
272,66
272,66
272,66
272,66
272,66
272,66
272,66
273,66
273,66
273,66
273,66
273,66
273,66
273,65
273,65
273,65
273,65
273,65
273,65
274,65
274,65
274,65
274,65
274,65
274,65
275,66
275,66
275,66
275,66
275,66
275,66
275,66
275,65
275,65
275,65
275,65
275,65
275,65
276,65
276,65
276,65
276,65
276,65
276,65
277,64
277,64
277,64
277,64
277,64
277,64
277,64
277,64
277,64
277,64
277,64
277,64
277,64
278,64
278,64
278,64
278,64
278,64
278,64
278,64
278,64
278,64
278,64
278,64
278,64
278,64
279,63
279,63
279,63
279,63
279,63
279,63
280,63
280,63
280,63
280,63
280,63
280,63
280,62
280,62
280,62
280,62
280,62
280,62
281,62
281,62
281,62
281,62
281,62
281,62
281,62
282,62
282,62
282,62
282,62
282,62
282,62
282,61
282,61
282,61
282,61
282,61
282,61
283,60
283,60
283,60
283,60
283,60
283,60
283,60
284,60
284,60
284,60
284,60
284,60
284,60
284,59
284,59
284,59
284,59
284,59
284,59
285,58
285,58
285,58
285,58
285,58
285,58
285,58
285,58
285,58
285,58
285,58
285,58
285,58
286,57
286,57
286,57
286,57
286,57
286,57
287,56
287,56
287,56
287,56
287,56
287,56
287,56
287,56
287,56
287,56
287,56
287,56
287,56
288,55
288,55
288,55
288,55
288,55
288,55
289,54
289,54
289,54
289,54
289,54
289,54
289,53
289,53
289,53
289,53
289,53
289,53
289,53
290,52
290,52
290,52
290,52
290,52
290,52
290,51
290,51
290,51
290,51
290,51
290,51
291,50
291,50
291,50
291,50
291,50
291,50
292,49
292,49
292,49
292,49
292,49
292,49
292,49
292,48
292,48
292,48
292,48
292,48
292,48
293,46
293,46
293,46
293,46
293,46
293,46
294,45
294,45
294,45
294,45
294,45
294,45
294,45
294,43
294,43
294,43
294,43
294,43
294,43
295,42
295,42
295,42
295,42
295,42
295,42
296,41
296,41
296,41
296,41
296,41
296,41
296,38
296,38
296,38
296,38
296,38
296,38
296,38
297,37
297,37
297,37
297,37
297,37
297,37
297,36
297,36
297,36
297,36
297,36
297,36
298,34
298,34
298,34
298,34
298,34
298,34
298,34
299,32
299,32
299,32
299,32
299,32
299,32
299,30
299,30
299,30
299,30
299,30
299,30
300,28
300,28
300,28
300,28
300,28
300,28
300,28
301,26
301,26
301,26
301,26
301,26
301,26
301,24
301,24
301,24
301,24
301,24
301,24
302,22
302,22
302,22
302,22
302,22
302,22
302,20
302,20
302,20
302,20
302,20
302,20
302,20
303,18
303,18
303,18
303,18
303,18
303,18
304,15
304,15
304,15
304,15
304,15
304,15
304,13
304,13
304,13
304,13
304,13
304,13
304,13
305,10
305,10
305,10
305,10
305,10
305,10
306,7
306,7
306,7
306,7
306,7
306,7
306,4
306,4
306,4
306,4
306,4
306,4
306,4
307,1
307,1
307,1
307,1
307,1
307,1
308,-2
308,-2
308,-2
308,-2
308,-2
308,-2
308,-5
308,-5
308,-5
308,-5
308,-5
308,-5
309,-8
309,-8
309,-8
309,-8
309,-8
309,-8
309,-8
309,-10
309,-10
309,-10
309,-10
309,-10
309,-10
310,-9
310,-9
310,-9
310,-9
310,-9
310,-9
311,-7
311,-7
311,-7
311,-7
311,-7
311,-7
311,-7
311,-7
311,-7
311,-7
311,-7
311,-7
311,-7
312,-7
312,-7
312,-7
312,-7
312,-7
312,-7
313,-7
313,-7
313,-7
313,-7
313,-7
313,-7
313,-8
313,-8
313,-8
313,-8
313,-8
313,-8
313,-8
314,-8
314,-8
314,-8
314,-8
314,-8
314,-8
314,-9
314,-9
314,-9
314,-9
314,-9
314,-9
315,-9
315,-9
315,-9
315,-9
315,-9
315,-9
315,-9
316,-9
316,-9
316,-9
316,-9
316,-9
316,-9
316,-9
316,-9
316,-9
316,-9
316,-9
316,-9
317,-9
317,-9
317,-9
317,-9
317,-9
317,-9
317,-9
318,-10
318,-10
318,-10
318,-10
318,-10
318,-10
318,-10
318,-10
318,-10
318,-10
318,-10
318,-10
319,-9
319,-9
319,-9
319,-9
319,-9
319,-9
320,-9
320,-9
320,-9
320,-9
320,-9
320,-9
320,-9
320,-9
320,-9
320,-9
320,-9
320,-9
320,-9
321,-10
321,-10
321,-10
321,-10
321,-10
321,-10
321,-10
321,-10
321,-10
321,-10
321,-10
321,-10
321,-10
322,-9
322,-9
322,-9
322,-9
322,-9
322,-9
323,-9
323,-9
323,-9
323,-9
323,-9
323,-9
323,-9
323,-9
323,-9
323,-9
323,-9
323,-9
323,-9
324,-10
324,-10
324,-10
324,-10
324,-10
324,-10
325,-10
325,-10
325,-10
325,-10
325,-10
325,-10
325,-9
325,-9
325,-9
325,-9
325,-9
325,-9
326,-10
326,-10
326,-10
326,-10
326,-10
326,-10
326,-10
326,-9
326,-9
326,-9
326,-9
326,-9
326,-9
327,-9
327,-9
327,-9
327,-9
327,-9
327,-9
328,-9
328,-9
328,-9
328,-9
328,-9
328,-9
328,-9
328,-10
328,-10
328,-10
328,-10
328,-10
328,-10
329,-10
329,-10
329,-10
329,-10
329,-10
329,-10
330,-9
330,-9
330,-9
330,-9
330,-9
330,-9
330,-9
330,-9
330,-9
330,-9
330,-9
330,-9
330,-9
331,-10
331,-10
331,-10
331,-10
331,-10
331,-10
331,-9
331,-9
331,-9
331,-9
331,-9
331,-9
332,-10
332,-10
332,-10
332,-10
332,-10
332,-10
332,-10
333,-10
333,-10
333,-10
333,-10
333,-10
333,-10
333,-10
333,-10
333,-10
333,-10
333,-10
333,-10
334,-10
334,-10
334,-10
334,-10
334,-10
334,-10
334,-10
335,-10
335,-10
335,-10
335,-10
335,-10
335,-10
335,-10
335,-10
335,-10
335,-10
335,-10
335,-10
336,-10
336,-10
336,-10
336,-10
336,-10
336,-10
337,-9
337,-9
337,-9
337,-9
337,-9
337,-9
337,-9
337,-9
337,-9
337,-9
337,-9
337,-9
337,-9
338,-10
338,-10
338,-10
338,-10
338,-10
338,-10
338,-10
338,-10
338,-10
338,-10
338,-10
338,-10
338,-10
339,-9
339,-9
339,-9
339,-9
339,-9
339,-9
340,-10
340,-10
340,-10
340,-10
340,-10
340,-10
340,-9
340,-9
340,-9
340,-9
340,-9
340,-9
340,-9
341,-10
341,-10
341,-10
341,-10
341,-10
341,-10
342,-10
342,-10
342,-10
342,-10
342,-10
342,-10
342,-10
342,-10
342,-10
342,-10
342,-10
342,-10
343,-10
343,-10
343,-10
343,-10
343,-10
343,-10
343,-10
343,-9
343,-9
343,-9
343,-9
343,-9
343,-9
344,-10
344,-10
344,-10
344,-10
344,-10
344,-10
345,-10
345,-10
345,-10
345,-10
345,-10
345,-10
345,-10
345,-9
345,-9
345,-9
345,-9
345,-9
345,-9
346,-9
346,-9
346,-9
346,-9
346,-9
346,-9
347,-10
347,-10
347,-10
347,-10
347,-10
347,-10
347,-10
347,-10
347,-10
347,-10
347,-10
347,-10
347,-10
348,-10
348,-10
348,-10
348,-10
348,-10
348,-10
349,-9
349,-9
349,-9
349,-9
349,-9
349,-9
349,-10
349,-10
349,-10
349,-10
349,-10
349,-10
349,-10
350,-9
350,-9
350,-9
350,-9
350,-9
350,-9
350,-10
350,-10
350,-10
350,-10
350,-10
350,-10
351,-10
351,-10
351,-10
351,-10
351,-10
351,-10
351,-10
352,-10
352,-10
352,-10
352,-10
352,-10
352,-10
352,-10
352,-10
352,-10
352,-10
352,-10
352,-10
353,-10
353,-10
353,-10
353,-10
353,-10
353,-10
354,-10
354,-10
354,-10
354,-10
354,-10
354,-10
354,-10
354,-10
354,-10
354,-10
354,-10
354,-10
354,-10
355,-9
355,-9
355,-9
355,-9
355,-9
355,-9
355,-10
355,-10
355,-10
355,-10
355,-10
355,-10
355,-10
356,-10
356,-10
356,-10
356,-10
356,-10
356,-10
357,-10
357,-10
357,-10
357,-10
357,-10
357,-10
357,-9
357,-9
357,-9
357,-9
357,-9
357,-9
357,-9
358,-10
358,-10
358,-10
358,-10
358,-10
358,-10
359,-10
359,-10
359,-10
359,-10
359,-10
359,-10
359,-10
359,-10
359,-10
359,-10
359,-10
359,-10
360,-10
360,-10
360,-10
360,-10
360,-10
360,-10
360,-10
361,-10
361,-10
361,-10
361,-10
361,-10
361,-10
361,-10
361,-10
361,-10
361,-10
361,-10
361,-10
362,-10
362,-10
362,-10
362,-10
362,-10
362,-10
362,-10
362,-10
362,-10
362,-10
362,-10
362,-10
362,-10
363,-9
363,-9
363,-9
363,-9
363,-9
363,-9
364,-10
364,-10
364,-10
364,-10
364,-10
364,-10
364,-10
364,-10
364,-10
364,-10
364,-10
364,-10
364,-10
365,-9
365,-9
365,-9
365,-9
365,-9
365,-9
366,-10
366,-10
366,-10
366,-10
366,-10
366,-10
366,-10
366,-10
366,-10
366,-10
366,-10
366,-10
366,-10
367,-10
367,-10
367,-10
367,-10
367,-10
367,-10
367,-10
367,-10
367,-10
367,-10
367,-10
367,-10
368,-10
368,-10
368,-10
368,-10
368,-10
368,-10
368,-10
369,-10
369,-10
369,-10
369,-10
369,-10
369,-10
369,-10
369,-10
369,-10
369,-10
369,-10
369,-10
370,-9
370,-9
370,-9
370,-9
370,-9
370,-9
371,-9
371,-9
371,-9
371,-9
371,-9
371,-9
371,-9
371,-10
371,-10
371,-10
371,-10
371,-10
371,-10
372,-10
372,-10
372,-10
372,-10
372,-10
372,-10
373,-10
373,-10
373,-10
373,-10
373,-10
373,-10
373,-10
373,-10
373,-10
373,-10
373,-10
373,-10
373,-10
374,-10
374,-10
374,-10
374,-10
374,-10
374,-10
374,-10
374,-10
374,-10
374,-10
374,-10
374,-10
374,-10
375,-10
375,-10
375,-10
375,-10
375,-10
375,-10
376,-10
376,-10
376,-10
376,-10
376,-10
376,-10
376,-10
376,-10
376,-10
376,-10
376,-10
376,-10
377,-10
377,-10
377,-10
377,-10
377,-10
377,-10
377,-10
378,-9
378,-9
378,-9
378,-9
378,-9
378,-9
378,-10
378,-10
378,-10
378,-10
378,-10
378,-10
379,-9
379,-9
379,-9
379,-9
379,-9
379,-9
379,-9
379,-10
379,-10
379,-10
379,-10
379,-10
379,-10
380,-9
380,-9
380,-9
380,-9
380,-9
380,-9
381,-10
381,-10
381,-10
381,-10
381,-10
381,-10
381,-10
381,-10
381,-10
381,-10
381,-10
381,-10
381,-10
382,-10
382,-10
382,-10
382,-10
382,-10
382,-10
383,-10
383,-10
383,-10
383,-10
383,-10
383,-10
383,-10
383,-10
383,-10
383,-10
383,-10
383,-10
383,-10
384,-10
384,-10
384,-10
384,-10
384,-10
384,-10
384,-10
384,-10
384,-10
384,-10
384,-10
384,-10
385,-10
385,-10
385,-10
385,-10
385,-10
385,-10
385,-10
386,-10
386,-10
386,-10
386,-10
386,-10
386,-10
386,-10
386,-10
386,-10
386,-10
386,-10
386,-10
387,-9
387,-9
387,-9
387,-9
387,-9
387,-9
387,-9
388,-9
388,-9
388,-9
388,-9
388,-9
388,-9
388,-10
388,-10
388,-10
388,-10
388,-10
388,-10
389,-10
389,-10
389,-10
389,-10
389,-10
389,-10
390,-10
390,-10
390,-10
390,-10
390,-10
390,-10
390,-10
390,-10
390,-10
390,-10
390,-10
390,-10
390,-10
391,-10
391,-10
391,-10
391,-10
391,-10
391,-10
391,-10
391,-10
391,-10
391,-10
391,-10
391,-10
391,-10
392,-10
392,-10
392,-10
392,-10
392,-10
392,-10
393,-10
393,-10
393,-10
393,-10
393,-10
393,-10
393,-9
393,-9
393,-9
393,-9
393,-9
393,-9
394,-10
394,-10
394,-10
394,-10
394,-10
394,-10
394,-10
395,-10
395,-10
395,-10
395,-10
395,-10
395,-10
395,-10
395,-10
395,-10
395,-10
395,-10
395,-10
396,-10
396,-10
396,-10
396,-10
396,-10
396,-10
396,-10
396,-10
396,-10
396,-10
396,-10
396,-10
396,-10
397,-10
397,-10
397,-10
397,-10
397,-10
397,-10
398,-10
398,-10
398,-10
398,-10
398,-10
398,-10
398,-10
398,-10
398,-10
398,-10
398,-10
398,-10
398,-10
399,-10
399,-10
399,-10
399,-10
399,-10
399,-10
400,-10
400,-10
400,-10
400,-10
400,-10
400,-10
400,-10
400,-10
400,-10
400,-10
400,-10
400,-10
400,-10
401,-10
401,-10
401,-10
401,-10
401,-10
401,-10
402,-10
402,-10
402,-10
402,-10
402,-10
402,-10
402,-10
402,-10
402,-10
402,-10
402,-10
402,-10
402,-10
403,-10
403,-10
403,-10
403,-10
403,-10
403,-10
403,-10
403,-10
403,-10
403,-10
403,-10
403,-10
404,-10
404,-10
404,-10
404,-10
404,-10
404,-10
404,-10
405,-10
405,-10
405,-10
405,-10
405,-10
405,-10
405,-10
405,-10
405,-10
405,-10
405,-10
405,-10
406,-10
406,-10
406,-10
406,-10
406,-10
406,-10
407,-10
407,-10
407,-10
407,-10
407,-10
407,-10
407,-10
407,-10
407,-10
407,-10
407,-10
407,-10
407,-10
408,-10
408,-10
408,-10
408,-10
408,-10
408,-10
408,-10
408,-10
408,-10
408,-10
408,-10
408,-10
408,-10
409,-9
409,-9
409,-9
409,-9
409,-9
409,-9
410,-10
410,-10
410,-10
410,-10
410,-10
410,-10
410,-10
410,-10
410,-10
410,-10
410,-10
410,-10
410,-10
411,-10
411,-10
411,-10
411,-10
411,-10
411,-10
412,-10
412,-10
412,-10
412,-10
412,-10
412,-10
412,-10
412,-10
412,-10
412,-10
412,-10
412,-10
413,-10
413,-10
413,-10
413,-10
413,-10
413,-10
413,-10
414,-10
414,-10
414,-10
414,-10
414,-10
414,-10
414,-10
414,-10
414,-10
414,-10
414,-10
414,-10
415,-10
415,-10
415,-10
415,-10
415,-10
415,-10
415,-10
415,-10
415,-10
415,-10
415,-10
415,-10
415,-10
416,-10
416,-10
416,-10
416,-10
416,-10
416,-10
417,-10
417,-10
417,-10
417,-10
417,-10
417,-10
417,-10
417,-10
417,-10
417,-10
417,-10
417,-10
417,-10
418,-10
418,-10
418,-10
418,-10
418,-10
418,-10
419,-10
419,-10
419,-10
419,-10
419,-10
419,-10
419,-10
419,-10
419,-10
419,-10
419,-10
419,-10
419,-10
420,-10
420,-10
420,-10
420,-10
420,-10
420,-10
420,-10
420,-10
420,-10
420,-10
420,-10
420,-10
421,-10
421,-10
421,-10
421,-10
421,-10
421,-10
421,-10
422,-9
422,-9
422,-9
422,-9
422,-9
422,-9
422,-10
422,-10
422,-10
422,-10
422,-10
422,-10
423,-10
423,-10
423,-10
423,-10
423,-10
423,-10
424,-10
424,-10
424,-10
424,-10
424,-10
424,-10
424,-10
424,-10
424,-10
424,-10
424,-10
424,-10
424,-10
425,-10
425,-10
425,-10
425,-10
425,-10
425,-10
426,-10
426,-10
426,-10
426,-10
426,-10
426,-10
426,-10
426,-10
426,-10
426,-10
426,-10
426,-10
426,-10
427,-10
427,-10
427,-10
427,-10
427,-10
427,-10
427,-10
427,-10
427,-10
427,-10
427,-10
427,-10
427,-10
428,-9
428,-9
428,-9
428,-9
428,-9
428,-9
429,-10
429,-10
429,-10
429,-10
429,-10
429,-10
429,-10
429,-10
429,-10
429,-10
429,-10
429,-10
430,-10
430,-10
430,-10
430,-10
430,-10
430,-10
430,-10
431,-10
431,-10
431,-10
431,-10
431,-10
431,-10
431,-10
431,-10
431,-10
431,-10
431,-10
431,-10
432,-10
432,-10
432,-10
432,-10
432,-10
432,-10
432,-10
432,-10
432,-10
432,-10
432,-10
432,-10
432,-10
433,-10
433,-10
433,-10
433,-10
433,-10
433,-10
434,-10
434,-10
434,-10
434,-10
434,-10
434,-10
434,-10
434,-10
434,-10
434,-10
434,-10
434,-10
434,-10
435,-9
435,-9
435,-9
435,-9
435,-9
435,-9
436,-10
436,-10
436,-10
436,-10
436,-10
436,-10
436,-10
436,-10
436,-10
436,-10
436,-10
436,-10
436,-10
437,-10
437,-10
437,-10
437,-10
437,-10
437,-10
438,-10
438,-10
438,-10
438,-10
438,-10
438,-10
438,-10
438,-10
438,-10
438,-10
438,-10
438,-10
438,-10
439,-10
439,-10
439,-10
439,-10
439,-10
439,-10
439,-10
439,-10
439,-10
439,-10
439,-10
439,-10
440,-10
440,-10
440,-10
440,-10
440,-10
440,-10
441,-10
441,-10
441,-10
441,-10
441,-10
441,-10
441,-10
441,-10
441,-10
441,-10
441,-10
441,-10
441,-10
442,-10
442,-10
442,-10
442,-10
442,-10
442,-10
443,-10
443,-10
443,-10
443,-10
443,-10
443,-10
443,-10
443,-10
443,-10
443,-10
443,-10
443,-10
443,-10
444,-10
444,-10
444,-10
444,-10
444,-10
444,-10
444,-10
444,-10
444,-10
444,-10
444,-10
444,-10
444,-10
445,-10
445,-10
445,-10
445,-10
445,-10
445,-10
446,-10
446,-10
446,-10
446,-10
446,-10
446,-10
446,-10
446,-10
446,-10
446,-10
446,-10
446,-10
447,-10
447,-10
447,-10
447,-10
447,-10
447,-10
447,-10
448,-10
448,-10
448,-10
448,-10
448,-10
448,-10
448,-10
448,-10
448,-10
448,-10
448,-10
448,-10
449,-10
449,-10
449,-10
449,-10
449,-10
449,-10
449,-10
449,-9
449,-9
449,-9
449,-9
449,-9
449,-9
450,-10
450,-10
450,-10
450,-10
450,-10
450,-10
451,-9
451,-9
451,-9
451,-9
451,-9
451,-9
451,-9
451,-10
451,-10
451,-10
451,-10
451,-10
451,-10
452,-10
452,-10
452,-10
452,-10
452,-10
452,-10
453,-9
453,-9
453,-9
453,-9
453,-9
453,-9
453,-9
453,-9
453,-9
453,-9
453,-9
453,-9
453,-9
454,-10
454,-10
454,-10
454,-10
454,-10
454,-10
455,-10
455,-10
455,-10
455,-10
455,-10
455,-10
455,-10
455,-10
455,-10
455,-10
455,-10
455,-10
455,-10
456,-10
456,-10
456,-10
456,-10
456,-10
456,-10
456,-10
456,-10
456,-10
456,-10
456,-10
456,-10
457,-10
457,-10
457,-10
457,-10
457,-10
457,-10
458,-10
458,-10
458,-10
458,-10
458,-10
458,-10
458,-10
458,-10
458,-10
458,-10
458,-10
458,-10
458,-10
459,-10
459,-10
459,-10
459,-10
459,-10
459,-10
460,-10
460,-10
460,-10
460,-10
460,-10
460,-10
460,-10
460,-10
460,-10
460,-10
460,-10
460,-10
460,-10
461,-10
461,-10
461,-10
461,-10
461,-10
461,-10
461,-10
461,-10
461,-10
461,-10
461,-10
461,-10
461,-10
462,-10
462,-10
462,-10
462,-10
462,-10
462,-10
463,-10
463,-10
463,-10
463,-10
463,-10
463,-10
463,-9
463,-9
463,-9
463,-9
463,-9
463,-9
464,-10
464,-10
464,-10
464,-10
464,-10
464,-10
464,-10
465,-10
465,-10
465,-10
465,-10
465,-10
465,-10
465,-10
465,-10
465,-10
465,-10
465,-10
465,-10
466,-9
466,-9
466,-9
466,-9
466,-9
466,-9
466,-9
467,-10
467,-10
467,-10
467,-10
467,-10
467,-10
467,-10
467,-10
467,-10
467,-10
467,-10
467,-10
468,-9
468,-9
468,-9
468,-9
468,-9
468,-9
468,-10
468,-10
468,-10
468,-10
468,-10
468,-10
468,-10
469,-10
469,-10
469,-10
469,-10
469,-10
469,-10
470,-10
470,-10
470,-10
470,-10
470,-10
470,-10
470,-10
470,-10
470,-10
470,-10
470,-10
470,-10
470,-10
471,-10
471,-10
471,-10
471,-10
471,-10
471,-10
472,-10
472,-10
472,-10
472,-10
472,-10
472,-10
472,-9
472,-9
472,-9
472,-9
472,-9
472,-9
472,-9
473,-9
473,-9
473,-9
473,-9
473,-9
473,-9
473,-9
473,-9
473,-9
473,-9
473,-9
473,-9
474,-10
474,-10
474,-10
474,-10
474,-10
474,-10
475,-10
475,-10
475,-10
475,-10
475,-10
475,-10
475,-10
475,-10
475,-10
475,-10
475,-10
475,-10
475,-10
476,-10
476,-10
476,-10
476,-10
476,-10
476,-10
477,-10
477,-10
477,-10
477,-10
477,-10
477,-10
477,-10
477,-9
477,-9
477,-9
477,-9
477,-9
477,-9
478,-10
478,-10
478,-10
478,-10
478,-10
478,-10
479,-10
479,-10
479,-10
479,-10
479,-10
479,-10
479,-10
479,-10
479,-10
479,-10
479,-10
479,-10
479,-10
480,-10
480,-10
480,-10
480,-10
480,-10
480,-10
480,-10
480,-10
480,-10
480,-10
480,-10
480,-10
481,-10
481,-10
481,-10
481,-10
481,-10
481,-10
481,-10
482,-9
482,-9
482,-9
482,-9
482,-9
482,-9
482,-10
482,-10
482,-10
482,-10
482,-10
482,-10
483,-10
483,-10
483,-10
483,-10
483,-10
483,-10
483,-10
484,-10
484,-10
484,-10
484,-10
484,-10
484,-10
484,-10
484,-10
484,-10
484,-10
484,-10
484,-10
485,-10
485,-10
485,-10
485,-10
485,-10
485,-10
485,-10
485,-10
485,-10
485,-10
485,-10
485,-10
485,-10
486,-10
486,-10
486,-10
486,-10
486,-10
486,-10
487,-9
487,-9
487,-9
487,-9
487,-9
487,-9
487,-10
487,-10
487,-10
487,-10
487,-10
487,-10
487,-10
488,-10
488,-10
488,-10
488,-10
488,-10
488,-10
489,-9
489,-9
489,-9
489,-9
489,-9
489,-9
489,-9
489,-9
489,-9
489,-9
489,-9
489,-9
490,-11
490,-11
490,-11
490,-11
490,-11
490,-11
490,-11
491,-10
491,-10
491,-10
491,-10
491,-10
491,-10
491,-10
491,-10
491,-10
491,-10
491,-10
491,-10
492,-10
492,-10
492,-10
492,-10
492,-10
492,-10
492,-10
492,-10
492,-10
492,-10
492,-10
492,-10
492,-10
493,-10
493,-10
493,-10
493,-10
493,-10
493,-10
494,-10
494,-10
494,-10
494,-10
494,-10
494,-10
494,-10
494,-9
494,-9
494,-9
494,-9
494,-9
494,-9
495,-9
495,-9
495,-9
495,-9
495,-9
495,-9
496,-9
496,-9
496,-9
496,-9
496,-9
496,-9
496,-10
496,-10
496,-10
496,-10
496,-10
496,-10
496,-10
497,-9
497,-9
497,-9
497,-9
497,-9
497,-9
497,-10
497,-10
497,-10
497,-10
497,-10
497,-10
498,-10
498,-10
498,-10
498,-10
498,-10
498,-10
498,-10
499,-10
499,-10
499,-10
499,-10
499,-10
499,-10
499,-10
499,-10
499,-10
499,-10
499,-10
499,-10
500,-10
500,-10
500,-10
500,-10
500,-10
500,-10
500,-10
501,-10
501,-10
501,-10
501,-10
501,-10
501,-10
501,-10
501,-10
501,-10
501,-10
501,-10
501,-10
502,-10
502,-10
502,-10
502,-10
502,-10
502,-10
502,-10
502,-10
502,-10
502,-10
502,-10
502,-10
502,-10
503,-10
503,-10
503,-10
503,-10
503,-10
503,-10
504,-10
504,-10
504,-10
504,-10
504,-10
504,-10
504,-10
504,-10
504,-10
504,-10
504,-10
504,-10
504,-10
505,-10
505,-10
505,-10
505,-10
505,-10
505,-10
506,-10
506,-10
506,-10
506,-10
506,-10
506,-10
506,-10
506,-10
506,-10
506,-10
506,-10
506,-10
506,-10
507,-10
507,-10
507,-10
507,-10
507,-10
507,-10
508,-9
508,-9
508,-9
508,-9
508,-9
508,-9
508,-10
508,-10
508,-10
508,-10
508,-10
508,-10
509,-10
509,-10
509,-10
509,-10
509,-10
509,-10
509,-10
509,-10
509,-10
509,-10
509,-10
509,-10
509,-10
510,-10
510,-10
510,-10
510,-10
510,-10
510,-10
511,-10
511,-10
511,-10
511,-10
511,-10
511,-10
511,-10
511,-10
511,-10
511,-10
511,-10
511,-10
511,-10
512,-10
512,-10
512,-10
512,-10
512,-10
512,-10
513,-10
513,-10
513,-10
513,-10
513,-10
513,-10
513,-10
513,-10
513,-10
513,-10
513,-10
513,-10
513,-10
514,-10
514,-10
514,-10
514,-10
514,-10
514,-10
514,-10
514,-10
514,-10
514,-10
514,-10
514,-10
515,-10
515,-10
515,-10
515,-10
515,-10
515,-10
515,-10
516,-9
516,-9
516,-9
516,-9
516,-9
516,-9
516,-10
516,-10
516,-10
516,-10
516,-10
516,-10
517,-10
517,-10
517,-10
517,-10
517,-10
517,-10
517,-10
518,-10
518,-10
518,-10
518,-10
518,-10
518,-10
518,-10
518,-10
518,-10
518,-10
518,-10
518,-10
519,-10
519,-10
519,-10
519,-10
519,-10
519,-10
520,-10
520,-10
520,-10
520,-10
520,-10
520,-10
520,-10
520,-10
520,-10
520,-10
520,-10
520,-10
520,-10
521,-10
521,-10
521,-10
521,-10
521,-10
521,-10
521,-10
521,-10
521,-10
521,-10
521,-10
521,-10
521,-10
522,-9
522,-9
522,-9
522,-9
522,-9
522,-9
523,-10
523,-10
523,-10
523,-10
523,-10
523,-10
523,-10
523,-10
523,-10
523,-10
523,-10
523,-10
524,-10
524,-10
524,-10
524,-10
524,-10
524,-10
524,-10
525,-10
525,-10
525,-10
525,-10
525,-10
525,-10
525,-10
525,-10
525,-10
525,-10
525,-10
525,-10
526,-10
526,-10
526,-10
526,-10
526,-10
526,-10
526,-10
526,-10
526,-10
526,-10
526,-10
526,-10
526,-10
527,-10
527,-10
527,-10
527,-10
527,-10
527,-10
528,-10
528,-10
528,-10
528,-10
528,-10
528,-10
528,-10
528,-10
528,-10
528,-10
528,-10
528,-10
528,-10
529,-10
529,-10
529,-10
529,-10
529,-10
529,-10
530,-10
530,-10
530,-10
530,-10
530,-10
530,-10
530,-10
530,-10
530,-10
530,-10
530,-10
530,-10
530,-10
531,-10
531,-10
531,-10
531,-10
531,-10
531,-10
532,-10
532,-10
532,-10
532,-10
532,-10
532,-10
532,-10
532,-10
532,-10
532,-10
532,-10
532,-10
532,-10
533,-10
533,-10
533,-10
533,-10
533,-10
533,-10
533,-10
533,-10
533,-10
533,-10
533,-10
533,-10
534,-10
534,-10
534,-10
534,-10
534,-10
534,-10
534,-10
535,-10
535,-10
535,-10
535,-10
535,-10
535,-10
535,-10
535,-10
535,-10
535,-10
535,-10
535,-10
536,-10
536,-10
536,-10
536,-10
536,-10
536,-10
537,-9
537,-9
537,-9
537,-9
537,-9
537,-9
537,-9
537,-9
537,-9
537,-9
537,-9
537,-9
537,-9
538,-9
538,-9
538,-9
538,-9
538,-9
538,-9
538,-10
538,-10
538,-10
538,-10
538,-10
538,-10
538,-10
539,-10
539,-10
539,-10
539,-10
539,-10
539,-10
540,-10
540,-10
540,-10
540,-10
540,-10
540,-10
540,-10
540,-10
540,-10
540,-10
540,-10
540,-10
540,-10
541,-9
541,-9
541,-9
541,-9
541,-9
541,-9
542,-10
542,-10
542,-10
542,-10
542,-10
542,-10
542,-10
542,-10
542,-10
542,-10
542,-10
542,-10
543,-10
543,-10
543,-10
543,-10
543,-10
543,-10
543,-10
544,-10
544,-10
544,-10
544,-10
544,-10
544,-10
544,-10
544,-10
544,-10
544,-10
544,-10
544,-10
545,-9
545,-9
545,-9
545,-9
545,-9
545,-9
545,-9
545,-10
545,-10
545,-10
545,-10
545,-10
545,-10
546,-10
546,-10
546,-10
546,-10
546,-10
546,-10
547,-10
547,-10
547,-10
547,-10
547,-10
547,-10
547,-10
547,-10
547,-10
547,-10
547,-10
547,-10
547,-10
548,-10
548,-10
548,-10
548,-10
548,-10
548,-10
549,-10
549,-10
549,-10
549,-10
549,-10
549,-10
549,-10
549,-10
549,-10
549,-10
549,-10
549,-10
549,-10
550,-10
550,-10
550,-10
550,-10
550,-10
550,-10
550,-10
550,-10
550,-10
550,-10
550,-10
550,-10
551,-9
551,-9
551,-9
551,-9
551,-9
551,-9
551,-9
552,-10
552,-10
552,-10
552,-10
552,-10
552,-10
552,-9
552,-9
552,-9
552,-9
552,-9
552,-9
553,-10
553,-10
553,-10
553,-10
553,-10
553,-10
554,-10
554,-10
554,-10
554,-10
554,-10
554,-10
554,-10
554,-10
554,-10
554,-10
554,-10
554,-10
554,-10
555,-10
555,-10
555,-10
555,-10
555,-10
555,-10
556,-10
556,-10
556,-10
556,-10
556,-10
556,-10
556,-10
556,-10
556,-10
556,-10
556,-10
556,-10
556,-10
557,-9
557,-9
557,-9
557,-9
557,-9
557,-9
557,-10
557,-10
557,-10
557,-10
557,-10
557,-10
557,-10
558,-10
558,-10
558,-10
558,-10
558,-10
558,-10
559,-10
559,-10
559,-10
559,-10
559,-10
559,-10
559,-10
559,-10
559,-10
559,-10
559,-10
559,-10
560,-9
560,-9
560,-9
560,-9
560,-9
560,-9
560,-9
561,-10
561,-10
561,-10
561,-10
561,-10
561,-10
561,-10
561,-10
561,-10
561,-10
561,-10
561,-10
562,-10
562,-10
562,-10
562,-10
562,-10
562,-10
562,-10
562,-9
562,-9
562,-9
562,-9
562,-9
562,-9
563,-10
563,-10
563,-10
563,-10
563,-10
563,-10
564,-10
564,-10
564,-10
564,-10
564,-10
564,-10
564,-9
564,-9
564,-9
564,-9
564,-9
564,-9
564,-9
565,-10
565,-10
565,-10
565,-10
565,-10
565,-10
566,-10
566,-10
566,-10
566,-10
566,-10
566,-10
566,-10
566,-10
566,-10
566,-10
566,-10
566,-10
566,-10
567,-10
567,-10
567,-10
567,-10
567,-10
567,-10
567,-10
567,-10
567,-10
567,-10
567,-10
567,-10
568,-10
568,-10
568,-10
568,-10
568,-10
568,-10
568,-10
569,-10
569,-10
569,-10
569,-10
569,-10
569,-10
569,-10
569,-10
569,-10
569,-10
569,-10
569,-10
570,-10
570,-10
570,-10
570,-10
570,-10
570,-10
571,-10
571,-10
571,-10
571,-10
571,-10
571,-10
571,-10
571,-10
571,-10
571,-10
571,-10
571,-10
571,-10
572,-10
572,-10
572,-10
572,-10
572,-10
572,-10
573,-10
573,-10
573,-10
573,-10
573,-10
573,-10
573,-10
573,-10
573,-10
573,-10
573,-10
573,-10
573,-10
574,-10
574,-10
574,-10
574,-10
574,-10
574,-10
574,-10
574,-10
574,-10
574,-10
574,-10
574,-10
574,-10
575,-10
575,-10
575,-10
575,-10
575,-10
575,-10
576,-10
576,-10
576,-10
576,-10
576,-10
576,-10
576,-10
576,-10
576,-10
576,-10
576,-10
576,-10
577,-10
577,-10
577,-10
577,-10
577,-10
577,-10
577,-10
578,-10
578,-10
578,-10
578,-10
578,-10
578,-10
578,-10
578,-10
578,-10
578,-10
578,-10
578,-10
579,-10
579,-10
579,-10
579,-10
579,-10
579,-10
579,-10
579,-10
579,-10
579,-10
579,-10
579,-10
579,-10
580,-10
580,-10
580,-10
580,-10
580,-10
580,-10
581,-10
581,-10
581,-10
581,-10
581,-10
581,-10
581,-10
581,-10
581,-10
581,-10
581,-10
581,-10
581,-10
582,-10
582,-10
582,-10
582,-10
582,-10
582,-10
583,-9
583,-9
583,-9
583,-9
583,-9
583,-9
583,-10
583,-10
583,-10
583,-10
583,-10
583,-10
583,-10
584,-10
584,-10
584,-10
584,-10
584,-10
584,-10
585,-10
585,-10
585,-10
585,-10
585,-10
585,-10
585,-9
585,-9
585,-9
585,-9
585,-9
585,-9
585,-9
586,-10
586,-10
586,-10
586,-10
586,-10
586,-10
586,-10
586,-10
586,-10
586,-10
586,-10
586,-10
587,-10
587,-10
587,-10
587,-10
587,-10
587,-10
588,-10
588,-10
588,-10
588,-10
588,-10
588,-10
588,-10
588,-10
588,-10
588,-10
588,-10
588,-10
588,-10
589,-10
589,-10
589,-10
589,-10
589,-10
589,-10
590,-10
590,-10
590,-10
590,-10
590,-10
