0,0
0,1
0,1
0,1
0,1
0,1
0,1
0,1
0,2
0,2
0,2
0,2
0,2
0,2
1,1
1,1
1,1
1,1
1,1
1,1
1,2
1,2
1,2
1,2
1,2
1,2
1,2
2,2
2,2
2,2
2,2
2,2
2,2
3,2
3,2
3,2
3,2
3,2
3,2
3,2
3,2
3,2
3,2
3,2
3,2
4,2
4,2
4,2
4,2
4,2
4,2
4,2
5,2
5,2
5,2
5,2
5,2
5,2
5,2
5,2
5,2
5,2
5,2
5,2
6,3
6,3
6,3
6,3
6,3
6,3
6,3
7,3
7,3
7,3
7,3
7,3
7,3
7,2
7,2
7,2
7,2
7,2
7,2
8,3
8,3
8,3
8,3
8,3
8,3
8,3
8,3
8,3
8,3
8,3
8,3
8,3
9,2
9,2
9,2
9,2
9,2
9,2
10,3
10,3
10,3
10,3
10,3
10,3
10,3
10,3
10,3
10,3
10,3
10,3
10,3
11,3
11,3
11,3
11,3
11,3
11,3
12,3
12,3
12,3
12,3
12,3
12,3
12,3
12,3
12,3
12,3
12,3
12,3
12,3
13,3
13,3
13,3
13,3
13,3
13,3
13,2
13,2
13,2
13,2
13,2
13,2
14,3
14,3
14,3
14,3
14,3
14,3
15,3
15,3
15,3
15,3
15,3
15,3
15,3
15,3
15,3
15,3
15,3
15,3
15,3
16,3
16,3
16,3
16,3
16,3
16,3
17,3
17,3
17,3
17,3
17,3
17,3
17,3
17,3
17,3
17,3
17,3
17,3
17,3
18,3
18,3
18,3
18,3
18,3
18,3
19,3
19,3
19,3
19,3
19,3
19,3
19,2
19,2
19,2
19,2
19,2
19,2
19,2
20,2
20,2
20,2
20,2
20,2
20,2
20,3
20,3
20,3
20,3
20,3
20,3
21,3
21,3
21,3
21,3
21,3
21,3
21,3
22,3
22,3
22,3
22,3
22,3
22,3
22,2
22,2
22,2
22,2
22,2
22,2
23,2
23,2
23,2
23,2
23,2
23,2
23,2
24,2
24,2
24,2
24,2
24,2
24,2
24,3
24,3
24,3
24,3
24,3
24,3
25,2
25,2
25,2
25,2
25,2
25,2
25,3
25,3
25,3
25,3
25,3
25,3
25,3
26,3
26,3
26,3
26,3
26,3
26,3
27,2
27,2
27,2
27,2
27,2
27,2
27,2
27,2
27,2
27,2
27,2
27,2
27,2
28,2
28,2
28,2
28,2
28,2
28,2
29,3
29,3
29,3
29,3
29,3
29,3
29,2
29,2
29,2
29,2
29,2
29,2
29,2
30,3
30,3
30,3
30,3
30,3
30,3
31,2
31,2
31,2
31,2
31,2
31,2
31,2
31,2
31,2
31,2
31,2
31,2
32,2
32,2
32,2
32,2
32,2
32,2
32,2
32,2
32,2
32,2
32,2
32,2
32,2
33,2
33,2
33,2
33,2
33,2
33,2
34,2
34,2
34,2
34,2
34,2
34,2
34,2
34,2
34,2
34,2
34,2
34,2
34,2
35,2
35,2
35,2
35,2
35,2
35,2
36,2
36,2
36,2
36,2
36,2
36,2
36,1
36,1
36,1
36,1
36,1
36,1
36,1
37,2
37,2
37,2
37,2
37,2
37,2
37,2
37,2
37,2
37,2
37,2
37,2
38,2
38,2
38,2
38,2
38,2
38,2
38,2
39,2
39,2
39,2
39,2
39,2
39,2
39,1
39,1
39,1
39,1
39,1
39,1
40,2
40,2
40,2
40,2
40,2
40,2
40,2
41,2
41,2
41,2
41,2
41,2
41,2
41,2
41,2
41,2
41,2
41,2
41,2
42,2
42,2
42,2
42,2
42,2
42,2
42,1
42,1
42,1
42,1
42,1
42,1
42,1
43,2
43,2
43,2
43,2
43,2
43,2
44,2
44,2
44,2
44,2
44,2
44,2
44,1
44,1
44,1
44,1
44,1
44,1
44,1
45,1
45,1
45,1
45,1
45,1
45,1
46,2
46,2
46,2
46,2
46,2
46,2
46,1
46,1
46,1
46,1
46,1
46,1
46,1
47,1
47,1
47,1
47,1
47,1
47,1
48,1
48,1
48,1
48,1
48,1
48,1
48,1
48,1
48,1
48,1
48,1
48,1
49,2
49,2
49,2
49,2
49,2
49,2
49,2
49,1
49,1
49,1
49,1
49,1
49,1
50,2
50,2
50,2
50,2
50,2
50,2
51,1
51,1
51,1
51,1
51,1
51,1
51,1
51,1
51,1
51,1
51,1
51,1
51,1
52,1
52,1
52,1
52,1
52,1
52,1
53,1
53,1
53,1
53,1
53,1
53,1
53,1
53,1
53,1
53,1
53,1
53,1
53,1
54,1
54,1
54,1
54,1
54,1
54,1
54,1
54,1
54,1
54,1
54,1
54,1
55,1
55,1
55,1
55,1
55,1
55,1
55,1
56,1
56,1
56,1
56,1
56,1
56,1
56,1
56,1
56,1
56,1
56,1
56,1
57,1
57,1
57,1
57,1
57,1
57,1
57,1
58,1
58,1
58,1
58,1
58,1
58,1
58,1
58,1
58,1
58,1
58,1
58,1
59,1
59,1
59,1
59,1
59,1
59,1
59,1
60,1
60,1
60,1
60,1
60,1
60,1
60,1
60,1
60,1
60,1
60,1
60,1
61,1
61,1
61,1
61,1
61,1
61,1
61,1
61,1
61,1
61,1
61,1
61,1
61,1
62,0
62,0
62,0
62,0
62,0
62,0
63,1
63,1
63,1
63,1
63,1
63,1
63,1
63,1
63,1
63,1
63,1
63,1
63,1
64,0
64,0
64,0
64,0
64,0
64,0
65,1
65,1
65,1
65,1
65,1
65,1
65,1
65,1
65,1
65,1
65,1
65,1
65,1
66,0
66,0
66,0
66,0
66,0
66,0
66,1
66,1
66,1
66,1
66,1
66,1
67,1
67,1
67,1
67,1
67,1
67,1
68,1
68,1
68,1
68,1
68,1
68,1
68,1
68,1
68,1
68,1
68,1
68,1
68,1
69,1
69,1
69,1
69,1
69,1
69,1
70,0
70,0
70,0
70,0
70,0
70,0
70,0
70,1
70,1
70,1
70,1
70,1
70,1
71,0
71,0
71,0
71,0
71,0
71,0
72,0
72,0
72,0
72,0
72,0
72,0
72,0
72,0
72,0
72,0
72,0
72,0
72,0
73,0
73,0
73,0
73,0
73,0
73,0
73,0
73,0
73,0
73,0
73,0
73,0
74,0
74,0
74,0
74,0
74,0
74,0
74,0
75,0
75,0
75,0
75,0
75,0
75,0
75,0
75,0
75,0
75,0
75,0
75,0
76,0
76,0
76,0
76,0
76,0
76,0
76,0
77,0
77,0
77,0
77,0
77,0
77,0
77,0
77,0
77,0
77,0
77,0
77,0
78,0
78,0
78,0
78,0
78,0
78,0
78,0
78,0
78,0
78,0
78,0
78,0
78,0
79,0
79,0
79,0
79,0
79,0
79,0
80,0
80,0
80,0
80,0
80,0
80,0
80,0
80,0
80,0
80,0
80,0
80,0
80,0
81,0
81,0
81,0
81,0
81,0
81,0
82,0
82,0
82,0
82,0
82,0
82,0
82,0
82,0
82,0
82,0
82,0
82,0
82,0
83,0
83,0
83,0
83,0
83,0
83,0
84,0
84,0
84,0
84,0
84,0
84,0
84,0
84,0
84,0
84,0
84,0
84,0
85,0
85,0
85,0
85,0
85,0
85,0
85,0
85,0
85,0
85,0
85,0
85,0
85,0
86,0
86,0
86,0
86,0
86,0
86,0
87,0
87,0
87,0
87,0
87,0
87,0
87,0
87,0
87,0
87,0
87,0
87,0
87,0
88,-1
88,-1
88,-1
88,-1
88,-1
88,-1
89,0
89,0
89,0
89,0
89,0
89,0
89,0
89,0
89,0
89,0
89,0
89,0
89,0
90,0
90,0
90,0
90,0
90,0
90,0
90,0
90,0
90,0
90,0
90,0
90,0
91,0
91,0
91,0
91,0
91,0
91,0
91,0
92,0
92,0
92,0
92,0
92,0
92,0
92,0
92,0
92,0
92,0
92,0
92,0
93,0
93,0
93,0
93,0
93,0
93,0
93,0
94,0
94,0
94,0
94,0
94,0
94,0
94,0
94,0
94,0
94,0
94,0
94,0
95,0
95,0
95,0
95,0
95,0
95,0
96,0
96,0
96,0
96,0
96,0
96,0
96,0
96,0
96,0
96,0
96,0
96,0
96,0
97,0
97,0
97,0
97,0
97,0
97,0
97,0
97,0
97,0
97,0
97,0
97,0
97,0
98,0
98,0
98,0
98,0
98,0
98,0
99,0
99,0
99,0
99,0
99,0
99,0
99,0
99,0
99,0
99,0
99,0
99,0
99,0
100,0
100,0
100,0
100,0
100,0
100,0
101,0
101,0
101,0
101,0
101,0
101,0
101,0
101,0
101,0
101,0
101,0
101,0
102,1
102,1
102,1
102,1
102,1
102,1
102,1
102,2
102,2
102,2
102,2
102,2
102,2
103,3
103,3
103,3
103,3
103,3
103,3
104,5
104,5
104,5
104,5
104,5
104,5
104,5
104,5
104,5
104,5
104,5
104,5
104,5
105,7
105,7
105,7
105,7
105,7
105,7
106,7
106,7
106,7
106,7
106,7
106,7
106,8
106,8
106,8
106,8
106,8
106,8
106,8
107,9
107,9
107,9
107,9
107,9
107,9
107,11
107,11
107,11
107,11
107,11
107,11
108,12
108,12
108,12
108,12
108,12
108,12
108,12
109,12
109,12
109,12
109,12
109,12
109,12
109,12
109,12
109,12
109,12
109,12
109,12
110,13
110,13
110,13
110,13
110,13
110,13
110,13
111,13
111,13
111,13
111,13
111,13
111,13
111,13
111,13
111,13
111,13
111,13
111,13
112,13
112,13
112,13
112,13
112,13
112,13
113,13
113,13
113,13
113,13
113,13
113,13
113,13
113,14
113,14
113,14
113,14
113,14
113,14
114,14
114,14
114,14
114,14
114,14
114,14
114,15
114,15
114,15
114,15
114,15
114,15
114,15
115,15
115,15
115,15
115,15
115,15
115,15
116,16
116,16
116,16
116,16
116,16
116,16
116,17
116,17
116,17
116,17
116,17
116,17
116,17
117,18
117,18
117,18
117,18
117,18
117,18
118,20
118,20
118,20
118,20
118,20
118,20
118,21
118,21
118,21
118,21
118,21
118,21
119,23
119,23
119,23
119,23
119,23
119,23
119,23
119,25
119,25
119,25
119,25
119,25
119,25
120,27
120,27
120,27
120,27
120,27
120,27
121,29
121,29
121,29
121,29
121,29
121,29
121,29
121,32
121,32
121,32
121,32
121,32
121,32
122,34
122,34
122,34
122,34
122,34
122,34
123,37
123,37
123,37
123,37
123,37
123,37
123,40
123,40
123,40
123,40
123,40
123,40
123,40
124,42
124,42
124,42
124,42
124,42
124,42
125,45
125,45
125,45
125,45
125,45
125,45
125,47
125,47
125,47
125,47
125,47
125,47
125,47
126,50
126,50
126,50
126,50
126,50
126,50
126,53
126,53
126,53
126,53
126,53
126,53
127,57
127,57
127,57
127,57
127,57
127,57
127,57
128,60
128,60
128,60
128,60
128,60
128,60
128,63
128,63
128,63
128,63
128,63
128,63
129,67
129,67
129,67
129,67
129,67
129,67
130,70
130,70
130,70
130,70
130,70
130,70
130,70
130,74
130,74
130,74
130,74
130,74
130,74
131,75
131,75
131,75
131,75
131,75
131,75
131,76
131,76
131,76
131,76
131,76
131,76
131,76
132,76
132,76
132,76
132,76
132,76
132,76
133,76
133,76
133,76
133,76
133,76
133,76
133,76
133,76
133,76
133,76
133,76
133,76
133,76
134,76
134,76
134,76
134,76
134,76
134,76
135,75
135,75
135,75
135,75
135,75
135,75
135,75
135,75
135,75
135,75
135,75
135,75
136,75
136,75
136,75
136,75
136,75
136,75
136,75
137,75
137,75
137,75
137,75
137,75
137,75
137,75
137,75
137,75
137,75
137,75
137,75
138,75
138,75
138,75
138,75
138,75
138,75
138,75
138,75
138,75
138,75
138,75
138,75
138,75
139,75
139,75
139,75
139,75
139,75
139,75
140,76
140,76
140,76
140,76
140,76
140,76
140,76
140,76
140,76
140,76
140,76
140,76
140,76
141,76
141,76
141,76
141,76
141,76
141,76
142,76
142,76
142,76
142,76
142,76
142,76
142,76
142,76
142,76
142,76
142,76
142,76
142,76
143,74
143,74
143,74
143,74
143,74
143,74
143,74
143,74
143,74
143,74
143,74
143,74
144,74
144,74
144,74
144,74
144,74
144,74
144,74
145,74
145,74
145,74
145,74
145,74
145,74
145,75
145,75
145,75
145,75
145,75
145,75
146,74
146,74
146,74
146,74
146,74
146,74
147,76
147,76
147,76
147,76
147,76
147,76
147,76
147,76
147,76
147,76
147,76
147,76
147,76
148,75
148,75
148,75
148,75
148,75
148,75
149,75
149,75
149,75
149,75
149,75
149,75
149,75
149,75
149,75
149,75
149,75
149,75
149,75
150,75
150,75
150,75
150,75
150,75
150,75
150,75
150,75
150,75
150,75
150,75
150,75
150,75
151,75
151,75
151,75
151,75
151,75
151,75
152,76
152,76
152,76
152,76
152,76
152,76
152,76
152,76
152,76
152,76
152,76
152,76
153,76
153,76
153,76
153,76
153,76
153,76
153,76
154,76
154,76
154,76
154,76
154,76
154,76
154,75
154,75
154,75
154,75
154,75
154,75
155,75
155,75
155,75
155,75
155,75
155,75
155,75
155,75
155,75
155,75
155,75
155,75
155,75
156,75
156,75
156,75
156,75
156,75
156,75
157,75
157,75
157,75
157,75
157,75
157,75
157,75
157,76
157,76
157,76
157,76
157,76
157,76
158,75
158,75
158,75
158,75
158,75
158,75
159,75
159,75
159,75
159,75
159,75
159,75
159,75
159,75
159,75
159,75
159,75
159,75
159,75
160,75
160,75
160,75
160,75
160,75
160,75
161,76
161,76
161,76
161,76
161,76
161,76
161,75
161,75
161,75
161,75
161,75
161,75
161,75
162,75
162,75
162,75
162,75
162,75
162,75
162,75
162,75
162,75
162,75
162,75
162,75
163,76
163,76
163,76
163,76
163,76
163,76
164,76
164,76
164,76
164,76
164,76
164,76
164,76
164,75
164,75
164,75
164,75
164,75
164,75
165,75
165,75
165,75
165,75
165,75
165,75
166,75
166,75
166,75
166,75
166,75
166,75
166,75
166,75
166,75
166,75
166,75
166,75
166,75
167,75
167,75
167,75
167,75
167,75
167,75
167,75
167,75
167,75
167,75
167,75
167,75
167,75
168,75
168,75
168,75
168,75
168,75
168,75
169,76
169,76
169,76
169,76
169,76
169,76
169,75
169,75
169,75
169,75
169,75
169,75
170,75
170,75
170,75
170,75
170,75
170,75
170,75
171,75
171,75
171,75
171,75
171,75
171,75
171,75
171,75
171,75
171,75
171,75
171,75
172,75
172,75
172,75
172,75
172,75
172,75
172,75
172,75
172,75
172,75
172,75
172,75
172,75
173,75
173,75
173,75
173,75
173,75
173,75
174,75
174,75
174,75
174,75
174,75
174,75
174,75
174,76
174,76
174,76
174,76
174,76
174,76
175,75
175,75
175,75
175,75
175,75
175,75
176,75
176,75
176,75
176,75
176,75
176,75
176,75
176,75
176,75
176,75
176,75
176,75
176,75
177,76
177,76
177,76
177,76
177,76
177,76
178,75
178,75
178,75
178,75
178,75
178,75
178,75
178,75
178,75
178,75
178,75
178,75
178,75
179,75
179,75
179,75
179,75
179,75
179,75
179,75
179,75
179,75
179,75
179,75
179,75
180,75
180,75
180,75
180,75
180,75
180,75
181,75
181,75
181,75
181,75
181,75
181,75
181,75
181,75
181,75
181,75
181,75
181,75
181,75
182,76
182,76
182,76
182,76
182,76
182,76
183,75
183,75
183,75
183,75
183,75
183,75
183,75
183,75
183,75
183,75
183,75
183,75
183,75
184,76
184,76
184,76
184,76
184,76
184,76
184,75
184,75
184,75
184,75
184,75
184,75
184,75
185,76
185,76
185,76
185,76
185,76
185,76
186,76
186,76
186,76
186,76
186,76
186,76
186,76
186,76
186,76
186,76
186,76
186,76
187,76
187,76
187,76
187,76
187,76
187,76
187,76
188,76
188,76
188,76
188,76
188,76
188,76
188,76
188,76
188,76
188,76
188,76
188,76
189,76
189,76
189,76
189,76
189,76
189,76
189,76
190,76
190,76
190,76
190,76
190,76
190,76
190,76
190,76
190,76
190,76
190,76
190,76
191,76
191,76
191,76
191,76
191,76
191,76
191,76
191,76
191,76
191,76
191,76
191,76
191,76
192,76
192,76
192,76
192,76
192,76
192,76
193,75
193,75
193,75
193,75
193,75
193,75
193,76
193,76
193,76
193,76
193,76
193,76
193,76
194,76
194,76
194,76
194,76
194,76
194,76
195,76
195,76
195,76
195,76
195,76
195,76
195,76
195,76
195,76
195,76
195,76
195,76
195,76
196,76
196,76
196,76
196,76
196,76
196,76
196,76
196,76
196,76
196,76
196,76
196,76
197,76
197,76
197,76
197,76
197,76
197,76
198,75
198,75
198,75
198,75
198,75
198,75
198,75
198,76
198,76
198,76
198,76
198,76
198,76
199,75
199,75
199,75
199,75
199,75
199,75
200,76
200,76
200,76
200,76
200,76
200,76
200,76
200,76
200,76
200,76
200,76
200,76
200,76
201,76
201,76
201,76
201,76
201,76
201,76
202,76
202,76
202,76
202,76
202,76
202,76
202,76
202,76
202,76
202,76
202,76
202,76
202,76
203,76
203,76
203,76
203,76
203,76
203,76
203,76
203,76
203,76
203,76
203,76
203,76
204,76
204,76
204,76
204,76
204,76
204,76
204,76
205,76
205,76
205,76
205,76
205,76
205,76
205,76
205,76
205,76
205,76
205,76
205,76
206,76
206,76
206,76
206,76
206,76
206,76
206,76
207,76
207,76
207,76
207,76
207,76
207,76
207,76
207,76
207,76
207,76
207,76
207,76
208,76
208,76
208,76
208,76
208,76
208,76
208,76
208,75
208,75
208,75
208,75
208,75
208,75
209,75
209,75
209,75
209,75
209,75
209,75
210,76
210,76
210,76
210,76
210,76
210,76
210,75
210,75
210,75
210,75
210,75
210,75
210,75
211,75
211,75
211,75
211,75
211,75
211,75
212,76
212,76
212,76
212,76
212,76
212,76
212,76
212,76
212,76
212,76
212,76
212,76
212,76
213,76
213,76
213,76
213,76
213,76
213,76
214,76
214,76
214,76
214,76
214,76
214,76
214,76
214,76
214,76
214,76
214,76
214,76
215,76
215,76
215,76
215,76
215,76
215,76
215,76
215,76
215,76
215,76
215,76
215,76
215,76
216,76
216,76
216,76
216,76
216,76
216,76
217,76
217,76
217,76
217,76
217,76
217,76
217,76
217,76
217,76
217,76
217,76
217,76
217,76
218,76
218,76
218,76
218,76
218,76
218,76
219,76
219,76
219,76
219,76
219,76
219,76
219,76
219,76
219,76
219,76
219,76
219,76
219,76
220,76
220,76
220,76
220,76
220,76
220,76
220,75
220,75
220,75
220,75
220,75
220,75
221,75
221,75
221,75
221,75
221,75
221,75
221,75
222,75
222,75
222,75
222,75
222,75
222,75
222,76
222,76
222,76
222,76
222,76
222,76
223,76
223,76
223,76
223,76
223,76
223,76
223,76
224,76
224,76
224,76
224,76
224,76
224,76
224,75
224,75
224,75
224,75
224,75
224,75
225,76
225,76
225,76
225,76
225,76
225,76
225,75
225,75
225,75
225,75
225,75
225,75
225,75
226,75
226,75
226,75
226,75
226,75
226,75
227,75
227,75
227,75
227,75
227,75
227,75
227,75
227,75
227,75
227,75
227,75
227,75
227,75
228,75
228,75
228,75
228,75
228,75
228,75
229,75
229,75
229,75
229,75
229,75
229,75
229,75
229,75
229,75
229,75
229,75
229,75
229,75
230,75
230,75
230,75
230,75
230,75
230,75
231,75
231,75
231,75
231,75
231,75
231,75
231,75
231,75
231,75
231,75
231,75
231,75
232,75
232,75
232,75
232,75
232,75
232,75
232,75
232,76
232,76
232,76
232,76
232,76
232,76
233,76
233,76
233,76
233,76
233,76
233,76
234,75
234,75
234,75
234,75
234,75
234,75
234,75
234,76
234,76
234,76
234,76
234,76
234,76
235,76
235,76
235,76
235,76
235,76
235,76
236,75
236,75
236,75
236,75
236,75
236,75
236,75
236,75
236,75
236,75
236,75
236,75
236,75
237,76
237,76
237,76
237,76
237,76
237,76
237,75
237,75
237,75
237,75
237,75
237,75
238,75
238,75
238,75
238,75
238,75
238,75
238,75
239,76
239,76
239,76
239,76
239,76
239,76
239,76
239,76
239,76
239,76
239,76
239,76
240,76
240,76
240,76
240,76
240,76
240,76
240,76
241,76
241,76
241,76
241,76
241,76
241,76
241,76
241,76
241,76
241,76
241,76
241,76
242,75
242,75
242,75
242,75
242,75
242,75
243,75
243,75
243,75
243,75
243,75
243,75
243,75
243,75
243,75
243,75
243,75
243,75
243,75
244,75
244,75
244,75
244,75
244,75
244,75
244,75
244,75
244,75
244,75
244,75
244,75
244,75
245,75
245,75
245,75
245,75
245,75
245,75
246,75
246,75
246,75
246,75
246,75
246,75
246,75
246,75
246,75
246,75
246,75
246,75
246,75
247,75
247,75
247,75
247,75
247,75
247,75
248,75
248,75
248,75
248,75
248,75
248,75
248,75
248,75
248,75
248,75
248,75
248,75
249,75
249,75
249,75
249,75
249,75
249,75
249,75
249,75
249,75
249,75
249,75
249,75
249,75
250,75
250,75
250,75
250,75
250,75
250,75
251,75
251,75
251,75
251,75
251,75
251,75
251,75
251,75
251,75
251,75
251,75
251,75
251,75
252,74
252,74
252,74
252,74
252,74
252,74
253,74
253,74
253,74
253,74
253,74
253,74
253,74
253,74
253,74
253,74
253,74
253,74
253,74
254,74
254,74
254,74
254,74
254,74
254,74
255,74
255,74
255,74
255,74
255,74
255,74
255,74
255,74
255,74
255,74
255,74
255,74
255,74
256,73
256,73
256,73
256,73
256,73
256,73
256,73
256,73
256,73
256,73
256,73
256,73
257,73
257,73
257,73
257,73
257,73
257,73
257,73
258,72
258,72
258,72
258,72
258,72
258,72
258,73
258,73
258,73
258,73
258,73
258,73
259,72
259,72
259,72
259,72
259,72
259,72
260,73
260,73
260,73
260,73
260,73
260,73
260,73
260,73
260,73
260,73
260,73
260,73
260,73
261,72
261,72
261,72
261,72
261,72
261,72
261,72
261,72
261,72
261,72
261,72
261,72
261,72
262,72
262,72
262,72
262,72
262,72
262,72
263,72
263,72
263,72
263,72
263,72
263,72
263,72
263,72
263,72
263,72
263,72
263,72
263,72
264,72
264,72
264,72
264,72
264,72
264,72
265,73
265,73
265,73
265,73
265,73
265,73
265,72
265,72
265,72
265,72
265,72
265,72
266,72
266,72
266,72
266,72
266,72
266,72
266,72
267,72
267,72
267,72
267,72
267,72
267,72
267,72
267,72
267,72
267,72
267,72
267,72
268,72
268,72
268,72
268,72
268,72
268,72
268,72
268,72
268,72
268,72
268,72
268,72
268,72
269,72
269,72
269,72
269,72
269,72
269,72
270,72
270,72
270,72
270,72
270,72
270,72
270,72
270,72
270,72
270,72
270,72
270,72
270,72
271,72
271,72
271,72
271,72
271,72
271,72
272,72
272,72
272,72
272,72
272,72
272,72
272,72
272,72
272,72
272,72
272,72
272,72
272,72
273,72
273,72
273,72
273,72
273,72
273,72
273,72
273,72
273,72
273,72
273,72
273,72
274,72
274,72
274,72
274,72
274,72
274,72
274,72
275,71
275,71
275,71
275,71
275,71
275,71
275,72
275,72
275,72
275,72
275,72
275,72
276,72
276,72
276,72
276,72
276,72
276,72
277,71
277,71
277,71
277,71
277,71
277,71
277,71
277,71
277,71
277,71
277,71
277,71
277,71
278,71
278,71
278,71
278,71
278,71
278,71
279,71
279,71
279,71
279,71
279,71
279,71
279,71
279,70
279,70
279,70
279,70
279,70
279,70
280,70
280,70
280,70
280,70
280,70
280,70
280,70
280,70
280,70
280,70
280,70
280,70
280,70
281,70
281,70
281,70
281,70
281,70
281,70
282,70
282,70
282,70
282,70
282,70
282,70
282,70
282,70
282,70
282,70
282,70
282,70
283,69
283,69
283,69
283,69
283,69
283,69
283,69
284,70
284,70
284,70
284,70
284,70
284,70
284,70
284,70
284,70
284,70
284,70
284,70
285,69
285,69
285,69
285,69
285,69
285,69
285,69
285,70
285,70
285,70
285,70
285,70
285,70
286,69
286,69
286,69
286,69
286,69
286,69
287,69
287,69
287,69
287,69
287,69
287,69
287,69
287,69
287,69
287,69
287,69
287,69
287,69
288,69
288,69
288,69
288,69
288,69
288,69
289,69
289,69
289,69
289,69
289,69
289,69
289,69
289,69
289,69
289,69
289,69
289,69
289,69
290,68
290,68
290,68
290,68
290,68
290,68
290,68
290,68
290,68
290,68
290,68
290,68
291,68
291,68
291,68
291,68
291,68
291,68
291,68
292,68
292,68
292,68
292,68
292,68
292,68
292,68
292,68
292,68
292,68
292,68
292,68
293,69
293,69
293,69
293,69
293,69
293,69
294,68
294,68
294,68
294,68
294,68
294,68
294,68
294,68
294,68
294,68
294,68
294,68
294,68
295,68
295,68
295,68
295,68
295,68
295,68
296,68
296,68
296,68
296,68
296,68
296,68
296,68
296,68
296,68
296,68
296,68
296,68
296,68
297,68
297,68
297,68
297,68
297,68
297,68
297,66
297,66
297,66
297,66
297,66
297,66
297,66
298,67
298,67
298,67
298,67
298,67
298,67
299,67
299,67
299,67
299,67
299,67
299,67
299,66
299,66
299,66
299,66
299,66
299,66
300,66
300,66
300,66
300,66
300,66
300,66
300,66
301,66
301,66
301,66
301,66
301,66
301,66
301,66
301,66
301,66
301,66
301,66
301,66
302,65
302,65
302,65
302,65
302,65
302,65
302,65
302,65
302,65
302,65
302,65
302,65
302,65
303,65
303,65
303,65
303,65
303,65
303,65
304,65
304,65
304,65
304,65
304,65
304,65
304,64
304,64
304,64
304,64
304,64
304,64
304,64
305,64
305,64
305,64
305,64
305,64
305,64
306,63
306,63
306,63
306,63
306,63
306,63
306,62
306,62
306,62
306,62
306,62
306,62
306,62
307,62
307,62
307,62
307,62
307,62
307,62
308,62
308,62
308,62
308,62
308,62
308,62
308,61
308,61
308,61
308,61
308,61
308,61
308,61
309,61
309,61
309,61
309,61
309,61
309,61
309,61
309,61
309,61
309,61
309,61
309,61
310,60
310,60
310,60
310,60
310,60
310,60
311,60
311,60
311,60
311,60
311,60
311,60
311,60
311,60
311,60
311,60
311,60
311,60
311,60
312,60
312,60
312,60
312,60
312,60
312,60
313,59
313,59
313,59
313,59
313,59
313,59
313,59
313,59
313,59
313,59
313,59
313,59
313,59
314,59
314,59
314,59
314,59
314,59
314,59
314,58
314,58
314,58
314,58
314,58
314,58
314,58
315,58
315,58
315,58
315,58
315,58
315,58
316,58
316,58
316,58
316,58
316,58
316,58
316,58
316,58
316,58
316,58
316,58
316,58
317,57
317,57
317,57
317,57
317,57
317,57
317,57
318,58
318,58
318,58
318,58
318,58
318,58
318,57
318,57
318,57
318,57
318,57
318,57
319,57
319,57
319,57
319,57
319,57
319,57
319,57
320,57
320,57
320,57
320,57
320,57
320,57
320,57
320,57
320,57
320,57
320,57
320,57
321,57
321,57
321,57
321,57
321,57
321,57
321,57
321,57
321,57
321,57
321,57
321,57
321,57
322,57
322,57
322,57
322,57
322,57
322,57
323,57
323,57
323,57
323,57
323,57
323,57
323,58
323,58
323,58
323,58
323,58
323,58
323,58
324,58
324,58
324,58
324,58
324,58
324,58
325,58
325,58
325,58
325,58
325,58
325,58
325,59
325,59
325,59
325,59
325,59
325,59
325,59
326,59
326,59
326,59
326,59
326,59
326,59
326,60
326,60
326,60
326,60
326,60
326,60
327,61
327,61
327,61
327,61
327,61
327,61
328,61
328,61
328,61
328,61
328,61
328,61
328,61
328,62
328,62
328,62
328,62
328,62
328,62
329,62
329,62
329,62
329,62
329,62
329,62
330,63
330,63
330,63
330,63
330,63
330,63
330,63
330,63
330,63
330,63
330,63
330,63
330,63
331,65
331,65
331,65
331,65
331,65
331,65
332,65
332,65
332,65
332,65
332,65
332,65
332,65
332,65
332,65
332,65
332,65
332,65
332,65
333,66
333,66
333,66
333,66
333,66
333,66
333,67
333,67
333,67
333,67
333,67
333,67
334,67
334,67
334,67
334,67
334,67
334,67
334,67
335,68
335,68
335,68
335,68
335,68
335,68
335,68
335,68
335,68
335,68
335,68
335,68
336,68
336,68
336,68
336,68
336,68
336,68
336,68
337,68
337,68
337,68
337,68
337,68
337,68
337,68
337,68
337,68
337,68
337,68
337,68
338,69
338,69
338,69
338,69
338,69
338,69
338,69
338,69
338,69
338,69
338,69
338,69
338,69
339,68
339,68
339,68
339,68
339,68
339,68
340,68
340,68
340,68
340,68
340,68
340,68
340,68
340,68
340,68
340,68
340,68
340,68
340,68
341,68
341,68
341,68
341,68
341,68
341,68
342,68
342,68
342,68
342,68
342,68
342,68
342,68
342,68
342,68
342,68
342,68
342,68
342,68
343,67
343,67
343,67
343,67
343,67
343,67
343,67
343,67
343,67
343,67
343,67
343,67
344,67
344,67
344,67
344,67
344,67
344,67
345,66
345,66
345,66
345,66
345,66
345,66
345,66
345,66
345,66
345,66
345,66
345,66
345,66
346,66
346,66
346,66
346,66
346,66
346,66
347,65
347,65
347,65
347,65
347,65
347,65
347,65
347,65
347,65
347,65
347,65
347,65
347,65
348,65
348,65
348,65
348,65
348,65
348,65
349,65
349,65
349,65
349,65
349,65
349,65
349,64
349,64
349,64
349,64
349,64
349,64
349,64
350,64
350,64
350,64
350,64
350,64
350,64
350,64
350,64
350,64
350,64
350,64
350,64
351,64
351,64
351,64
351,64
351,64
351,64
351,64
352,64
352,64
352,64
352,64
352,64
352,64
352,64
352,64
352,64
352,64
352,64
352,64
353,63
353,63
353,63
353,63
353,63
353,63
353,63
354,63
354,63
354,63
354,63
354,63
354,63
354,63
354,63
354,63
354,63
354,63
354,63
355,63
355,63
355,63
355,63
355,63
355,63
355,63
355,63
355,63
355,63
355,63
355,63
355,63
356,63
356,63
356,63
356,63
356,63
356,63
357,63
357,63
357,63
357,63
357,63
357,63
357,64
357,64
357,64
357,64
357,64
357,64
357,64
358,63
358,63
358,63
358,63
358,63
358,63
359,63
359,63
359,63
359,63
359,63
359,63
359,63
359,63
359,63
359,63
359,63
359,63
359,63
360,63
360,63
360,63
360,63
360,63
360,63
361,64
361,64
361,64
361,64
361,64
361,64
361,64
361,64
361,64
361,64
361,64
361,64
362,64
362,64
362,64
362,64
362,64
362,64
362,64
362,64
362,64
362,64
362,64
362,64
362,64
363,64
363,64
363,64
363,64
363,64
363,64
364,64
364,64
364,64
364,64
364,64
364,64
364,64
364,64
364,64
364,64
364,64
364,64
364,64
365,63
365,63
365,63
365,63
365,63
365,63
366,64
366,64
366,64
366,64
366,64
366,64
366,64
366,64
366,64
366,64
366,64
366,64
366,64
367,64
367,64
367,64
367,64
367,64
367,64
367,63
367,63
367,63
367,63
367,63
367,63
368,63
368,63
368,63
368,63
368,63
368,63
368,63
369,63
369,63
369,63
369,63
369,63
369,63
369,62
369,62
369,62
369,62
369,62
369,62
370,62
370,62
370,62
370,62
370,62
370,62
370,62
371,61
371,61
371,61
371,61
371,61
371,61
371,62
371,62
371,62
371,62
371,62
371,62
372,61
372,61
372,61
372,61
372,61
372,61
373,60
373,60
373,60
373,60
373,60
373,60
373,60
373,60
373,60
373,60
373,60
373,60
373,60
374,59
374,59
374,59
374,59
374,59
374,59
374,59
374,59
374,59
374,59
374,59
374,59
374,59
375,58
375,58
375,58
375,58
375,58
375,58
376,57
376,57
376,57
376,57
376,57
376,57
376,57
376,57
376,57
376,57
376,57
376,57
376,57
377,56
377,56
377,56
377,56
377,56
377,56
378,56
378,56
378,56
378,56
378,56
378,56
378,55
378,55
378,55
378,55
378,55
378,55
379,55
379,55
379,55
379,55
379,55
379,55
379,55
379,55
379,55
379,55
379,55
379,55
379,55
380,54
380,54
380,54
380,54
380,54
380,54
381,54
381,54
381,54
381,54
381,54
381,54
381,54
381,53
381,53
381,53
381,53
381,53
381,53
382,53
382,53
382,53
382,53
382,53
382,53
383,52
383,52
383,52
383,52
383,52
383,52
383,52
383,52
383,52
383,52
383,52
383,52
383,52
384,51
384,51
384,51
384,51
384,51
384,51
385,50
385,50
385,50
385,50
385,50
385,50
385,50
385,50
385,50
385,50
385,50
385,50
385,50
386,50
386,50
386,50
386,50
386,50
386,50
386,49
386,49
386,49
386,49
386,49
386,49
387,48
387,48
387,48
387,48
387,48
387,48
387,48
388,48
388,48
388,48
388,48
388,48
388,48
388,48
388,48
388,48
388,48
388,48
388,48
389,47
389,47
389,47
389,47
389,47
389,47
390,47
390,47
390,47
390,47
390,47
390,47
390,47
390,46
390,46
390,46
390,46
390,46
390,46
391,45
391,45
391,45
391,45
391,45
391,45
391,46
391,46
391,46
391,46
391,46
391,46
391,46
392,45
392,45
392,45
392,45
392,45
392,45
393,44
393,44
393,44
393,44
393,44
393,44
393,44
393,44
393,44
393,44
393,44
393,44
393,44
394,43
394,43
394,43
394,43
394,43
394,43
395,42
395,42
395,42
395,42
395,42
395,42
395,42
395,42
395,42
395,42
395,42
395,42
396,41
396,41
396,41
396,41
396,41
396,41
396,41
396,40
396,40
396,40
396,40
396,40
396,40
397,40
397,40
397,40
397,40
397,40
397,40
398,39
398,39
398,39
398,39
398,39
398,39
398,39
398,39
398,39
398,39
398,39
398,39
398,39
399,38
399,38
399,38
399,38
399,38
399,38
400,38
400,38
400,38
400,38
400,38
400,38
400,37
400,37
400,37
400,37
400,37
400,37
400,37
401,36
401,36
401,36
401,36
401,36
401,36
402,36
402,36
402,36
402,36
402,36
402,36
402,35
402,35
402,35
402,35
402,35
402,35
402,35
403,34
403,34
403,34
403,34
403,34
403,34
403,34
403,34
403,34
403,34
403,34
403,34
404,32
404,32
404,32
404,32
404,32
404,32
405,31
405,31
405,31
405,31
405,31
405,31
405,31
405,30
405,30
405,30
405,30
405,30
405,30
406,30
406,30
406,30
406,30
406,30
406,30
407,29
407,29
407,29
407,29
407,29
407,29
407,29
407,28
407,28
407,28
407,28
407,28
407,28
408,27
408,27
408,27
408,27
408,27
408,27
408,26
408,26
408,26
408,26
408,26
408,26
408,26
409,24
409,24
409,24
409,24
409,24
409,24
410,23
410,23
410,23
410,23
410,23
410,23
410,22
410,22
410,22
410,22
410,22
410,22
411,21
411,21
411,21
411,21
411,21
411,21
411,21
412,20
412,20
412,20
412,20
412,20
412,20
412,18
412,18
412,18
412,18
412,18
412,18
413,16
413,16
413,16
413,16
413,16
413,16
413,16
414,15
414,15
414,15
414,15
414,15
414,15
414,13
414,13
414,13
414,13
414,13
414,13
415,11
415,11
415,11
415,11
415,11
415,11
415,10
415,10
415,10
415,10
415,10
415,10
415,10
416,8
416,8
416,8
416,8
416,8
416,8
417,6
417,6
417,6
417,6
417,6
417,6
417,3
417,3
417,3
417,3
417,3
417,3
417,3
418,1
418,1
418,1
418,1
418,1
418,1
419,0
419,0
419,0
419,0
419,0
419,0
419,-2
419,-2
419,-2
419,-2
419,-2
419,-2
419,-2
420,-1
420,-1
420,-1
420,-1
420,-1
420,-1
420,0
420,0
420,0
420,0
420,0
420,0
421,0
421,0
421,0
421,0
421,0
421,0
422,1
422,1
422,1
422,1
422,1
422,1
422,1
422,0
422,0
422,0
422,0
422,0
422,0
423,0
423,0
423,0
423,0
423,0
423,0
424,0
424,0
424,0
424,0
424,0
424,0
424,0
424,0
424,0
424,0
424,0
424,0
424,0
425,-1
425,-1
425,-1
425,-1
425,-1
425,-1
426,-1
426,-1
426,-1
426,-1
426,-1
426,-1
426,-1
426,-1
426,-1
426,-1
426,-1
426,-1
426,-1
427,-1
427,-1
427,-1
427,-1
427,-1
427,-1
427,-2
427,-2
427,-2
427,-2
427,-2
427,-2
428,-2
428,-2
428,-2
428,-2
428,-2
428,-2
428,-2
429,-1
429,-1
429,-1
429,-1
429,-1
429,-1
429,-1
429,-1
429,-1
429,-1
429,-1
429,-1
430,-1
430,-1
430,-1
430,-1
430,-1
430,-1
430,-1
431,-1
431,-1
431,-1
431,-1
431,-1
431,-1
431,-1
431,-1
431,-1
431,-1
431,-1
431,-1
432,-1
432,-1
432,-1
432,-1
432,-1
432,-1
432,-1
432,-1
432,-1
432,-1
432,-1
432,-1
432,-1
433,-1
433,-1
433,-1
433,-1
433,-1
433,-1
434,-2
434,-2
434,-2
434,-2
434,-2
434,-2
434,-1
434,-1
434,-1
434,-1
434,-1
434,-1
434,-1
435,-1
435,-1
435,-1
435,-1
435,-1
435,-1
436,-1
436,-1
436,-1
436,-1
436,-1
436,-1
436,-1
436,-1
436,-1
436,-1
436,-1
436,-1
437,-1
437,-1
437,-1
437,-1
437,-1
437,-1
437,-1
438,-2
438,-2
438,-2
438,-2
438,-2
438,-2
438,-1
438,-1
438,-1
438,-1
438,-1
438,-1
439,-1
439,-1
439,-1
439,-1
439,-1
439,-1
439,-1
439,-1
439,-1
439,-1
439,-1
439,-1
439,-1
440,-1
440,-1
440,-1
440,-1
440,-1
440,-1
441,-2
441,-2
441,-2
441,-2
441,-2
441,-2
441,-2
441,-1
441,-1
441,-1
441,-1
441,-1
441,-1
442,-1
442,-1
442,-1
442,-1
442,-1
442,-1
443,-1
443,-1
443,-1
443,-1
443,-1
443,-1
443,-1
443,-1
443,-1
443,-1
443,-1
443,-1
443,-1
444,-1
444,-1
444,-1
444,-1
444,-1
444,-1
444,-1
444,-1
444,-1
444,-1
444,-1
444,-1
445,-1
445,-1
445,-1
445,-1
445,-1
445,-1
445,-1
446,-1
446,-1
446,-1
446,-1
446,-1
446,-1
446,-1
446,-1
446,-1
446,-1
446,-1
446,-1
447,-1
447,-1
447,-1
447,-1
447,-1
447,-1
448,-1
448,-1
448,-1
448,-1
448,-1
448,-1
448,-1
448,-1
448,-1
448,-1
448,-1
448,-1
448,-1
449,-1
449,-1
449,-1
449,-1
449,-1
449,-1
449,-1
449,-1
449,-1
449,-1
449,-1
449,-1
449,-1
450,-1
450,-1
450,-1
450,-1
450,-1
450,-1
451,-1
451,-1
451,-1
451,-1
451,-1
451,-1
451,-1
451,-1
451,-1
451,-1
451,-1
451,-1
451,-1
452,-2
452,-2
452,-2
452,-2
452,-2
452,-2
453,-1
453,-1
453,-1
453,-1
453,-1
453,-1
453,-1
453,-1
453,-1
453,-1
453,-1
453,-1
454,-1
454,-1
454,-1
454,-1
454,-1
454,-1
454,-1
455,-1
455,-1
455,-1
455,-1
455,-1
455,-1
455,-1
455,-1
455,-1
455,-1
455,-1
455,-1
456,-1
456,-1
456,-1
456,-1
456,-1
456,-1
456,-1
456,-1
456,-1
456,-1
456,-1
456,-1
456,-1
457,-1
457,-1
457,-1
457,-1
457,-1
457,-1
458,-1
458,-1
458,-1
458,-1
458,-1
458,-1
458,-1
458,-1
458,-1
458,-1
458,-1
458,-1
458,-1
459,-2
459,-2
459,-2
459,-2
459,-2
459,-2
460,-2
460,-2
460,-2
460,-2
460,-2
460,-2
460,-1
460,-1
460,-1
460,-1
460,-1
460,-1
460,-1
461,-1
461,-1
461,-1
461,-1
461,-1
461,-1
461,-1
461,-1
461,-1
461,-1
461,-1
461,-1
462,-1
462,-1
462,-1
462,-1
462,-1
462,-1
462,-1
463,-1
463,-1
463,-1
463,-1
463,-1
463,-1
463,-2
463,-2
463,-2
463,-2
463,-2
463,-2
464,-1
464,-1
464,-1
464,-1
464,-1
464,-1
465,-2
465,-2
465,-2
465,-2
465,-2
465,-2
465,-2
465,-2
465,-2
465,-2
465,-2
465,-2
465,-2
466,-1
466,-1
466,-1
466,-1
466,-1
466,-1
467,-1
467,-1
467,-1
467,-1
467,-1
467,-1
467,-1
467,-2
467,-2
467,-2
467,-2
467,-2
467,-2
468,-2
468,-2
468,-2
468,-2
468,-2
468,-2
468,-2
468,-2
468,-2
468,-2
468,-2
468,-2
468,-2
469,-1
469,-1
469,-1
469,-1
469,-1
469,-1
470,-1
470,-1
470,-1
470,-1
470,-1
470,-1
470,-2
470,-2
470,-2
470,-2
470,-2
470,-2
471,-2
471,-2
471,-2
471,-2
471,-2
471,-2
471,-2
472,-2
472,-2
472,-2
472,-2
472,-2
472,-2
472,-2
472,-2
472,-2
472,-2
472,-2
472,-2
473,-1
473,-1
473,-1
473,-1
473,-1
473,-1
473,-1
473,-2
473,-2
473,-2
473,-2
473,-2
473,-2
474,-2
474,-2
474,-2
474,-2
474,-2
474,-2
475,-2
475,-2
475,-2
475,-2
475,-2
475,-2
475,-1
475,-1
475,-1
475,-1
475,-1
475,-1
475,-1
476,-1
476,-1
476,-1
476,-1
476,-1
476,-1
477,-2
477,-2
477,-2
477,-2
477,-2
477,-2
477,-2
477,-2
477,-2
477,-2
477,-2
477,-2
477,-2
478,-2
478,-2
478,-2
478,-2
478,-2
478,-2
479,-1
479,-1
479,-1
479,-1
479,-1
479,-1
479,-1
479,-1
479,-1
479,-1
479,-1
479,-1
479,-1
480,-2
480,-2
480,-2
480,-2
480,-2
480,-2
480,-2
480,-2
480,-2
480,-2
480,-2
480,-2
481,-1
481,-1
481,-1
481,-1
481,-1
481,-1
482,-2
482,-2
482,-2
482,-2
482,-2
482,-2
482,-2
482,-2
482,-2
482,-2
482,-2
482,-2
482,-2
483,-2
483,-2
483,-2
483,-2
483,-2
483,-2
484,-2
484,-2
484,-2
484,-2
484,-2
484,-2
484,-2
484,-2
484,-2
484,-2
484,-2
484,-2
484,-2
485,-2
485,-2
485,-2
485,-2
485,-2
485,-2
485,-1
485,-1
485,-1
485,-1
485,-1
485,-1
486,-2
486,-2
486,-2
486,-2
486,-2
486,-2
486,-2
487,-1
487,-1
487,-1
487,-1
487,-1
487,-1
487,-2
487,-2
487,-2
487,-2
487,-2
487,-2
488,-2
488,-2
488,-2
488,-2
488,-2
488,-2
488,-2
489,-1
489,-1
489,-1
489,-1
489,-1
489,-1
489,-2
489,-2
489,-2
489,-2
489,-2
489,-2
490,-1
490,-1
490,-1
490,-1
490,-1
490,-1
490,-1
490,-2
490,-2
490,-2
490,-2
490,-2
490,-2
491,-2
491,-2
491,-2
491,-2
491,-2
491,-2
492,-1
492,-1
492,-1
492,-1
492,-1
492,-1
492,-1
492,-1
492,-1
492,-1
492,-1
492,-1
492,-1
493,-2
493,-2
493,-2
493,-2
493,-2
493,-2
494,-2
494,-2
494,-2
494,-2
494,-2
494,-2
494,-2
494,-2
494,-2
494,-2
494,-2
494,-2
494,-2
495,-1
495,-1
495,-1
495,-1
495,-1
495,-1
496,-1
496,-1
496,-1
496,-1
496,-1
496,-1
496,-2
496,-2
496,-2
496,-2
496,-2
496,-2
496,-2
497,-1
497,-1
497,-1
497,-1
497,-1
497,-1
497,-2
497,-2
497,-2
497,-2
497,-2
497,-2
498,-1
498,-1
498,-1
498,-1
498,-1
498,-1
499,-2
499,-2
499,-2
499,-2
499,-2
499,-2
499,-2
499,-1
499,-1
499,-1
499,-1
499,-1
499,-1
500,-2
500,-2
500,-2
500,-2
500,-2
500,-2
501,-1
501,-1
501,-1
501,-1
501,-1
501,-1
501,-1
501,-1
501,-1
501,-1
501,-1
501,-1
501,-1
502,-1
502,-1
502,-1
502,-1
502,-1
502,-1
502,-1
502,-1
502,-1
502,-1
502,-1
502,-1
503,-1
503,-1
503,-1
503,-1
503,-1
503,-1
503,-1
504,-1
504,-1
504,-1
504,-1
504,-1
504,-1
504,-1
504,-1
504,-1
504,-1
504,-1
504,-1
505,-1
505,-1
505,-1
505,-1
505,-1
505,-1
505,-1
506,-2
506,-2
506,-2
506,-2
506,-2
506,-2
506,-2
506,-2
506,-2
506,-2
506,-2
506,-2
507,-1
507,-1
507,-1
507,-1
507,-1
507,-1
507,-1
508,-2
508,-2
508,-2
508,-2
508,-2
508,-2
508,-2
508,-2
508,-2
508,-2
508,-2
508,-2
509,-1
509,-1
509,-1
509,-1
509,-1
509,-1
509,-2
509,-2
509,-2
509,-2
509,-2
509,-2
509,-2
510,-1
510,-1
510,-1
510,-1
510,-1
510,-1
511,-1
511,-1
511,-1
511,-1
511,-1
511,-1
511,-2
511,-2
511,-2
511,-2
511,-2
511,-2
511,-2
512,-2
512,-2
512,-2
512,-2
512,-2
512,-2
513,-1
513,-1
513,-1
513,-1
513,-1
513,-1
513,-1
513,-1
513,-1
513,-1
513,-1
513,-1
514,-1
514,-1
514,-1
514,-1
514,-1
514,-1
514,-1
514,-1
514,-1
514,-1
514,-1
514,-1
514,-1
515,-1
515,-1
515,-1
515,-1
515,-1
515,-1
516,-1
516,-1
516,-1
516,-1
516,-1
516,-1
516,-1
516,-1
516,-1
516,-1
516,-1
516,-1
516,-1
517,-1
517,-1
517,-1
517,-1
517,-1
517,-1
518,-1
518,-1
518,-1
518,-1
518,-1
518,-1
518,-1
518,-1
518,-1
518,-1
518,-1
518,-1
518,-1
519,-1
519,-1
519,-1
519,-1
519,-1
519,-1
520,0
520,0
520,0
520,0
520,0
520,0
520,-1
520,-1
520,-1
520,-1
520,-1
520,-1
520,-1
521,-1
521,-1
521,-1
521,-1
521,-1
521,-1
521,-1
521,-1
521,-1
521,-1
521,-1
521,-1
522,-1
522,-1
522,-1
522,-1
522,-1
522,-1
522,-1
523,-1
523,-1
523,-1
523,-1
523,-1
523,-1
523,-1
523,-1
523,-1
523,-1
523,-1
523,-1
524,-1
524,-1
524,-1
524,-1
524,-1
524,-1
524,-1
525,-1
525,-1
525,-1
525,-1
525,-1
525,-1
525,-1
525,-1
525,-1
525,-1
525,-1
525,-1
526,-1
526,-1
526,-1
526,-1
526,-1
526,-1
526,0
526,0
526,0
526,0
526,0
526,0
526,0
527,0
527,0
527,0
527,0
527,0
527,0
528,0
528,0
528,0
528,0
528,0
528,0
528,-1
528,-1
528,-1
528,-1
528,-1
528,-1
528,-1
529,0
529,0
529,0
529,0
529,0
529,0
530,0
530,0
530,0
530,0
530,0
530,0
530,0
530,0
530,0
530,0
530,0
530,0
531,0
531,0
531,0
531,0
531,0
531,0
531,0
531,1
531,1
531,1
531,1
531,1
531,1
532,0
532,0
532,0
532,0
532,0
532,0
533,1
533,1
533,1
533,1
533,1
533,1
533,1
533,1
533,1
533,1
533,1
533,1
533,1
534,1
534,1
534,1
534,1
534,1
534,1
535,1
535,1
535,1
535,1
535,1
535,1
535,1
535,1
535,1
535,1
535,1
535,1
535,1
536,1
536,1
536,1
536,1
536,1
536,1
537,1
537,1
537,1
537,1
537,1
537,1
537,1
537,1
537,1
537,1
537,1
537,1
537,1
538,1
538,1
538,1
538,1
538,1
538,1
538,2
538,2
538,2
538,2
538,2
538,2
539,2
539,2
539,2
539,2
539,2
539,2
539,2
540,2
540,2
540,2
540,2
540,2
540,2
540,2
540,2
540,2
540,2
540,2
540,2
541,3
541,3
541,3
541,3
541,3
541,3
542,3
542,3
542,3
542,3
542,3
542,3
542,3
542,3
542,3
542,3
542,3
542,3
542,3
543,4
543,4
543,4
543,4
543,4
543,4
543,4
543,4
543,4
543,4
543,4
543,4
543,4
544,4
544,4
544,4
544,4
544,4
544,4
545,5
545,5
545,5
545,5
545,5
545,5
545,6
545,6
545,6
545,6
545,6
545,6
546,6
546,6
546,6
546,6
546,6
546,6
546,6
547,7
547,7
547,7
547,7
547,7
547,7
547,8
547,8
547,8
547,8
547,8
547,8
548,8
548,8
548,8
548,8
548,8
548,8
548,8
549,10
549,10
549,10
549,10
549,10
549,10
549,11
549,11
549,11
549,11
549,11
549,11
550,12
550,12
550,12
550,12
550,12
550,12
550,13
550,13
550,13
550,13
550,13
550,13
550,13
551,14
551,14
551,14
551,14
551,14
551,14
552,16
552,16
552,16
552,16
552,16
552,16
552,18
552,18
552,18
552,18
552,18
552,18
552,18
553,19
553,19
553,19
553,19
553,19
553,19
554,21
554,21
554,21
554,21
554,21
554,21
554,23
554,23
554,23
554,23
554,23
554,23
554,23
555,25
555,25
555,25
555,25
555,25
555,25
555,27
555,27
555,27
555,27
555,27
555,27
556,29
556,29
556,29
556,29
556,29
556,29
557,31
557,31
557,31
557,31
557,31
557,31
557,31
557,34
557,34
557,34
557,34
557,34
557,34
558,36
558,36
558,36
558,36
558,36
558,36
559,39
559,39
559,39
559,39
559,39
559,39
559,39
559,41
559,41
559,41
559,41
559,41
559,41
560,43
560,43
560,43
560,43
560,43
560,43
560,46
560,46
560,46
560,46
560,46
560,46
561,49
561,49
561,49
561,49
561,49
561,49
561,49
562,52
562,52
562,52
562,52
562,52
562,52
562,54
562,54
562,54
562,54
562,54
562,54
563,58
563,58
563,58
563,58
563,58
563,58
563,58
564,62
564,62
564,62
564,62
564,62
564,62
564,64
564,64
564,64
564,64
564,64
564,64
565,68
565,68
565,68
565,68
565,68
565,68
565,68
566,71
566,71
566,71
566,71
566,71
566,71
566,75
566,75
566,75
566,75
566,75
566,75
567,74
567,74
567,74
567,74
567,74
567,74
567,74
567,74
567,74
567,74
567,74
567,74
567,74
568,74
568,74
568,74
568,74
568,74
568,74
569,74
569,74
569,74
569,74
569,74
569,74
569,74
569,74
569,74
569,74
569,74
569,74
569,74
570,75
570,75
570,75
570,75
570,75
570,75
571,74
571,74
571,74
571,74
571,74
571,74
571,75
571,75
571,75
571,75
571,75
571,75
572,75
572,75
572,75
572,75
572,75
572,75
572,75
572,75
572,75
572,75
572,75
572,75
572,75
573,74
573,74
573,74
573,74
573,74
573,74
574,75
574,75
574,75
574,75
574,75
574,75
574,75
574,75
574,75
574,75
574,75
574,75
574,75
575,75
575,75
575,75
575,75
575,75
575,75
576,75
576,75
576,75
576,75
576,75
576,75
576,75
576,75
576,75
576,75
576,75
576,75
576,75
577,75
577,75
577,75
577,75
577,75
577,75
578,75
578,75
578,75
578,75
578,75
578,75
578,75
578,75
578,75
578,75
578,75
578,75
578,75
579,75
579,75
579,75
579,75
579,75
579,75
579,75
579,75
579,75
579,75
579,75
579,75
580,74
580,74
580,74
580,74
580,74
580,74
580,74
581,75
581,75
581,75
581,75
581,75
581,75
581,75
581,75
581,75
581,75
581,75
581,75
582,75
582,75
582,75
582,75
582,75
582,75
583,75
583,75
583,75
583,75
583,75
583,75
583,75
583,75
583,75
583,75
583,75
583,75
583,75
584,75
584,75
584,75
584,75
584,75
584,75
584,75
584,75
584,75
584,75
584,75
584,75
584,75
585,75
585,75
585,75
585,75
585,75
585,75
586,75
586,75
586,75
586,75
586,75
586,75
586,75
586,75
586,75
586,75
586,75
586,75
586,75
587,75
587,75
587,75
587,75
587,75
587,75
588,75
588,75
588,75
588,75
588,75
588,75
588,75
588,75
588,75
588,75
588,75
588,75
589,75
589,75
589,75
589,75
589,75
589,75
589,75
589,75
589,75
589,75
589,75
589,75
589,75
590,75
590,75
590,75
590,75
590,75
590,75
591,75
591,75
591,75
591,75
591,75
591,75
591,75
591,75
591,75
591,75
591,75
591,75
591,75
592,75
592,75
592,75
592,75
592,75
592,75
593,75
593,75
593,75
593,75
593,75
593,75
593,75
593,75
593,75
593,75
593,75
593,75
593,75
594,75
594,75
594,75
594,75
594,75
594,75
595,75
595,75
595,75
595,75
595,75
595,75
595,75
595,75
595,75
595,75
595,75
595,75
595,75
596,74
596,74
596,74
596,74
596,74
596,74
596,75
596,75
596,75
596,75
596,75
596,75
597,75
597,75
597,75
597,75
597,75
597,75
598,75
598,75
598,75
598,75
598,75
598,75
598,75
598,75
598,75
598,75
598,75
598,75
598,75
599,75
599,75
599,75
599,75
599,75
599,75
600,75
600,75
600,75
600,75
600,75
600,75
600,75
600,75
600,75
600,75
600,75
600,75
600,75
601,75
601,75
601,75
601,75
601,75
601,75
601,75
601,75
601,75
601,75
601,75
601,75
601,75
602,75
602,75
602,75
602,75
602,75
602,75
603,75
603,75
603,75
603,75
603,75
603,75
603,75
603,75
603,75
603,75
603,75
603,75
604,75
604,75
604,75
604,75
604,75
604,75
604,75
605,75
605,75
605,75
605,75
605,75
605,75
605,75
605,75
605,75
605,75
605,75
605,75
606,75
606,75
606,75
606,75
606,75
606,75
606,75
607,75
607,75
607,75
607,75
607,75
607,75
607,75
607,75
607,75
607,75
607,75
607,75
608,75
608,75
608,75
608,75
608,75
608,75
608,75
608,75
608,75
608,75
608,75
608,75
608,75
609,75
609,75
609,75
609,75
609,75
609,75
610,75
610,75
610,75
610,75
610,75
610,75
610,75
610,75
610,75
610,75
610,75
610,75
610,75
611,75
611,75
611,75
611,75
611,75
611,75
612,75
612,75
612,75
612,75
612,75
612,75
612,75
612,75
612,75
612,75
612,75
612,75
613,76
613,76
613,76
613,76
613,76
613,76
613,76
613,75
613,75
613,75
613,75
613,75
613,75
614,75
614,75
614,75
614,75
614,75
614,75
615,75
615,75
615,75
615,75
615,75
615,75
615,75
615,75
615,75
615,75
615,75
615,75
615,75
616,75
616,75
616,75
616,75
616,75
616,75
617,75
617,75
617,75
617,75
617,75
617,75
617,75
617,75
617,75
617,75
617,75
617,75
617,75
618,75
618,75
618,75
618,75
618,75
618,75
618,75
618,75
618,75
618,75
618,75
618,75
619,75
619,75
619,75
619,75
619,75
619,75
619,75
620,75
620,75
620,75
620,75
620,75
620,75
620,75
620,75
620,75
620,75
620,75
620,75
621,75
621,75
621,75
621,75
621,75
621,75
621,75
622,75
622,75
622,75
622,75
622,75
622,75
622,75
622,75
622,75
622,75
622,75
622,75
623,75
623,75
623,75
623,75
623,75
623,75
624,75
624,75
624,75
624,75
624,75
624,75
624,75
624,75
624,75
624,75
624,75
624,75
624,75
625,75
625,75
625,75
625,75
625,75
625,75
625,75
625,75
625,75
625,75
625,75
625,75
625,75
626,75
626,75
626,75
626,75
626,75
626,75
627,75
627,75
627,75
627,75
627,75
627,75
627,75
627,75
627,75
627,75
627,75
627,75
628,75
628,75
628,75
628,75
628,75
628,75
628,75
629,75
629,75
629,75
629,75
629,75
629,75
629,75
629,75
629,75
629,75
629,75
629,75
630,75
630,75
630,75
630,75
630,75
630,75
630,75
630,75
630,75
630,75
630,75
630,75
630,75
631,75
631,75
631,75
631,75
631,75
631,75
632,75
632,75
632,75
632,75
632,75
632,75
632,75
632,75
632,75
632,75
632,75
632,75
632,75
633,75
633,75
633,75
633,75
633,75
633,75
634,75
634,75
634,75
634,75
634,75
634,75
634,75
634,75
634,75
634,75
634,75
634,75
634,75
635,75
635,75
635,75
635,75
635,75
635,75
636,75
636,75
636,75
636,75
636,75
636,75
636,75
636,75
636,75
636,75
636,75
636,75
636,75
637,75
637,75
637,75
637,75
637,75
637,75
637,76
637,76
637,76
637,76
637,76
637,76
638,75
638,75
638,75
638,75
638,75
638,75
639,75
639,75
639,75
639,75
639,75
639,75
639,75
639,75
639,75
639,75
639,75
639,75
639,75
640,75
640,75
640,75
640,75
640,75
640,75
641,75
641,75
641,75
641,75
641,75
641,75
641,75
641,76
641,76
641,76
641,76
641,76
641,76
642,75
642,75
642,75
642,75
642,75
642,75
642,75
642,75
642,75
642,75
642,75
642,75
643,75
643,75
643,75
643,75
643,75
643,75
643,75
644,75
644,75
644,75
644,75
644,75
644,75
644,75
644,75
644,75
644,75
644,75
644,75
645,75
645,75
645,75
645,75
645,75
645,75
645,75
646,75
646,75
646,75
646,75
646,75
646,75
646,75
646,75
646,75
646,75
646,75
646,75
647,75
647,75
647,75
647,75
647,75
647,75
647,75
647,75
647,75
647,75
647,75
647,75
647,75
648,75
648,75
648,75
648,75
648,75
648,75
649,75
649,75
649,75
649,75
649,75
649,75
649,75
649,75
649,75
649,75
649,75
649,75
649,75
650,75
650,75
650,75
650,75
650,75
650,75
651,75
651,75
651,75
651,75
651,75
651,75
651,75
651,75
651,75
651,75
651,75
651,75
651,75
652,75
652,75
652,75
652,75
652,75
652,75
653,75
653,75
653,75
653,75
653,75
653,75
653,75
653,75
653,75
653,75
653,75
653,75
654,75
654,75
654,75
654,75
654,75
654,75
654,75
654,74
654,74
654,74
654,74
654,74
654,74
655,75
655,75
655,75
655,75
655,75
655,75
656,74
656,74
656,74
656,74
656,74
656,74
656,74
656,75
656,75
656,75
656,75
656,75
656,75
657,75
657,75
657,75
657,75
657,75
657,75
658,75
658,75
658,75
658,75
658,75
658,75
658,75
658,74
658,74
658,74
658,74
658,74
658,74
659,75
659,75
659,75
659,75
659,75
659,75
659,74
659,74
659,74
659,74
659,74
659,74
660,75
660,75
660,75
660,75
660,75
660,75
660,75
661,74
661,74
661,74
661,74
661,74
661,74
661,74
661,74
661,74
661,74
661,74
661,74
662,74
662,74
662,74
662,74
662,74
662,74
662,74
663,74
663,74
663,74
663,74
663,74
663,74
663,75
663,75
663,75
663,75
663,75
663,75
664,74
664,74
664,74
664,74
664,74
664,74
664,74
665,75
665,75
665,75
665,75
665,75
665,75
665,74
665,74
665,74
665,74
665,74
665,74
666,74
666,74
666,74
666,74
666,74
666,74
666,74
666,74
666,74
666,74
666,74
666,74
666,74
667,75
667,75
667,75
667,75
667,75
667,75
668,74
668,74
668,74
668,74
668,74
668,74
668,74
668,74
668,74
668,74
668,74
668,74
668,74
669,74
669,74
669,74
669,74
669,74
669,74
670,74
670,74
670,74
670,74
670,74
670,74
670,75
670,75
670,75
670,75
670,75
670,75
671,75
671,75
671,75
671,75
671,75
671,75
671,75
671,74
671,74
671,74
671,74
671,74
671,74
672,74
672,74
672,74
672,74
672,74
672,74
673,74
673,74
673,74
673,74
673,74
673,74
673,74
673,74
673,74
673,74
673,74
673,74
673,74
674,74
674,74
674,74
674,74
674,74
674,74
675,74
675,74
675,74
675,74
675,74
675,74
675,74
675,74
675,74
675,74
675,74
675,74
675,74
676,73
676,73
676,73
676,73
676,73
676,73
676,73
676,73
676,73
676,73
676,73
676,73
677,73
677,73
677,73
677,73
677,73
677,73
677,73
678,73
678,73
678,73
678,73
678,73
678,73
678,73
678,73
678,73
678,73
678,73
678,73
679,73
679,73
679,73
679,73
679,73
679,73
679,73
680,72
680,72
680,72
680,72
680,72
680,72
680,72
680,72
680,72
680,72
680,72
680,72
681,72
681,72
681,72
681,72
681,72
681,72
682,72
682,72
682,72
682,72
682,72
682,72
682,72
682,72
682,72
682,72
682,72
682,72
682,72
683,72
683,72
683,72
683,72
683,72
683,72
683,72
683,72
683,72
683,72
683,72
683,72
683,72
684,71
684,71
684,71
684,71
684,71
684,71
685,72
685,72
685,72
685,72
685,72
685,72
685,72
685,72
685,72
685,72
685,72
685,72
686,72
686,72
686,72
686,72
686,72
686,72
686,72
687,71
687,71
687,71
687,71
687,71
687,71
687,71
687,71
687,71
687,71
687,71
687,71
688,71
688,71
688,71
688,71
688,71
688,71
688,71
688,71
688,71
688,71
688,71
688,71
688,71
689,71
689,71
689,71
689,71
689,71
689,71
690,71
690,71
690,71
690,71
690,71
690,71
690,71
690,71
690,71
690,71
690,71
690,71
690,71
691,71
691,71
691,71
691,71
691,71
691,71
692,71
692,71
692,71
692,71
692,71
692,71
692,70
692,70
692,70
692,70
692,70
692,70
692,70
693,70
693,70
693,70
693,70
693,70
693,70
694,70
694,70
694,70
694,70
694,70
694,70
694,71
694,71
694,71
694,71
694,71
694,71
694,71
695,71
695,71
695,71
695,71
695,71
695,71
695,70
695,70
695,70
695,70
695,70
695,70
696,70
696,70
696,70
696,70
696,70
696,70
697,70
697,70
697,70
697,70
697,70
697,70
697,70
697,70
697,70
697,70
697,70
697,70
697,70
698,70
698,70
698,70
698,70
698,70
698,70
699,70
699,70
699,70
699,70
699,70
699,70
699,70
699,69
699,69
699,69
699,69
699,69
699,69
700,69
700,69
700,69
700,69
700,69
700,69
700,70
700,70
700,70
700,70
700,70
700,70
700,70
701,69
701,69
701,69
701,69
701,69
701,69
702,69
702,69
702,69
702,69
702,69
702,69
702,69
702,69
702,69
702,69
702,69
702,69
703,69
703,69
703,69
703,69
703,69
703,69
703,69
704,69
704,69
704,69
704,69
704,69
704,69
704,69
704,69
704,69
704,69
704,69
704,69
705,69
705,69
705,69
705,69
705,69
705,69
705,69
705,69
705,69
705,69
705,69
705,69
705,69
706,69
706,69
706,69
706,69
706,69
706,69
707,68
707,68
707,68
707,68
707,68
707,68
707,68
707,68
707,68
707,68
707,68
707,68
707,68
708,68
708,68
708,68
708,68
708,68
708,68
709,68
709,68
709,68
709,68
709,68
709,68
709,68
709,68
709,68
709,68
709,68
709,68
709,68
710,68
710,68
710,68
710,68
710,68
710,68
711,67
711,67
711,67
711,67
711,67
711,67
711,68
711,68
711,68
711,68
711,68
711,68
712,67
712,67
712,67
712,67
712,67
712,67
712,67
712,67
712,67
712,67
712,67
712,67
712,67
713,68
713,68
713,68
713,68
713,68
713,68
714,67
714,67
714,67
714,67
714,67
714,67
714,67
714,67
714,67
714,67
714,67
714,67
714,67
715,67
715,67
715,67
715,67
715,67
715,67
716,67
716,67
716,67
716,67
716,67
716,67
716,67
716,67
716,67
716,67
716,67
716,67
716,67
717,67
717,67
717,67
717,67
717,67
717,67
717,66
717,66
717,66
717,66
717,66
717,66
718,66
718,66
718,66
718,66
718,66
718,66
718,66
719,66
719,66
719,66
719,66
719,66
719,66
719,65
719,65
719,65
719,65
719,65
719,65
720,65
720,65
720,65
720,65
720,65
720,65
720,65
721,64
721,64
721,64
721,64
721,64
721,64
721,64
721,64
721,64
721,64
721,64
721,64
722,64
722,64
722,64
722,64
722,64
722,64
723,64
723,64
723,64
723,64
723,64
723,64
723,64
723,64
723,64
723,64
723,64
723,64
723,64
724,63
724,63
724,63
724,63
724,63
724,63
724,63
724,63
724,63
724,63
724,63
724,63
724,63
725,62
725,62
725,62
725,62
725,62
725,62
726,62
726,62
726,62
726,62
726,62
726,62
726,62
726,62
726,62
726,62
726,62
726,62
726,62
727,62
727,62
727,62
727,62
727,62
727,62
728,61
728,61
728,61
728,61
728,61
728,61
728,62
728,62
728,62
728,62
728,62
728,62
729,61
729,61
729,61
729,61
729,61
729,61
729,61
729,62
729,62
729,62
729,62
729,62
729,62
730,61
730,61
730,61
730,61
730,61
730,61
731,61
731,61
731,61
731,61
731,61
731,61
731,61
731,61
731,61
731,61
731,61
731,61
731,61
732,61
732,61
732,61
732,61
732,61
732,61
733,61
733,61
733,61
733,61
733,61
733,61
733,61
733,61
733,61
733,61
733,61
733,61
733,61
734,60
734,60
734,60
734,60
734,60
734,60
734,60
734,60
734,60
734,60
734,60
734,60
735,60
735,60
735,60
735,60
735,60
735,60
735,60
736,59
736,59
736,59
736,59
736,59
736,59
736,59
736,59
736,59
736,59
736,59
736,59
737,59
737,59
737,59
737,59
737,59
737,59
737,59
738,58
738,58
738,58
738,58
738,58
738,58
738,58
738,58
738,58
738,58
738,58
738,58
739,58
739,58
739,58
739,58
739,58
739,58
740,57
740,57
740,57
740,57
740,57
740,57
740,57
740,56
740,56
740,56
740,56
740,56
740,56
741,56
741,56
741,56
741,56
741,56
741,56
741,55
741,55
741,55
741,55
741,55
741,55
741,55
742,54
742,54
742,54
742,54
742,54
742,54
743,54
743,54
743,54
743,54
743,54
743,54
743,53
743,53
743,53
743,53
743,53
743,53
744,53
744,53
744,53
744,53
744,53
744,53
744,53
745,52
745,52
745,52
745,52
745,52
745,52
745,51
745,51
745,51
745,51
745,51
745,51
746,50
746,50
746,50
746,50
746,50
746,50
746,50
746,49
746,49
746,49
746,49
746,49
746,49
747,49
747,49
747,49
747,49
747,49
747,49
748,48
748,48
748,48
748,48
748,48
748,48
748,48
748,47
748,47
748,47
748,47
748,47
748,47
749,47
749,47
749,47
749,47
749,47
749,47
750,46
750,46
750,46
750,46
750,46
750,46
750,45
750,45
750,45
750,45
750,45
750,45
750,45
751,44
751,44
751,44
751,44
751,44
751,44
752,44
752,44
752,44
752,44
752,44
752,44
752,43
752,43
752,43
752,43
752,43
752,43
752,43
753,42
753,42
753,42
753,42
753,42
753,42
753,42
753,42
753,42
753,42
753,42
753,42
754,41
754,41
754,41
754,41
754,41
754,41
755,40
755,40
755,40
755,40
755,40
755,40
755,40
755,39
755,39
755,39
755,39
755,39
755,39
756,39
756,39
756,39
756,39
756,39
756,39
757,37
757,37
757,37
757,37
757,37
757,37
757,37
757,37
757,37
757,37
757,37
757,37
757,37
758,36
758,36
758,36
758,36
758,36
758,36
758,35
758,35
758,35
758,35
758,35
758,35
758,35
759,34
759,34
759,34
759,34
759,34
759,34
760,34
760,34
760,34
760,34
760,34
760,34
760,32
760,32
760,32
760,32
760,32
760,32
761,32
761,32
761,32
761,32
761,32
761,32
761,32
762,31
762,31
762,31
762,31
762,31
762,31
762,30
762,30
762,30
762,30
762,30
762,30
763,28
763,28
763,28
763,28
763,28
763,28
763,28
764,28
764,28
764,28
764,28
764,28
764,28
764,26
764,26
764,26
764,26
764,26
764,26
765,25
765,25
765,25
765,25
765,25
765,25
765,24
765,24
765,24
765,24
765,24
765,24
765,24
766,23
766,23
766,23
766,23
766,23
766,23
767,22
767,22
767,22
767,22
767,22
767,22
767,20
767,20
767,20
767,20
767,20
767,20
767,20
768,18
768,18
768,18
768,18
768,18
768,18
769,17
769,17
769,17
769,17
769,17
769,17
769,15
769,15
769,15
769,15
769,15
769,15
770,13
770,13
770,13
770,13
770,13
770,13
770,13
770,12
770,12
770,12
770,12
770,12
770,12
771,10
771,10
771,10
771,10
771,10
771,10
772,7
772,7
772,7
772,7
772,7
772,7
772,7
772,6
772,6
772,6
772,6
772,6
772,6
773,3
773,3
773,3
773,3
773,3
773,3
774,1
774,1
774,1
774,1
774,1
774,1
774,-1
774,-1
774,-1
774,-1
774,-1
774,-1
774,-1
775,-2
775,-2
775,-2
775,-2
775,-2
775,-2
775,-1
775,-1
775,-1
775,-1
775,-1
775,-1
776,0
776,0
776,0
776,0
776,0
776,0
776,0
777,0
777,0
777,0
777,0
777,0
777,0
777,0
777,0
777,0
777,0
777,0
777,0
778,0
778,0
778,0
778,0
778,0
778,0
779,0
779,0
779,0
779,0
779,0
779,0
779,0
779,0
779,0
779,0
779,0
779,0
779,0
780,0
780,0
780,0
780,0
780,0
780,0
781,-1
781,-1
781,-1
781,-1
781,-1
781,-1
781,-1
781,-1
781,-1
781,-1
781,-1
781,-1
781,-1
782,-1
782,-1
782,-1
782,-1
782,-1
782,-1
782,-2
782,-2
782,-2
782,-2
782,-2
782,-2
782,-2
783,-2
783,-2
783,-2
783,-2
783,-2
783,-2
784,-1
784,-1
784,-1
784,-1
784,-1
784,-1
784,-1
784,-1
784,-1
784,-1
784,-1
784,-1
785,-1
785,-1
785,-1
785,-1
785,-1
785,-1
785,-1
786,-1
786,-1
786,-1
786,-1
786,-1
786,-1
786,-1
786,-1
786,-1
786,-1
786,-1
786,-1
787,-2
787,-2
787,-2
787,-2
787,-2
787,-2
787,-2
787,-1
787,-1
787,-1
787,-1
787,-1
787,-1
788,-2
788,-2
788,-2
788,-2
788,-2
788,-2
789,-1
789,-1
789,-1
789,-1
789,-1
789,-1
789,-1
789,-1
789,-1
789,-1
789,-1
789,-1
789,-1
790,-1
790,-1
790,-1
790,-1
790,-1
790,-1
791,-1
791,-1
791,-1
791,-1
791,-1
791,-1
791,-1
791,-1
791,-1
791,-1
791,-1
791,-1
791,-1
792,-1
792,-1
792,-1
792,-1
792,-1
792,-1
793,-1
793,-1
793,-1
793,-1
793,-1
793,-1
793,-1
793,-1
793,-1
793,-1
793,-1
793,-1
793,-1
794,-1
794,-1
794,-1
794,-1
794,-1
794,-1
794,-1
794,-1
794,-1
794,-1
794,-1
794,-1
795,-1
795,-1
795,-1
795,-1
795,-1
795,-1
796,-1
796,-1
796,-1
796,-1
796,-1
796,-1
796,-1
796,-2
796,-2
796,-2
796,-2
796,-2
796,-2
797,-1
797,-1
797,-1
797,-1
797,-1
797,-1
798,-1
798,-1
798,-1
798,-1
798,-1
798,-1
798,-1
798,-1
798,-1
798,-1
798,-1
798,-1
798,-1
799,-1
799,-1
799,-1
799,-1
799,-1
799,-1
799,-1
799,-1
799,-1
799,-1
799,-1
799,-1
800,-1
800,-1
800,-1
800,-1
800,-1
800,-1
800,-1
801,-1
801,-1
801,-1
801,-1
801,-1
801,-1
801,-2
801,-2
801,-2
801,-2
801,-2
801,-2
802,-2
802,-2
802,-2
802,-2
802,-2
802,-2
802,-2
803,-2
803,-2
803,-2
803,-2
803,-2
803,-2
803,-1
803,-1
803,-1
803,-1
803,-1
803,-1
804,-1
804,-1
804,-1
804,-1
804,-1
804,-1
804,-1
804,-1
804,-1
804,-1
804,-1
804,-1
804,-1
805,-1
805,-1
805,-1
805,-1
805,-1
805,-1
806,-2
806,-2
806,-2
806,-2
806,-2
806,-2
806,-1
806,-1
806,-1
806,-1
806,-1
806,-1
806,-1
807,-1
807,-1
807,-1
807,-1
807,-1
807,-1
808,-1
808,-1
808,-1
808,-1
808,-1
808,-1
808,-1
808,-1
808,-1
808,-1
808,-1
808,-1
808,-1
809,-2
809,-2
809,-2
809,-2
809,-2
809,-2
810,-2
810,-2
810,-2
810,-2
810,-2
810,-2
810,-1
810,-1
810,-1
810,-1
810,-1
810,-1
811,-1
811,-1
811,-1
811,-1
811,-1
811,-1
811,-1
811,-1
811,-1
811,-1
811,-1
811,-1
811,-1
812,-1
812,-1
812,-1
812,-1
812,-1
812,-1
813,-1
813,-1
813,-1
813,-1
813,-1
813,-1
813,-1
813,-1
813,-1
813,-1
813,-1
813,-1
813,-1
814,-1
814,-1
814,-1
814,-1
814,-1
814,-1
815,-1
815,-1
815,-1
815,-1
815,-1
815,-1
815,-1
815,-1
815,-1
815,-1
815,-1
815,-1
815,-1
816,-3
816,-3
816,-3
816,-3
816,-3
816,-3
816,-2
816,-2
816,-2
816,-2
816,-2
816,-2
817,-4
817,-4
817,-4
817,-4
817,-4
817,-4
817,-4
818,-5
818,-5
818,-5
818,-5
818,-5
818,-5
818,-4
818,-4
818,-4
818,-4
818,-4
818,-4
819,-5
819,-5
819,-5
819,-5
819,-5
819,-5
819,-5
820,-5
820,-5
820,-5
820,-5
820,-5
820,-5
820,-5
820,-5
820,-5
820,-5
820,-5
820,-5
821,-4
821,-4
821,-4
821,-4
821,-4
821,-4
822,-4
822,-4
822,-4
822,-4
822,-4
822,-4
822,-4
822,-5
822,-5
822,-5
822,-5
822,-5
822,-5
823,-4
823,-4
823,-4
823,-4
823,-4
823,-4
823,-5
823,-5
823,-5
823,-5
823,-5
823,-5
823,-5
824,-5
824,-5
824,-5
824,-5
824,-5
824,-5
825,-5
825,-5
825,-5
825,-5
825,-5
825,-5
825,-4
825,-4
825,-4
825,-4
825,-4
825,-4
826,-5
826,-5
826,-5
826,-5
826,-5
826,-5
826,-5
827,-5
827,-5
827,-5
827,-5
827,-5
827,-5
827,-5
827,-5
827,-5
827,-5
827,-5
827,-5
828,-5
828,-5
828,-5
828,-5
828,-5
828,-5
828,-5
828,-5
828,-5
828,-5
828,-5
828,-5
828,-5
829,-5
829,-5
829,-5
829,-5
829,-5
829,-5
830,-4
830,-4
830,-4
830,-4
830,-4
830,-4
830,-4
830,-5
830,-5
830,-5
830,-5
830,-5
830,-5
831,-5
831,-5
831,-5
831,-5
831,-5
831,-5
832,-5
832,-5
832,-5
832,-5
832,-5
832,-5
832,-5
832,-5
832,-5
832,-5
832,-5
832,-5
832,-5
833,-5
833,-5
833,-5
833,-5
833,-5
833,-5
833,-5
833,-5
833,-5
833,-5
833,-5
833,-5
834,-5
834,-5
834,-5
834,-5
834,-5
834,-5
834,-5
835,-5
835,-5
835,-5
835,-5
835,-5
835,-5
835,-5
835,-5
835,-5
835,-5
835,-5
835,-5
836,-5
836,-5
836,-5
836,-5
836,-5
836,-5
837,-5
837,-5
837,-5
837,-5
837,-5
837,-5
837,-5
837,-4
837,-4
837,-4
837,-4
837,-4
837,-4
838,-5
838,-5
838,-5
838,-5
838,-5
838,-5
839,-5
839,-5
839,-5
839,-5
839,-5
839,-5
839,-5
839,-5
839,-5
839,-5
839,-5
839,-5
839,-5
840,-5
840,-5
840,-5
840,-5
840,-5
840,-5
840,-5
840,-5
840,-5
840,-5
840,-5
840,-5
840,-5
841,-5
841,-5
841,-5
841,-5
841,-5
841,-5
842,-5
842,-5
842,-5
842,-5
842,-5
842,-5
842,-5
842,-5
842,-5
842,-5
842,-5
842,-5
843,-5
843,-5
843,-5
843,-5
843,-5
843,-5
843,-5
844,-5
844,-5
844,-5
844,-5
844,-5
844,-5
844,-5
844,-5
844,-5
844,-5
844,-5
844,-5
845,-5
845,-5
845,-5
845,-5
845,-5
845,-5
845,-5
845,-5
845,-5
845,-5
845,-5
845,-5
845,-5
846,-5
846,-5
846,-5
846,-5
846,-5
846,-5
847,-5
847,-5
847,-5
847,-5
847,-5
847,-5
847,-5
847,-5
847,-5
847,-5
