0,0
0,0
0,80.7
0,80.7
0,80.7
0,80.7
0,80.7
0,80.7
0,80.9
0,80.9
0,80.9
0,80.9
0,80.9
0,80.9
1,80.9
1,81.0
1,81.0
1,81.0
1,81.0
1,81.0
1,81.0
1,81.1
1,81.1
1,81.1
1,81.1
1,81.1
1,81.1
2,81.3
2,81.3
2,81.3
2,81.3
2,81.3
2,81.3
3,81.3
3,81.0
3,81.0
3,81.0
3,81.0
3,81.0
3,81.0
3,80.4
3,80.4
3,80.4
3,80.4
3,80.4
4,80.4
4,81.1
4,81.1
4,81.1
4,81.1
4,81.1
4,81.1
5,81.1
5,81.0
5,81.0
5,81.0
5,81.0
5,81.0
5,81.0
5,81.5
5,81.5
5,81.5
5,81.5
5,81.5
6,81.5
6,80.9
6,80.9
6,80.9
6,80.9
6,80.9
6,80.9
7,81.0
7,81.0
7,81.0
7,81.0
7,81.0
7,81.0
7,81.0
7,81.7
7,81.7
7,81.7
7,81.7
7,81.7
8,81.7
8,81.5
8,81.5
8,81.5
8,81.5
8,81.5
8,81.5
8,80.7
8,80.7
8,80.7
8,80.7
8,80.7
8,80.7
9,80.7
9,81.7
9,81.7
9,81.7
9,81.7
9,81.7
10,81.7
10,81.0
10,81.0
10,81.0
10,81.0
10,81.0
10,81.0
10,80.6
10,80.6
10,80.6
10,80.6
10,80.6
10,80.6
11,80.6
11,80.7
11,80.7
11,80.7
11,80.7
11,80.7
12,80.7
12,80.3
12,80.3
12,80.3
12,80.3
12,80.3
12,80.3
12,80.7
12,80.7
12,80.7
12,80.7
12,80.7
12,80.7
13,81.3
13,81.3
13,81.3
13,81.3
13,81.3
13,81.3
13,81.3
13,80.7
13,80.7
13,80.7
13,80.7
13,80.7
14,80.7
14,80.7
14,80.7
14,80.7
14,80.7
14,80.7
15,80.7
15,80.6
15,80.6
15,80.6
15,80.6
15,80.6
15,80.6
15,80.6
15,81.0
15,81.0
15,81.0
15,81.0
15,81.0
16,81.0
16,80.4
16,80.4
16,80.4
16,80.4
16,80.4
17,80.4
17,80.4
17,80.4
17,80.4
17,80.4
17,80.4
17,80.4
17,80.2
17,80.2
17,80.2
17,80.2
17,80.2
17,80.2
18,80.2
18,80.3
18,80.3
18,80.3
18,80.3
18,80.3
19,80.3
19,80.0
19,80.0
19,80.0
19,80.0
19,80.0
19,80.0
19,80.9
19,80.9
19,80.9
19,80.9
19,80.9
19,80.9
20,80.9
20,80.6
20,80.6
20,80.6
20,80.6
20,80.6
20,80.6
20,80.6
20,80.6
20,80.6
20,80.6
20,80.6
21,80.6
21,80.0
21,80.0
21,80.0
21,80.0
21,80.0
21,80.0
22,80.0
22,80.3
22,80.3
22,80.3
22,80.3
22,80.3
22,80.3
22,79.9
22,79.9
22,79.9
22,79.9
22,79.9
23,79.9
23,79.8
23,79.8
23,79.8
23,79.8
23,79.8
23,79.8
24,80.2
24,80.2
24,80.2
24,80.2
24,80.2
24,80.2
24,80.2
24,79.8
24,79.8
24,79.8
24,79.8
24,79.8
25,79.8
25,79.9
25,79.9
25,79.9
25,79.9
25,79.9
25,79.9
25,79.6
25,79.6
25,79.6
25,79.6
25,79.6
25,79.6
26,79.6
26,80.0
26,80.0
26,80.0
26,80.0
26,80.0
27,80.0
27,79.5
27,79.5
27,79.5
27,79.5
27,79.5
27,79.5
27,79.6
27,79.6
27,79.6
27,79.6
27,79.6
27,79.6
28,79.6
28,79.2
28,79.2
28,79.2
28,79.2
28,79.2
29,79.2
29,79.5
29,79.5
29,79.5
29,79.5
29,79.5
29,79.5
29,79.2
29,79.2
29,79.2
29,79.2
29,79.2
29,79.2
30,79.5
30,79.5
30,79.5
30,79.5
30,79.5
30,79.5
31,79.5
31,78.5
31,78.5
31,78.5
31,78.5
31,78.5
31,78.5
31,78.4
31,78.4
31,78.4
31,78.4
31,78.4
32,78.4
32,78.7
32,78.7
32,78.7
32,78.7
32,78.7
32,78.7
32,78.7
32,76.9
32,76.9
32,76.9
32,76.9
32,76.9
33,76.9
33,78.5
33,78.5
33,78.5
33,78.5
33,78.5
34,78.5
34,78.7
34,78.7
34,78.7
34,78.7
34,78.7
34,78.7
34,78.7
34,78.5
34,78.5
34,78.5
34,78.5
34,78.5
35,78.5
35,77.6
35,77.6
35,77.6
35,77.6
35,77.6
36,77.6
36,77.5
36,77.5
36,77.5
36,77.5
36,77.5
36,77.5
36,77.6
36,77.6
36,77.6
36,77.6
36,77.6
36,77.6
37,77.6
37,78.7
37,78.7
37,78.7
37,78.7
37,78.7
37,78.7
37,78.5
37,78.5
37,78.5
37,78.5
37,78.5
38,78.5
38,78.9
38,78.9
38,78.9
38,78.9
38,78.9
38,78.9
39,78.9
39,77.1
39,77.1
39,77.1
39,77.1
39,77.1
39,77.1
39,77.1
39,77.1
39,77.1
39,77.1
39,77.1
40,77.1
40,77.5
40,77.5
40,77.5
40,77.5
40,77.5
40,77.5
41,76.9
41,76.9
41,76.9
41,76.9
41,76.9
41,76.9
41,76.9
41,76.9
41,76.9
41,76.9
41,76.9
41,76.9
42,76.9
42,77.1
42,77.1
42,77.1
42,77.1
42,77.1
42,77.1
42,76.4
42,76.4
42,76.4
42,76.4
42,76.4
42,76.4
43,76.4
43,76.6
43,76.6
43,76.6
43,76.6
43,76.6
44,76.6
44,76.0
44,76.0
44,76.0
44,76.0
44,76.0
44,76.0
44,75.9
44,75.9
44,75.9
44,75.9
44,75.9
44,75.9
45,75.9
45,76.6
45,76.6
45,76.6
45,76.6
45,76.6
46,76.6
46,76.2
46,76.2
46,76.2
46,76.2
46,76.2
46,76.2
46,76.2
46,76.2
46,76.2
46,76.2
46,76.2
46,76.2
47,76.9
47,76.9
47,76.9
47,76.9
47,76.9
47,76.9
48,76.9
48,76.2
48,76.2
48,76.2
48,76.2
48,76.2
48,76.2
48,76.4
48,76.4
48,76.4
48,76.4
48,76.4
49,76.4
49,75.9
49,75.9
49,75.9
49,75.9
49,75.9
49,75.9
49,75.9
49,75.5
49,75.5
49,75.5
49,75.5
49,75.5
50,75.5
50,76.0
50,76.0
50,76.0
50,76.0
50,76.0
51,76.0
51,76.0
51,76.0
51,76.0
51,76.0
51,76.0
51,76.0
51,76.0
51,75.0
51,75.0
51,75.0
51,75.0
51,75.0
52,75.0
52,75.7
52,75.7
52,75.7
52,75.7
52,75.7
53,75.7
53,74.8
53,74.8
53,74.8
53,74.8
53,74.8
53,74.8
53,75.3
53,75.3
53,75.3
53,75.3
53,75.3
53,75.3
54,75.3
54,76.0
54,76.0
54,76.0
54,76.0
54,76.0
54,76.0
54,75.1
54,75.1
54,75.1
54,75.1
54,75.1
55,75.1
55,75.3
55,75.3
55,75.3
55,75.3
55,75.3
55,75.3
56,75.3
56,75.7
56,75.7
56,75.7
56,75.7
56,75.7
56,75.7
56,75.3
56,75.3
56,75.3
56,75.3
56,75.3
57,75.3
57,74.2
57,74.2
57,74.2
57,74.2
57,74.2
57,74.2
58,74.2
58,74.8
58,74.8
58,74.8
58,74.8
58,74.8
58,74.8
58,75.3
58,75.3
58,75.3
58,75.3
58,75.3
59,75.3
59,73.7
59,73.7
59,73.7
59,73.7
59,73.7
59,73.7
60,74.2
60,74.2
60,74.2
60,74.2
60,74.2
60,74.2
60,74.2
60,75.3
60,75.3
60,75.3
60,75.3
60,75.3
61,75.3
61,75.0
61,75.0
61,75.0
61,75.0
61,75.0
61,75.0
61,75.0
61,75.0
61,75.0
61,75.0
61,75.0
61,75.0
62,75.0
62,74.4
62,74.4
62,74.4
62,74.4
62,74.4
63,74.4
63,74.6
63,74.6
63,74.6
63,74.6
63,74.6
63,74.6
63,74.2
63,74.2
63,74.2
63,74.2
63,74.2
63,74.2
64,74.6
64,74.6
64,74.6
64,74.6
64,74.6
64,74.6
65,74.6
65,74.2
65,74.2
65,74.2
65,74.2
65,74.2
65,74.2
65,74.4
65,74.4
65,74.4
65,74.4
65,74.4
66,74.4
66,74.6
66,74.6
66,74.6
66,74.6
66,74.6
66,74.6
66,74.6
66,74.1
66,74.1
66,74.1
66,74.1
66,74.1
67,74.1
67,73.5
67,73.5
67,73.5
67,73.5
67,73.5
68,73.5
68,74.1
68,74.1
68,74.1
68,74.1
68,74.1
68,74.1
68,74.1
68,73.3
68,73.3
68,73.3
68,73.3
68,73.3
69,73.3
69,74.4
69,74.4
69,74.4
69,74.4
69,74.4
70,74.4
70,73.5
70,73.5
70,73.5
70,73.5
70,73.5
70,73.5
70,74.2
70,74.2
70,74.2
70,74.2
70,74.2
70,74.2
71,74.2
71,73.0
71,73.0
71,73.0
71,73.0
71,73.0
72,73.0
72,73.2
72,73.2
72,73.2
72,73.2
72,73.2
72,73.2
72,73.7
72,73.7
72,73.7
72,73.7
72,73.7
72,73.7
73,73.7
73,74.2
73,74.2
73,74.2
73,74.2
73,74.2
73,74.2
73,73.3
73,73.3
73,73.3
73,73.3
73,73.3
74,73.3
74,72.5
74,72.5
74,72.5
74,72.5
74,72.5
74,72.5
75,72.5
75,73.9
75,73.9
75,73.9
75,73.9
75,73.9
75,73.9
75,73.2
75,73.2
75,73.2
75,73.2
75,73.2
76,73.2
76,73.7
76,73.7
76,73.7
76,73.7
76,73.7
76,73.7
77,73.2
77,73.2
77,73.2
77,73.2
77,73.2
77,73.2
77,73.2
77,72.8
77,72.8
77,72.8
77,72.8
77,72.8
78,72.8
78,72.8
78,72.8
78,72.8
78,72.8
78,72.8
78,72.8
78,73.3
78,73.3
78,73.3
78,73.3
78,73.3
78,73.3
79,73.3
79,73.0
79,73.0
79,73.0
79,73.0
79,73.0
80,73.0
80,72.5
80,72.5
80,72.5
80,72.5
80,72.5
80,72.5
80,72.8
80,72.8
80,72.8
80,72.8
80,72.8
80,72.8
81,72.8
81,72.8
81,72.8
81,72.8
81,72.8
81,72.8
82,72.8
82,71.7
82,71.7
82,71.7
82,71.7
82,71.7
82,71.7
82,72.1
82,72.1
82,72.1
82,72.1
82,72.1
83,72.1
83,72.5
83,72.5
83,72.5
83,72.5
83,72.5
83,72.5
84,72.5
84,72.8
84,72.8
84,72.8
84,72.8
84,72.8
84,72.8
84,72.6
84,72.6
84,72.6
84,72.6
84,72.6
85,72.6
85,71.9
85,71.9
85,71.9
85,71.9
85,71.9
85,71.9
85,71.9
85,71.9
85,71.9
85,71.9
85,71.9
85,71.9
86,71.9
86,71.9
86,71.9
86,71.9
86,71.9
86,71.9
87,71.9
87,72.1
87,72.1
87,72.1
87,72.1
87,72.1
87,72.1
87,72.6
87,72.6
87,72.6
87,72.6
87,72.6
87,72.6
88,72.6
88,72.3
88,72.3
88,72.3
88,72.3
88,72.3
89,72.3
89,72.3
89,72.3
89,72.3
89,72.3
89,72.3
89,72.3
89,72.5
89,72.5
89,72.5
89,72.5
89,72.5
89,72.5
90,72.5
90,72.6
90,72.6
90,72.6
90,72.6
90,72.6
90,72.6
90,72.5
90,72.5
90,72.5
90,72.5
90,72.5
91,72.5
91,71.9
91,71.9
91,71.9
91,71.9
91,71.9
91,71.9
92,71.9
92,72.6
92,72.6
92,72.6
92,72.6
92,72.6
92,72.6
92,71.9
92,71.9
92,71.9
92,71.9
92,71.9
93,71.9
93,71.9
93,71.9
93,71.9
93,71.9
93,71.9
93,71.9
94,72.1
94,72.1
94,72.1
94,72.1
94,72.1
94,72.1
94,72.1
94,72.1
94,72.1
94,72.1
94,72.1
94,72.1
95,72.1
95,72.6
95,72.6
95,72.6
95,72.6
95,72.6
96,72.6
96,70.8
96,70.8
96,70.8
96,70.8
96,70.8
96,70.8
96,70.8
96,72.5
96,72.5
96,72.5
96,72.5
96,72.5
97,72.5
97,72.3
97,72.3
97,72.3
97,72.3
97,72.3
97,72.3
97,72.6
97,72.6
97,72.6
97,72.6
97,72.6
97,72.6
98,71.5
98,71.5
98,71.5
98,71.5
98,71.5
98,71.5
99,71.5
99,72.3
99,72.3
99,72.3
99,72.3
99,72.3
99,72.3
99,72.1
99,72.1
99,72.1
99,72.1
99,72.1
99,72.1
100,71.9
100,71.9
100,71.9
100,71.9
100,71.9
100,71.9
101,71.9
101,71.7
101,71.7
101,71.7
101,71.7
101,71.7
101,71.7
101,71.2
101,71.2
101,71.2
101,71.2
101,71.2
102,71.2
102,71.9
102,71.9
102,71.9
102,71.9
102,71.9
102,71.9
102,71.9
102,71.9
102,71.9
102,71.9
102,71.9
102,71.9
103,71.9
103,72.3
103,72.3
103,72.3
103,72.3
103,72.3
104,72.3
104,71.9
104,71.9
104,71.9
104,71.9
104,71.9
104,71.9
104,71.7
104,71.7
104,71.7
104,71.7
104,71.7
104,71.7
105,71.7
105,71.0
105,71.0
105,71.0
105,71.0
105,71.0
106,71.0
106,71.2
106,71.2
106,71.2
106,71.2
106,71.2
106,71.2
106,71.0
106,71.0
106,71.0
106,71.0
106,71.0
106,71.0
107,71.0
107,71.7
107,71.7
107,71.7
107,71.7
107,71.7
107,71.7
107,71.2
107,71.2
107,71.2
107,71.2
107,71.2
108,71.2
108,71.0
108,71.0
108,71.0
108,71.0
108,71.0
108,71.0
109,71.0
109,71.4
109,71.4
109,71.4
109,71.4
109,71.4
109,71.4
109,71.5
109,71.5
109,71.5
109,71.5
109,71.5
110,71.5
110,71.4
110,71.4
110,71.4
110,71.4
110,71.4
110,71.4
111,70.6
111,70.6
111,70.6
111,70.6
111,70.6
111,70.6
111,70.6
111,71.0
111,71.0
111,71.0
111,71.0
111,71.0
112,71.0
112,70.4
112,70.4
112,70.4
112,70.4
112,70.4
113,70.4
113,70.8
113,70.8
113,70.8
113,70.8
113,70.8
113,70.8
113,70.8
113,70.6
113,70.6
113,70.6
113,70.6
113,70.6
114,70.6
114,71.5
114,71.5
114,71.5
114,71.5
114,71.5
114,71.5
114,71.4
114,71.4
114,71.4
114,71.4
114,71.4
114,71.4
115,71.4
115,70.1
115,70.1
115,70.1
115,70.1
115,70.1
116,70.1
116,70.6
116,70.6
116,70.6
116,70.6
116,70.6
116,70.6
116,70.8
116,70.8
116,70.8
116,70.8
116,70.8
116,70.8
117,70.1
117,70.1
117,70.1
117,70.1
117,70.1
117,70.1
118,70.1
118,71.0
118,71.0
118,71.0
118,71.0
118,71.0
118,71.0
118,71.9
118,71.9
118,71.9
118,71.9
118,71.9
119,71.9
119,70.3
119,70.3
119,70.3
119,70.3
119,70.3
119,70.3
119,70.3
119,70.4
119,70.4
119,70.4
119,70.4
119,70.4
120,70.4
120,70.1
120,70.1
120,70.1
120,70.1
120,70.1
121,70.1
121,70.8
121,70.8
121,70.8
121,70.8
121,70.8
121,70.8
121,69.5
121,69.5
121,69.5
121,69.5
121,69.5
121,69.5
122,69.5
122,70.8
122,70.8
122,70.8
122,70.8
122,70.8
123,70.8
123,70.6
123,70.6
123,70.6
123,70.6
123,70.6
123,70.6
123,70.3
123,70.3
123,70.3
123,70.3
123,70.3
123,70.3
124,70.3
124,70.4
124,70.4
124,70.4
124,70.4
124,70.4
125,70.4
125,70.6
125,70.6
125,70.6
125,70.6
125,70.6
125,70.6
125,71.2
125,71.2
125,71.2
125,71.2
125,71.2
125,71.2
126,71.2
126,69.3
126,69.3
126,69.3
126,69.3
126,69.3
126,69.3
126,69.7
126,69.7
126,69.7
126,69.7
126,69.7
127,69.7
127,70.1
127,70.1
127,70.1
127,70.1
127,70.1
127,70.1
128,70.1
128,70.1
128,70.1
128,70.1
128,70.1
128,70.1
128,70.1
128,70.8
128,70.8
128,70.8
128,70.8
128,70.8
129,70.8
129,70.4
129,70.4
129,70.4
129,70.4
129,70.4
130,70.4
130,69.9
130,69.9
130,69.9
130,69.9
130,69.9
130,69.9
130,69.9
130,70.4
130,70.4
130,70.4
130,70.4
130,70.4
131,70.4
131,69.7
131,69.7
131,69.7
131,69.7
131,69.7
131,69.7
131,70.1
131,70.1
131,70.1
131,70.1
131,70.1
131,70.1
132,70.1
132,69.9
132,69.9
132,69.9
132,69.9
132,69.9
133,69.9
133,71.2
133,71.2
133,71.2
133,71.2
133,71.2
133,71.2
133,69.7
133,69.7
133,69.7
133,69.7
133,69.7
133,69.7
134,69.7
134,69.7
134,69.7
134,69.7
134,69.7
134,69.7
135,69.7
135,70.3
135,70.3
135,70.3
135,70.3
135,70.3
135,70.3
135,70.1
135,70.1
135,70.1
135,70.1
135,70.1
136,70.1
136,70.1
136,70.1
136,70.1
136,70.1
136,70.1
136,70.1
137,70.1
137,70.3
137,70.3
137,70.3
137,70.3
137,70.3
137,70.3
137,69.5
137,69.5
137,69.5
137,69.5
137,69.5
138,69.5
138,70.3
138,70.3
138,70.3
138,70.3
138,70.3
138,70.3
138,69.9
138,69.9
138,69.9
138,69.9
138,69.9
138,69.9
139,69.9
139,69.7
139,69.7
139,69.7
139,69.7
139,69.7
140,69.7
140,69.3
140,69.3
140,69.3
140,69.3
140,69.3
140,69.3
140,69.3
140,69.3
140,69.3
140,69.3
140,69.3
140,69.3
141,69.3
141,69.5
141,69.5
141,69.5
141,69.5
141,69.5
142,69.5
142,69.7
142,69.7
142,69.7
142,69.7
142,69.7
142,69.7
142,69.7
142,69.7
142,69.7
142,69.7
142,69.7
142,69.7
143,69.7
143,69.1
143,69.1
143,69.1
143,69.1
143,69.1
143,69.1
143,69.1
143,69.1
143,69.1
143,69.1
143,69.1
144,69.1
144,69.7
144,69.7
144,69.7
144,69.7
144,69.7
144,69.7
145,69.1
145,69.1
145,69.1
145,69.1
145,69.1
145,69.1
145,69.1
145,69.1
145,69.1
145,69.1
145,69.1
145,69.1
146,69.1
146,69.3
146,69.3
146,69.3
146,69.3
146,69.3
147,69.3
147,70.1
147,70.1
147,70.1
147,70.1
147,70.1
147,70.1
147,70.1
147,69.1
147,69.1
147,69.1
147,69.1
147,69.1
148,69.1
148,69.5
148,69.5
148,69.5
148,69.5
148,69.5
149,69.5
149,69.9
149,69.9
149,69.9
149,69.9
149,69.9
149,69.9
149,68.6
149,68.6
149,68.6
149,68.6
149,68.6
149,68.6
150,68.6
150,70.3
150,70.3
150,70.3
150,70.3
150,70.3
150,70.3
150,69.9
150,69.9
150,69.9
150,69.9
150,69.9
151,69.9
151,68.6
151,68.6
151,68.6
151,68.6
151,68.6
151,68.6
152,68.6
152,69.9
152,69.9
152,69.9
152,69.9
152,69.9
152,69.9
152,70.1
152,70.1
152,70.1
152,70.1
152,70.1
153,70.1
153,69.9
153,69.9
153,69.9
153,69.9
153,69.9
153,69.9
154,69.1
154,69.1
154,69.1
154,69.1
154,69.1
154,69.1
154,69.1
154,69.0
154,69.0
154,69.0
154,69.0
154,69.0
155,69.0
155,69.0
155,69.0
155,69.0
155,69.0
155,69.0
155,69.0
155,68.4
155,68.4
155,68.4
155,68.4
155,68.4
155,68.4
156,68.4
156,69.3
156,69.3
156,69.3
156,69.3
156,69.3
157,69.3
157,69.0
157,69.0
157,69.0
157,69.0
157,69.0
157,69.0
157,69.0
157,69.0
157,69.0
157,69.0
157,69.0
157,69.0
158,69.0
158,69.0
158,69.0
158,69.0
158,69.0
158,69.0
159,69.0
159,69.3
159,69.3
159,69.3
159,69.3
159,69.3
159,69.3
159,69.5
159,69.5
159,69.5
159,69.5
159,69.5
159,69.5
160,69.1
160,69.1
160,69.1
160,69.1
160,69.1
160,69.1
160,69.1
160,69.0
160,69.0
160,69.0
160,69.0
160,69.0
161,69.0
161,69.5
161,69.5
161,69.5
161,69.5
161,69.5
162,69.5
162,69.3
162,69.3
162,69.3
162,69.3
162,69.3
162,69.3
162,69.3
162,69.3
162,69.3
162,69.3
162,69.3
162,69.3
163,69.3
163,69.5
163,69.5
163,69.5
163,69.5
163,69.5
164,69.5
164,69.3
164,69.3
164,69.3
164,69.3
164,69.3
164,69.3
164,69.3
164,68.8
164,68.8
164,68.8
164,68.8
164,68.8
165,68.8
165,69.3
165,69.3
165,69.3
165,69.3
165,69.3
166,69.3
166,69.5
166,69.5
166,69.5
166,69.5
166,69.5
166,69.5
166,69.3
166,69.3
166,69.3
166,69.3
166,69.3
166,69.3
167,69.3
167,68.4
167,68.4
167,68.4
167,68.4
167,68.4
167,68.4
167,69.1
167,69.1
167,69.1
167,69.1
167,69.1
168,69.1
168,69.1
168,69.1
168,69.1
168,69.1
168,69.1
168,69.1
169,69.1
169,68.8
169,68.8
169,68.8
169,68.8
169,68.8
169,68.8
169,69.5
169,69.5
169,69.5
169,69.5
169,69.5
170,69.5
170,69.0
170,69.0
170,69.0
170,69.0
170,69.0
170,69.0
171,69.5
171,69.5
171,69.5
171,69.5
171,69.5
171,69.5
171,69.5
171,68.8
171,68.8
171,68.8
171,68.8
171,68.8
172,68.8
172,69.1
172,69.1
172,69.1
172,69.1
172,69.1
172,69.1
172,69.0
172,69.0
172,69.0
172,69.0
172,69.0
172,69.0
173,69.0
173,69.1
173,69.1
173,69.1
173,69.1
173,69.1
174,69.1
174,69.3
174,69.3
174,69.3
174,69.3
174,69.3
174,69.3
174,68.2
174,68.2
174,68.2
174,68.2
174,68.2
174,68.2
175,68.2
175,69.1
175,69.1
175,69.1
175,69.1
175,69.1
176,69.1
176,69.1
176,69.1
176,69.1
176,69.1
176,69.1
176,69.1
176,68.8
176,68.8
176,68.8
176,68.8
176,68.8
176,68.8
177,69.1
177,69.1
177,69.1
177,69.1
177,69.1
177,69.1
178,69.1
178,68.6
178,68.6
178,68.6
178,68.6
178,68.6
178,68.6
178,68.8
178,68.8
178,68.8
178,68.8
178,68.8
179,68.8
179,69.5
179,69.5
179,69.5
179,69.5
179,69.5
179,69.5
179,69.5
179,69.5
179,69.5
179,69.5
179,69.5
179,69.5
180,69.5
180,69.3
180,69.3
180,69.3
180,69.3
180,69.3
181,69.3
181,69.0
181,69.0
181,69.0
181,69.0
181,69.0
181,69.0
181,69.0
181,69.0
181,69.0
181,69.0
181,69.0
181,69.0
182,69.0
182,69.0
182,69.0
182,69.0
182,69.0
182,69.0
183,69.0
183,69.0
183,69.0
183,69.0
183,69.0
183,69.0
183,69.0
183,69.0
183,69.0
183,69.0
183,69.0
183,69.0
183,69.0
184,69.0
184,69.3
184,69.3
184,69.3
184,69.3
184,69.3
184,69.3
184,68.6
184,68.6
184,68.6
184,68.6
184,68.6
185,68.6
185,69.3
185,69.3
185,69.3
185,69.3
185,69.3
185,69.3
186,69.3
186,69.3
186,69.3
186,69.3
186,69.3
186,69.3
186,69.3
186,69.3
186,69.3
186,69.3
186,69.3
186,69.3
187,69.3
187,69.5
187,69.5
187,69.5
187,69.5
187,69.5
187,69.5
188,68.8
188,68.8
188,68.8
188,68.8
188,68.8
188,68.8
188,68.8
188,68.4
188,68.4
188,68.4
188,68.4
188,68.4
189,68.4
189,69.0
189,69.0
189,69.0
189,69.0
189,69.0
190,69.0
190,68.6
190,68.6
190,68.6
190,68.6
190,68.6
190,68.6
190,68.6
190,69.3
190,69.3
190,69.3
190,69.3
190,69.3
191,69.3
191,68.6
191,68.6
191,68.6
191,68.6
191,68.6
191,68.6
191,68.6
191,68.6
191,68.6
191,68.6
191,68.6
191,68.6
192,68.6
192,68.4
192,68.4
192,68.4
192,68.4
192,68.4
193,68.4
193,68.8
193,68.8
193,68.8
193,68.8
193,68.8
193,68.8
193,68.6
193,68.6
193,68.6
193,68.6
193,68.6
193,68.6
194,68.8
194,68.8
194,68.8
194,68.8
194,68.8
194,68.8
195,68.8
195,68.4
195,68.4
195,68.4
195,68.4
195,68.4
195,68.4
195,68.0
195,68.0
195,68.0
195,68.0
195,68.0
196,68.0
196,68.8
196,68.8
196,68.8
196,68.8
196,68.8
196,68.8
196,68.8
196,68.2
196,68.2
196,68.2
196,68.2
196,68.2
197,68.2
197,69.1
197,69.1
197,69.1
197,69.1
197,69.1
198,69.1
198,68.6
198,68.6
198,68.6
198,68.6
198,68.6
198,68.6
198,68.6
198,68.8
198,68.8
198,68.8
198,68.8
198,68.8
199,68.8
199,68.4
199,68.4
199,68.4
199,68.4
199,68.4
200,68.4
200,69.0
200,69.0
200,69.0
200,69.0
200,69.0
200,69.0
200,68.4
200,68.4
200,68.4
200,68.4
200,68.4
200,68.4
201,68.4
201,68.0
201,68.0
201,68.0
201,68.0
201,68.0
202,68.0
202,68.8
202,68.8
202,68.8
202,68.8
202,68.8
202,68.8
202,69.5
202,69.5
202,69.5
202,69.5
202,69.5
202,69.5
203,69.5
203,69.1
203,69.1
203,69.1
203,69.1
203,69.1
203,69.1
203,68.6
203,68.6
203,68.6
203,68.6
203,68.6
204,68.6
204,68.0
204,68.0
204,68.0
204,68.0
204,68.0
204,68.0
205,68.0
205,68.0
205,68.0
205,68.0
205,68.0
205,68.0
205,68.0
205,69.0
205,69.0
205,69.0
205,69.0
205,69.0
206,69.0
206,68.2
206,68.2
206,68.2
206,68.2
206,68.2
206,68.2
207,68.4
207,68.4
207,68.4
207,68.4
207,68.4
207,68.4
207,68.4
207,68.0
207,68.0
207,68.0
207,68.0
207,68.0
208,68.0
208,67.9
208,67.9
208,67.9
208,67.9
208,67.9
208,67.9
208,68.2
208,68.2
208,68.2
208,68.2
208,68.2
208,68.2
209,68.2
209,68.2
209,68.2
209,68.2
209,68.2
209,68.2
210,68.2
210,69.1
210,69.1
210,69.1
210,69.1
210,69.1
210,69.1
210,68.0
210,68.0
210,68.0
210,68.0
210,68.0
210,68.0
211,67.7
211,67.7
211,67.7
211,67.7
211,67.7
211,67.7
212,67.7
212,68.4
212,68.4
212,68.4
212,68.4
212,68.4
212,68.4
212,67.7
212,67.7
212,67.7
212,67.7
212,67.7
213,67.7
213,68.0
213,68.0
213,68.0
213,68.0
213,68.0
213,68.0
214,68.0
214,68.0
214,68.0
214,68.0
214,68.0
214,68.0
214,68.0
214,67.7
214,67.7
214,67.7
214,67.7
214,67.7
215,67.7
215,67.7
215,67.7
215,67.7
215,67.7
215,67.7
215,67.7
215,67.7
215,67.9
215,67.9
215,67.9
215,67.9
215,67.9
216,67.9
216,67.7
216,67.7
216,67.7
216,67.7
216,67.7
217,67.7
217,67.5
217,67.5
217,67.5
217,67.5
217,67.5
217,67.5
217,67.5
217,67.5
217,67.5
217,67.5
217,67.5
217,67.5
218,67.5
218,68.2
218,68.2
218,68.2
218,68.2
218,68.2
219,68.2
219,67.9
219,67.9
219,67.9
219,67.9
219,67.9
219,67.9
219,67.9
219,67.9
219,67.9
219,67.9
219,67.9
219,67.9
220,67.9
220,67.3
220,67.3
220,67.3
220,67.3
220,67.3
220,67.3
220,67.9
220,67.9
220,67.9
220,67.9
220,67.9
221,67.9
221,69.3
221,69.3
221,69.3
221,69.3
221,69.3
221,69.3
222,69.3
222,67.5
222,67.5
222,67.5
222,67.5
222,67.5
222,67.5
222,67.5
222,67.5
222,67.5
222,67.5
222,67.5
223,67.5
223,68.2
223,68.2
223,68.2
223,68.2
223,68.2
223,68.2
224,68.0
224,68.0
224,68.0
224,68.0
224,68.0
224,68.0
224,68.0
224,68.6
224,68.6
224,68.6
224,68.6
224,68.6
225,68.6
225,69.3
225,69.3
225,69.3
225,69.3
225,69.3
225,69.3
225,68.6
225,68.6
225,68.6
225,68.6
225,68.6
225,68.6
226,68.6
226,67.7
226,67.7
226,67.7
226,67.7
226,67.7
227,67.7
227,68.4
227,68.4
227,68.4
227,68.4
227,68.4
227,68.4
227,68.4
227,68.4
227,68.4
227,68.4
227,68.4
227,68.4
228,68.4
228,68.4
228,68.4
228,68.4
228,68.4
228,68.4
229,68.4
229,68.0
229,68.0
229,68.0
229,68.0
229,68.0
229,68.0
229,67.7
229,67.7
229,67.7
229,67.7
229,67.7
230,67.7
230,68.6
230,68.6
230,68.6
230,68.6
230,68.6
230,68.6
231,68.6
231,68.4
231,68.4
231,68.4
231,68.4
231,68.4
231,68.4
231,67.7
231,67.7
231,67.7
231,67.7
231,67.7
232,67.7
232,68.2
232,68.2
232,68.2
232,68.2
232,68.2
232,68.2
232,68.2
232,67.9
232,67.9
232,67.9
232,67.9
232,67.9
233,67.9
233,67.3
233,67.3
233,67.3
233,67.3
233,67.3
234,67.3
234,68.4
234,68.4
234,68.4
234,68.4
234,68.4
234,68.4
234,68.2
234,68.2
234,68.2
234,68.2
234,68.2
234,68.2
235,68.2
235,67.7
235,67.7
235,67.7
235,67.7
235,67.7
236,67.7
236,68.0
236,68.0
236,68.0
236,68.0
236,68.0
236,68.0
236,68.0
236,68.0
236,68.0
236,68.0
236,68.0
236,68.0
237,68.0
237,68.2
237,68.2
237,68.2
237,68.2
237,68.2
237,68.2
237,66.9
237,66.9
237,66.9
237,66.9
237,66.9
238,66.9
238,67.5
238,67.5
238,67.5
238,67.5
238,67.5
238,67.5
239,67.3
239,67.3
239,67.3
239,67.3
239,67.3
239,67.3
239,67.3
239,67.1
239,67.1
239,67.1
239,67.1
239,67.1
240,67.1
240,68.2
240,68.2
240,68.2
240,68.2
240,68.2
241,68.2
241,67.7
241,67.7
241,67.7
241,67.7
241,67.7
241,67.7
241,67.7
241,67.3
241,67.3
241,67.3
241,67.3
241,67.3
242,67.3
242,66.8
242,66.8
242,66.8
242,66.8
242,66.8
243,66.8
243,67.1
243,67.1
243,67.1
243,67.1
243,67.1
243,67.1
243,67.1
243,67.1
243,67.1
243,67.1
243,67.1
243,67.1
244,67.1
244,67.7
244,67.7
244,67.7
244,67.7
244,67.7
244,67.7
244,67.3
244,67.3
244,67.3
244,67.3
244,67.3
244,67.3
245,66.9
245,66.9
245,66.9
245,66.9
245,66.9
245,66.9
246,66.9
246,67.3
246,67.3
246,67.3
246,67.3
246,67.3
246,67.3
246,67.3
246,67.3
246,67.3
246,67.3
246,67.3
247,67.3
247,68.0
247,68.0
247,68.0
247,68.0
247,68.0
247,68.0
248,68.0
248,67.7
248,67.7
248,67.7
248,67.7
248,67.7
248,67.7
248,67.3
248,67.3
248,67.3
248,67.3
248,67.3
249,67.3
249,66.8
249,66.8
249,66.8
249,66.8
249,66.8
249,66.8
249,66.8
249,67.1
249,67.1
249,67.1
249,67.1
249,67.1
250,67.1
250,66.8
250,66.8
250,66.8
250,66.8
250,66.8
251,66.8
251,66.9
251,66.9
251,66.9
251,66.9
251,66.9
251,66.9
251,66.9
251,66.9
251,66.9
251,66.9
251,66.9
251,66.9
252,66.9
252,67.5
252,67.5
252,67.5
252,67.5
252,67.5
253,67.5
253,66.8
253,66.8
253,66.8
253,66.8
253,66.8
253,66.8
253,67.5
253,67.5
253,67.5
253,67.5
253,67.5
253,67.5
254,67.5
254,67.1
254,67.1
254,67.1
254,67.1
254,67.1
255,67.1
255,66.9
255,66.9
255,66.9
255,66.9
255,66.9
255,66.9
255,67.5
255,67.5
255,67.5
255,67.5
255,67.5
255,67.5
256,66.9
256,66.9
256,66.9
256,66.9
256,66.9
256,66.9
256,66.9
256,67.3
256,67.3
256,67.3
256,67.3
256,67.3
257,67.3
257,66.8
257,66.8
257,66.8
257,66.8
257,66.8
258,66.8
258,67.3
258,67.3
258,67.3
258,67.3
258,67.3
258,67.3
258,67.3
258,66.8
258,66.8
258,66.8
258,66.8
258,66.8
259,66.8
259,66.6
259,66.6
259,66.6
259,66.6
259,66.6
260,66.6
260,67.7
260,67.7
260,67.7
260,67.7
260,67.7
260,67.7
260,67.7
260,66.8
260,66.8
260,66.8
260,66.8
260,66.8
261,66.8
261,67.1
261,67.1
261,67.1
261,67.1
261,67.1
261,67.1
261,66.6
261,66.6
261,66.6
261,66.6
261,66.6
261,66.6
262,66.8
262,66.8
262,66.8
262,66.8
262,66.8
262,66.8
263,66.8
263,67.1
263,67.1
263,67.1
263,67.1
263,67.1
263,67.1
263,66.8
263,66.8
263,66.8
263,66.8
263,66.8
264,66.8
264,66.9
264,66.9
264,66.9
264,66.9
264,66.9
264,66.9
265,66.9
265,66.6
265,66.6
265,66.6
265,66.6
265,66.6
265,66.6
265,66.0
265,66.0
265,66.0
265,66.0
265,66.0
266,66.0
266,67.3
266,67.3
266,67.3
266,67.3
266,67.3
266,67.3
267,67.3
267,67.3
267,67.3
267,67.3
267,67.3
267,67.3
267,67.3
267,66.8
267,66.8
267,66.8
267,66.8
267,66.8
268,66.8
268,66.4
268,66.4
268,66.4
268,66.4
268,66.4
268,66.4
268,65.4
268,65.4
268,65.4
268,65.4
268,65.4
268,65.4
269,65.4
269,66.6
269,66.6
269,66.6
269,66.6
269,66.6
270,66.6
270,66.8
270,66.8
270,66.8
270,66.8
270,66.8
270,66.8
270,65.8
270,65.8
270,65.8
270,65.8
270,65.8
270,65.8
271,65.8
271,66.4
271,66.4
271,66.4
271,66.4
271,66.4
272,66.4
272,65.8
272,65.8
272,65.8
272,65.8
272,65.8
272,65.8
272,65.8
272,65.8
272,65.8
272,65.8
272,65.8
272,65.8
273,66.2
273,66.2
273,66.2
273,66.2
273,66.2
273,66.2
273,66.2
273,64.1
273,64.1
273,64.1
273,64.1
273,64.1
274,64.1
274,63.7
274,63.7
274,63.7
274,63.7
274,63.7
275,63.7
275,64.6
275,64.6
275,64.6
275,64.6
275,64.6
275,64.6
275,64.6
275,63.0
275,63.0
275,63.0
275,63.0
275,63.0
276,63.0
276,63.0
276,63.0
276,63.0
276,63.0
276,63.0
277,63.0
277,62.0
277,62.0
277,62.0
277,62.0
277,62.0
277,62.0
277,62.0
277,60.9
277,60.9
277,60.9
277,60.9
277,60.9
278,60.9
278,60.7
278,60.7
278,60.7
278,60.7
278,60.7
278,60.7
278,60.4
278,60.4
278,60.4
278,60.4
278,60.4
278,60.4
279,59.4
279,59.4
279,59.4
279,59.4
279,59.4
279,59.4
280,59.4
280,58.5
280,58.5
280,58.5
280,58.5
280,58.5
280,58.5
280,57.4
280,57.4
280,57.4
280,57.4
280,57.4
281,57.4
281,57.2
281,57.2
281,57.2
281,57.2
281,57.2
281,57.2
282,57.2
282,55.9
282,55.9
282,55.9
282,55.9
282,55.9
282,55.9
282,55.4
282,55.4
282,55.4
282,55.4
282,55.4
283,55.4
283,52.5
283,52.5
283,52.5
283,52.5
283,52.5
283,52.5
284,50.6
284,50.6
284,50.6
284,50.6
284,50.6
284,50.6
284,50.6
284,48.7
284,48.7
284,48.7
284,48.7
284,48.7
285,48.7
285,46.2
285,46.2
285,46.2
285,46.2
285,46.2
285,46.2
285,46.2
285,46.2
285,46.2
285,46.2
285,46.2
285,46.2
286,46.2
286,42.2
286,42.2
286,42.2
286,42.2
286,42.2
287,42.2
287,39.8
287,39.8
287,39.8
287,39.8
287,39.8
287,39.8
287,38.1
287,38.1
287,38.1
287,38.1
287,38.1
287,38.1
288,38.1
288,35.4
288,35.4
288,35.4
288,35.4
288,35.4
289,35.4
289,32.3
289,32.3
289,32.3
289,32.3
289,32.3
289,32.3
289,18.1
289,18.1
289,18.1
289,18.1
289,18.1
289,18.1
290,14.4
290,14.4
290,14.4
290,14.4
290,14.4
290,14.4
290,14.4
290,1.7
290,1.7
290,1.7
290,1.7
290,1.7
291,1.7
291,0.0
291,0.0
291,0.0
291,0.0
291,0.0
292,0.0
292,0.0
292,0.0
292,0.0
292,0.0
292,0.0
292,0.0
292,0.0
292,0.0
292,0.0
292,0.0
292,0.0
292,0.0
293,0.0
293,0.0
293,0.0
293,0.0
293,0.0
293,0.0
294,0.0
294,0.0
294,0.0
294,0.0
294,0.0
294,0.0
294,0.0
294,0.0
294,0.0
294,0.0
294,0.0
294,0.0
294,0.0
295,0.0
295,0.0
295,0.0
295,0.0
295,0.0
295,0.0
296,0.0
296,0.0
296,0.0
296,0.0
296,0.0
296,0.0
296,0.0
296,0.0
296,0.0
296,0.0
296,0.0
296,0.0
296,0.0
297,0.0
297,0.0
297,0.0
297,0.0
297,0.0
297,0.0
297,0.0
297,0.0
297,0.0
297,0.0
297,0.0
297,0.0
298,0.0
298,0.0
298,0.0
298,0.0
298,0.0
298,0.0
298,0.0
299,0.0
299,0.0
299,0.0
299,0.0
299,0.0
299,0.0
299,0.0
299,0.0
299,0.0
299,0.0
299,0.0
299,0.0
300,0.0
300,0.0
300,0.0
300,0.0
300,0.0
300,0.0
300,0.0
301,0.0
301,0.0
301,0.0
301,0.0
301,0.0
301,0.0
301,0.0
301,0.0
301,0.0
301,0.0
301,0.0
301,0.0
302,0.0
302,0.0
302,0.0
302,0.0
302,0.0
302,0.0
302,0.0
302,0.0
302,0.0
302,0.0
302,0.0
302,0.0
302,0.0
303,0.0
303,0.0
303,0.0
303,0.0
303,0.0
303,0.0
304,0.0
304,0.0
304,0.0
304,0.0
304,0.0
304,0.0
304,0.0
304,0.0
304,0.0
304,0.0
304,0.0
304,0.0
304,0.0
305,0.0
305,0.0
305,0.0
305,0.0
305,0.0
305,0.0
306,0.0
306,0.0
306,0.0
306,0.0
306,0.0
306,0.0
306,0.0
306,33
306,33
306,33
306,33
306,33
306,33
307,33
307,33
307,33
307,33
307,33
307,33
308,33
308,33
308,33
308,33
308,33
308,33
308,33
308,33
308,33
308,33
308,33
308,33
309,33
309,33
309,33
309,33
309,33
309,33
309,33
309,33
309,33
309,33
309,33
309,33
309,33
310,33
310,33
310,33
310,33
310,33
310,33
311,33
311,33
311,33
311,33
311,33
311,33
311,33
311,33
311,33
311,33
311,33
311,33
311,33
312,33
312,33
312,33
312,33
312,33
312,33
313,33
313,33
313,33
313,33
313,33
313,33
313,33
313,33
313,33
313,33
313,33
313,33
313,33
314,33
314,33
314,33
314,33
314,33
314,33
314,33
314,33
314,33
314,33
314,33
314,33
315,33
315,33
315,33
315,33
315,33
315,33
315,33
316,33
316,33
316,33
316,33
316,33
316,33
316,33
316,33
316,33
316,33
316,33
316,33
317,33
317,33
317,33
317,33
317,33
317,33
317,33
318,33
318,33
318,33
318,33
318,33
318,33
318,33
318,33
318,33
318,33
318,33
318,33
319,33
319,33
319,33
319,33
319,33
319,33
320,33
320,33
320,33
320,33
320,33
320,33
320,33
320,33
320,33
320,33
320,33
320,33
320,33
321,33
321,33
321,33
321,33
321,33
321,33
321,33
321,33
321,33
321,33
321,33
321,33
321,33
322,33
322,33
322,33
322,33
322,33
322,33
323,33
323,33
323,33
323,33
323,33
323,33
323,33
323,33
323,33
323,33
323,33
323,33
323,33
324,33
324,33
324,33
324,33
324,33
324,33
325,33
325,33
325,33
325,33
325,33
325,33
325,33
325,33
325,33
325,33
325,33
325,33
326,33
326,33
326,33
326,33
326,33
326,33
326,33
326,33
326,33
326,33
326,33
326,33
326,33
327,33
327,33
327,33
327,33
327,33
327,33
328,33
328,33
328,33
328,33
328,33
328,33
328,33
328,33
328,33
328,33
328,33
328,33
328,33
329,33
329,33
329,33
329,33
329,33
329,33
330,33
330,33
330,33
330,33
330,33
330,33
330,33
330,33
330,33
330,33
330,33
330,33
330,33
331,33
331,33
331,33
331,33
331,33
331,33
331,33
331,33
331,33
331,33
331,33
331,33
332,33
332,33
332,33
332,33
332,33
332,33
332,33
333,33
333,33
333,33
333,33
333,33
333,33
333,33
333,33
333,33
333,33
333,33
333,33
334,33
334,33
334,33
334,33
334,33
334,33
334,33
335,33
335,33
335,33
335,33
335,33
335,33
335,33
335,33
335,33
335,33
335,33
335,33
336,33
336,33
336,33
336,33
336,33
336,33
337,33
337,33
337,33
337,33
337,33
337,33
337,33
337,33
337,33
337,33
337,33
337,33
337,33
338,33
338,33
338,33
338,33
338,33
338,33
338,33
338,33
338,33
338,33
338,33
338,33
338,33
339,33
339,33
339,33
339,33
339,33
339,33
340,33
340,33
340,33
340,33
340,33
340,33
340,33
340,33
340,33
340,33
340,33
340,33
340,33
341,33
341,33
341,33
341,33
341,33
341,33
342,33
342,33
342,33
342,33
342,33
342,33
342,33
342,33
342,33
342,33
342,33
342,33
343,33
343,33
343,33
343,33
343,33
343,33
343,33
343,33
343,33
343,33
343,33
343,33
343,33
344,33
344,33
344,33
344,33
344,33
344,33
345,33
345,33
345,33
345,33
345,33
345,33
345,33
345,33
345,33
345,33
345,33
345,33
345,33
346,33
346,33
346,33
346,33
346,33
346,33
347,33
347,33
347,33
347,33
347,33
347,33
347,33
347,33
347,33
347,33
347,33
347,33
347,33
348,33
348,33
348,33
348,33
348,33
348,33
349,33
349,33
349,33
349,33
349,33
349,33
349,33
349,33
349,33
349,33
349,33
349,33
349,33
350,33
350,33
350,33
350,33
350,33
350,33
350,33
350,33
350,33
350,33
350,33
350,33
351,33
351,33
351,33
351,33
351,33
351,33
351,33
352,33
352,33
352,33
352,33
352,33
352,33
352,33
352,33
352,33
352,33
352,33
352,33
353,33
353,33
353,33
353,33
353,33
353,33
354,33
354,33
354,33
354,33
354,33
354,33
354,33
354,33
354,33
354,33
354,33
354,33
354,33
355,33
355,33
355,33
355,33
355,33
355,33
355,33
355,33
355,33
355,33
355,33
355,33
355,33
356,33
356,33
356,33
356,33
356,33
356,33
357,33
357,33
357,33
357,33
357,33
357,33
357,33
357,33
357,33
357,33
357,33
357,33
357,33
358,33
358,33
358,33
358,33
358,33
358,33
359,33
359,33
359,33
359,33
359,33
359,33
359,33
359,33
359,33
359,33
359,33
359,33
360,33
360,33
360,33
360,33
360,33
360,33
360,33
361,33
361,33
361,33
361,33
361,33
361,33
361,33
361,33
361,33
361,33
361,33
361,33
362,33
362,33
362,33
362,33
362,33
362,33
362,33
362,33
362,33
362,33
362,33
362,33
362,33
363,33
363,33
363,33
363,33
363,33
363,33
364,33
364,33
364,33
364,33
364,33
364,33
364,33
364,33
364,33
364,33
364,33
364,33
364,33
365,33
365,33
365,33
365,33
365,33
365,33
366,33
366,33
366,33
366,33
366,33
366,33
366,33
366,33
366,33
366,33
366,33
366,33
366,33
367,33
367,33
367,33
367,33
367,33
367,33
367,33
367,33
367,33
367,33
367,33
367,33
368,33
368,33
368,33
368,33
368,33
368,33
368,33
369,33
369,33
369,33
369,33
369,33
369,33
369,33
369,33
369,33
369,33
369,33
369,33
370,33
370,33
370,33
370,33
370,33
370,33
371,33
371,33
371,33
371,33
371,33
371,33
371,33
371,33
371,33
371,33
371,33
371,33
371,33
372,33
372,33
372,33
372,33
372,33
372,33
373,33
373,33
373,33
373,33
373,33
373,33
373,33
373,33
373,33
373,33
373,33
373,33
373,33
374,33
374,33
374,33
374,33
374,33
374,33
374,33
374,33
374,33
374,33
374,33
374,33
374,33
375,33
375,33
375,33
375,33
375,33
375,33
376,33
376,33
376,33
376,33
376,33
376,33
376,33
376,33
376,33
376,33
376,33
376,33
377,33
377,33
377,33
377,33
377,33
377,33
377,33
378,33
378,33
378,33
378,33
378,33
378,33
378,33
378,33
378,33
378,33
378,33
378,33
379,33
379,33
379,33
379,33
379,33
379,33
379,33
379,33
379,33
379,33
379,33
379,33
379,33
380,33
380,33
380,33
380,33
380,33
380,33
381,33
381,33
381,33
381,33
381,33
381,33
381,33
381,33
381,33
381,33
381,33
381,33
381,33
382,33
382,33
382,33
382,33
382,33
382,33
383,33
383,33
383,33
383,33
383,33
383,33
383,33
383,33
383,33
383,33
383,33
383,33
383,33
384,33
384,33
384,33
384,33
384,33
384,33
384,33
384,33
384,33
384,33
384,33
384,33
385,33
385,33
385,33
385,33
385,33
385,33
385,33
386,33
386,33
386,33
386,33
386,33
386,33
386,33
386,33
386,33
386,33
386,33
386,33
387,33
387,33
387,33
387,33
387,33
387,33
387,33
388,33
388,33
388,33
388,33
388,33
388,33
388,33
388,33
388,33
388,33
388,33
388,33
389,33
389,33
389,33
389,33
389,33
389,33
390,33
390,33
390,33
390,33
390,33
390,33
390,33
390,33
390,33
390,33
390,33
390,33
390,33
391,33
391,33
391,33
391,33
391,33
391,33
391,33
391,33
391,33
391,33
391,33
391,33
391,33
392,33
392,33
392,33
392,33
392,33
392,33
393,33
393,33
393,33
393,33
393,33
393,33
393,33
393,33
393,33
393,33
393,33
393,33
394,33
394,33
394,33
394,33
394,33
394,33
394,33
395,33
395,33
395,33
395,33
395,33
395,33
395,33
395,33
395,33
395,33
395,33
395,33
396,33
396,33
396,33
396,33
396,33
396,33
396,33
396,33
396,33
396,33
396,33
396,33
396,33
397,33
397,33
397,33
397,33
397,33
397,33
398,33
398,33
398,33
398,33
398,33
398,33
398,33
398,33
398,33
398,33
398,33
398,33
398,33
399,33
399,33
399,33
399,33
399,33
399,33
400,33
400,33
400,33
400,33
400,33
400,33
400,33
400,33
400,33
400,33
400,33
400,33
400,33
401,33
401,33
401,33
401,33
401,33
401,33
402,33
402,33
402,33
402,33
402,33
402,33
402,33
402,33
402,33
402,33
402,33
402,33
402,33
403,33
403,33
403,33
403,33
403,33
403,33
403,33
403,33
403,33
403,33
403,33
403,33
404,33
404,33
404,33
404,33
404,33
404,33
404,33
405,33
405,33
405,33
405,33
405,33
405,33
405,33
405,33
405,33
405,33
405,33
405,33
406,33
406,33
406,33
406,33
406,33
406,33
407,33
407,33
407,33
407,33
407,33
407,33
407,33
407,33
407,33
407,33
407,33
407,33
407,33
408,33
408,33
408,33
408,33
408,33
408,33
408,33
408,33
408,33
408,33
408,33
408,33
408,33
409,33
409,33
409,33
409,33
409,33
409,33
410,33
410,33
410,33
410,33
410,33
410,33
410,33
410,33
410,33
410,33
410,33
410,33
410,33
411,33
411,33
411,33
411,33
411,33
411,33
412,33
412,33
412,33
412,33
412,33
412,33
412,33
412,33
412,33
412,33
412,33
412,33
413,33
413,33
413,33
413,33
413,33
413,33
413,33
414,33
414,33
414,33
414,33
414,33
414,33
414,33
414,33
414,33
414,33
414,33
414,33
415,33
415,33
415,33
415,33
415,33
415,33
415,33
415,33
415,33
415,33
415,33
415,33
415,33
416,33
416,33
416,33
416,33
416,33
416,33
417,33
417,33
417,33
417,33
417,33
417,33
417,33
417,33
417,33
417,33
417,33
417,33
417,33
418,33
418,33
418,33
418,33
418,33
418,33
419,33
419,33
419,33
419,33
419,33
419,33
419,33
419,33
419,33
419,33
419,33
419,33
419,33
420,33
420,33
420,33
420,33
420,33
420,33
420,33
420,33
420,33
420,33
420,33
420,33
421,33
421,33
421,33
421,33
421,33
421,33
421,33
422,33
422,33
422,33
422,33
422,33
422,33
422,33
422,33
422,33
422,33
422,33
422,33
423,33
423,33
423,33
423,33
423,33
423,33
424,33
424,33
424,33
424,33
424,33
424,33
424,33
424,33
424,33
424,33
424,33
424,33
424,33
425,33
425,33
425,33
425,33
425,33
425,33
426,33
426,33
426,33
426,33
426,33
426,33
426,33
426,33
426,33
426,33
426,33
426,33
426,33
427,33
427,33
427,33
427,33
427,33
427,33
427,33
427,33
427,33
427,33
427,33
427,33
427,33
428,33
428,33
428,33
428,33
428,33
428,33
429,33
429,33
429,33
429,33
429,33
429,33
429,33
429,33
429,33
429,33
429,33
429,33
430,33
430,33
430,33
430,33
430,33
430,33
430,33
431,33
431,33
431,33
431,33
431,33
431,33
431,33
431,33
431,33
431,33
431,33
431,33
432,33
432,33
432,33
432,33
432,33
432,33
432,33
432,33
432,33
432,33
432,33
432,33
432,33
433,33
433,33
433,33
433,33
433,33
433,33
434,33
434,33
434,33
434,33
434,33
434,33
434,33
434,33
434,33
434,33
434,33
434,33
434,33
435,33
435,33
435,33
435,33
435,33
435,33
436,33
436,33
436,33
436,33
436,33
436,33
436,33
436,33
436,33
436,33
436,33
436,33
436,33
437,33
437,33
437,33
437,33
437,33
437,33
438,33
438,33
438,33
438,33
438,33
438,33
438,33
438,33
438,33
438,33
438,33
438,33
438,33
439,33
439,33
439,33
439,33
439,33
439,33
439,33
439,33
439,33
439,33
439,33
439,33
440,33
440,33
440,33
440,33
440,33
440,33
441,33
441,33
441,33
441,33
441,33
441,33
441,33
441,33
441,33
441,33
441,33
441,33
441,33
442,33
442,33
442,33
442,33
442,33
442,33
443,33
443,33
443,33
443,33
443,33
443,33
443,33
443,33
443,33
443,33
443,33
443,33
443,33
444,33
444,33
444,33
444,33
444,33
444,33
444,33
444,33
444,33
444,33
444,33
444,33
444,33
445,33
445,33
445,33
445,33
445,33
445,33
446,33
446,33
446,33
446,33
446,33
446,33
446,33
446,33
446,33
446,33
446,33
446,33
447,33
447,33
447,33
447,33
447,33
447,33
447,33
448,33
448,33
448,33
448,33
448,33
448,33
448,33
448,33
448,33
448,33
448,33
448,33
449,33
449,33
449,33
449,33
449,33
449,33
449,33
449,33
449,33
449,33
449,33
449,33
449,33
450,33
450,33
450,33
450,33
450,33
450,33
451,33
451,33
451,33
451,33
451,33
451,33
451,33
451,33
451,33
451,33
451,33
451,33
451,33
452,33
452,33
452,33
452,33
452,33
452,33
453,33
453,33
453,33
453,33
453,33
453,33
453,33
453,33
453,33
453,33
453,33
453,33
453,33
454,33
454,33
454,33
454,33
454,33
454,33
455,33
455,33
455,33
455,33
455,33
455,33
455,33
455,33
455,33
455,33
455,33
455,33
455,33
456,33
456,33
456,33
456,33
456,33
456,33
456,33
456,33
456,33
456,33
456,33
456,33
457,33
457,33
457,33
457,33
457,33
457,33
458,33
458,33
458,33
458,33
458,33
458,33
458,33
458,33
458,33
458,33
458,33
458,33
458,33
459,33
459,33
459,33
459,33
459,33
459,33
460,33
460,33
460,33
460,33
460,33
460,33
460,33
460,33
460,33
460,33
460,33
460,33
460,33
461,33
461,33
461,33
461,33
461,33
461,33
461,33
461,33
461,33
461,33
461,33
461,33
461,33
462,33
462,33
462,33
462,33
462,33
462,33
463,33
463,33
463,33
463,33
463,33
463,33
463,33
463,33
463,33
463,33
463,33
463,33
464,33
464,33
464,33
464,33
464,33
464,33
464,33
465,33
465,33
465,33
465,33
465,33
465,33
465,33
465,33
465,33
465,33
465,33
465,33
466,33
466,33
466,33
466,33
466,33
466,33
466,33
467,33
467,33
467,33
467,33
467,33
467,33
467,33
467,33
467,33
467,33
467,33
467,33
468,33
468,33
468,33
468,33
468,33
468,33
468,33
468,33
468,33
468,33
468,33
468,33
468,33
469,33
469,33
469,33
469,33
469,33
469,33
470,33
470,33
470,33
470,33
470,33
470,33
470,33
470,33
470,33
470,33
470,33
470,33
470,33
471,33
471,33
471,33
471,33
471,33
471,33
472,33
472,33
472,33
472,33
472,33
472,33
472,33
472,33
472,33
472,33
472,33
472,33
472,33
473,33
473,33
473,33
473,33
473,33
473,33
473,33
473,33
473,33
473,33
473,33
473,33
474,33
474,33
474,33
474,33
474,33
474,33
475,33
475,33
475,33
475,33
475,33
475,33
475,33
475,33
475,33
475,33
475,33
475,33
475,33
476,33
476,33
476,33
476,33
476,33
476,33
477,33
477,33
477,33
477,33
477,33
477,33
477,33
477,33
477,33
477,33
477,33
477,33
477,33
478,33
478,33
478,33
478,33
478,33
478,33
479,33
479,33
479,33
479,33
479,33
479,33
479,33
479,33
479,33
479,33
479,33
479,33
479,33
480,33
480,33
480,33
480,33
480,33
480,33
480,33
480,33
480,33
480,33
480,33
480,33
481,33
481,33
481,33
481,33
481,33
481,33
481,33
482,33
482,33
482,33
482,33
482,33
482,33
482,33
482,33
482,33
482,33
482,33
482,33
483,33
483,33
483,33
483,33
483,33
483,33
483,33
484,33
484,33
484,33
484,33
484,33
484,33
484,33
484,33
484,33
484,33
484,33
484,33
485,33
485,33
485,33
485,33
485,33
485,33
485,33
485,33
485,33
485,33
485,33
485,33
485,33
486,33
486,33
486,33
486,33
486,33
486,33
487,33
487,33
487,33
487,33
487,33
487,33
487,33
487,33
487,33
487,33
487,33
487,33
487,33
488,33
488,33
488,33
488,33
488,33
488,33
489,33
489,33
489,33
489,33
489,33
489,33
489,33
489,33
489,33
489,33
489,33
489,33
490,33
490,33
490,33
490,33
490,33
490,33
490,33
491,33
491,33
491,33
491,33
491,33
491,33
491,33
491,33
491,33
491,33
491,33
491,33
492,33
492,33
492,33
492,33
492,33
492,33
492,33
492,33
492,33
492,33
492,33
492,33
492,33
493,33
493,33
493,33
493,33
493,33
493,33
494,33
494,33
494,33
494,33
494,33
494,33
494,33
494,33
494,33
494,33
494,33
494,33
494,33
495,33
495,33
495,33
495,33
495,33
495,33
496,33
496,33
496,33
496,33
496,33
496,33
496,33
496,33
496,33
496,33
496,33
496,33
496,33
497,33
497,33
497,33
497,33
497,33
497,33
497,33
497,33
497,33
497,33
497,33
497,33
498,33
498,33
498,33
498,33
498,33
498,33
498,33
499,33
499,33
499,33
499,33
499,33
499,33
499,33
499,33
499,33
499,33
499,33
499,33
500,33
500,33
500,33
500,33
500,33
500,33
500,33
501,33
501,33
501,33
501,33
501,33
501,33
501,33
501,33
501,33
501,33
501,33
501,33
502,33
502,33
502,33
502,33
502,33
502,33
502,33
502,33
502,33
502,33
502,33
502,33
502,33
503,33
503,33
503,33
503,33
503,33
503,33
504,33
504,33
504,33
504,33
504,33
504,33
504,33
504,33
504,33
504,33
504,33
504,33
504,33
505,33
505,33
505,33
505,33
505,33
505,33
506,33
506,33
506,33
506,33
506,33
506,33
506,33
506,33
506,33
506,33
506,33
506,33
506,33
507,33
507,33
507,33
507,33
507,33
507,33
508,33
508,33
508,33
508,33
508,33
508,33
508,33
508,33
508,33
508,33
508,33
508,33
509,33
509,33
509,33
509,33
509,33
509,33
509,33
509,33
509,33
509,33
509,33
509,33
509,33
510,33
510,33
510,33
510,33
510,33
510,33
511,33
511,33
511,33
511,33
511,33
511,33
511,33
511,33
511,33
511,33
511,33
511,33
511,33
512,33
512,33
512,33
512,33
512,33
512,33
513,33
513,33
513,33
513,33
513,33
513,33
513,33
513,33
513,33
513,33
513,33
513,33
513,33
514,33
514,33
514,33
514,33
514,33
514,33
514,33
514,33
514,33
514,33
514,33
514,33
515,33
515,33
515,33
515,33
515,33
515,33
515,33
516,33
516,33
516,33
516,33
516,33
516,33
516,33
516,33
516,33
516,33
516,33
516,33
517,33
517,33
517,33
517,33
517,33
517,33
517,33
518,33
518,33
518,33
518,33
518,33
518,33
518,33
518,33
518,33
518,33
518,33
518,33
519,33
519,33
519,33
519,33
519,33
519,33
520,33
520,33
520,33
520,33
520,33
520,33
520,33
520,33
520,33
520,33
520,33
520,33
520,33
521,33
521,33
521,33
521,33
521,33
521,33
521,33
521,33
521,33
521,33
521,33
521,33
521,33
522,33
522,33
522,33
522,33
522,33
522,33
523,33
523,33
523,33
523,33
523,33
523,33
523,33
523,33
523,33
523,33
523,33
523,33
524,33
524,33
524,33
524,33
524,33
524,33
524,33
525,33
525,33
525,33
525,33
525,33
525,33
525,33
525,33
525,33
525,33
525,33
525,33
526,33
526,33
526,33
526,33
526,33
526,33
526,33
526,33
526,33
526,33
526,33
526,33
526,33
527,33
527,33
527,33
527,33
527,33
527,33
528,33
528,33
528,33
528,33
528,33
528,33
528,33
528,33
528,33
528,33
528,33
528,33
528,33
529,33
529,33
529,33
529,33
529,33
529,33
530,33
530,33
530,33
530,33
530,33
530,33
530,33
530,33
530,33
530,33
530,33
530,33
530,33
531,33
531,33
531,33
531,33
531,33
531,33
532,33
532,33
532,33
532,33
532,33
532,33
532,33
532,33
532,33
532,33
532,33
532,33
532,33
533,33
533,33
533,33
533,33
533,33
533,33
533,33
533,33
533,33
533,33
533,33
533,33
534,33
534,33
534,33
534,33
534,33
534,33
534,33
535,33
535,33
535,33
535,33
535,33
535,33
535,33
535,33
535,33
535,33
535,33
535,33
536,33
536,33
536,33
536,33
536,33
536,33
537,33
537,33
537,33
537,33
537,33
537,33
537,33
537,33
537,33
537,33
537,33
537,33
537,33
538,33
538,33
538,33
538,33
538,33
538,33
538,33
538,33
538,33
538,33
538,33
538,33
538,33
539,33
539,33
539,33
539,33
539,33
539,33
540,33
540,33
540,33
540,33
540,33
540,33
540,33
540,33
540,33
540,33
540,33
540,33
540,33
541,33
541,33
541,33
541,33
541,33
541,33
542,33
542,33
542,33
542,33
542,33
542,33
542,33
542,33
542,33
542,33
542,33
542,33
543,33
543,33
543,33
543,33
543,33
543,33
543,33
544,33
544,33
544,33
544,33
544,33
544,33
544,33
544,33
544,33
544,33
544,33
544,33
545,33
545,33
545,33
545,33
545,33
545,33
545,33
545,33
545,33
545,33
545,33
545,33
545,33
546,33
546,33
546,33
546,33
546,33
546,33
547,33
547,33
547,33
547,33
547,33
547,33
547,33
547,33
547,33
547,33
547,33
547,33
547,33
548,33
548,33
548,33
548,33
548,33
548,33
549,33
549,33
549,33
549,33
549,33
549,33
549,33
549,33
549,33
549,33
549,33
549,33
549,33
550,33
550,33
550,33
550,33
550,33
550,33
550,33
550,33
550,33
550,33
550,33
550,33
551,33
551,33
551,33
551,33
551,33
551,33
551,33
552,33
552,33
552,33
552,33
552,33
552,33
552,33
552,33
552,33
552,33
552,33
552,33
553,33
553,33
553,33
553,33
553,33
553,33
554,33
554,33
554,33
554,33
554,33
554,33
554,33
554,33
554,33
554,33
554,33
554,33
554,33
555,33
555,33
555,33
555,33
555,33
555,33
556,33
556,33
556,33
556,33
556,33
556,33
556,33
556,33
556,33
556,33
556,33
556,33
556,33
557,33
557,33
557,33
557,33
557,33
557,33
557,33
557,33
557,33
557,33
557,33
557,33
557,33
558,33
558,33
558,33
558,33
558,33
558,33
559,33
559,33
559,33
559,33
559,33
559,33
559,33
559,33
559,33
559,33
559,33
559,33
560,33
560,33
560,33
560,33
560,33
560,33
560,33
561,33
561,33
561,33
561,33
561,33
561,33
561,33
561,33
561,33
561,33
561,33
561,33
562,33
562,33
562,33
562,33
562,33
562,33
562,33
562,33
562,33
562,33
562,33
562,33
562,33
563,33
563,33
563,33
563,33
563,33
563,33
564,33
564,33
564,33
564,33
564,33
564,33
564,33
564,33
564,33
564,33
564,33
564,33
564,33
565,33
565,33
565,33
565,33
565,33
565,33
566,33
566,33
566,33
566,33
566,33
566,33
566,33
566,33
566,33
566,33
566,33
566,33
566,33
567,33
567,33
567,33
567,33
567,33
567,33
567,33
567,33
567,33
567,33
567,33
567,33
568,33
568,33
568,33
568,33
568,33
568,33
568,33
569,33
569,33
569,33
569,33
569,33
569,33
569,33
569,33
569,33
569,33
569,33
569,33
570,33
570,33
570,33
570,33
570,33
570,33
571,33
571,33
571,33
571,33
571,33
571,33
571,33
571,33
571,33
571,33
571,33
571,33
571,33
572,33
572,33
572,33
572,33
572,33
572,33
573,33
573,33
573,33
573,33
573,33
573,33
573,33
573,33
573,33
573,33
573,33
573,33
573,33
574,33
574,33
574,33
574,33
574,33
574,33
574,33
574,33
574,33
574,33
574,33
574,33
574,33
575,33
575,33
575,33
575,33
575,33
575,33
576,33
576,33
576,33
576,33
576,33
576,33
576,33
576,33
576,33
576,33
576,33
576,33
577,33
577,33
577,33
577,33
577,33
577,33
577,33
578,33
578,33
578,33
578,33
578,33
578,33
578,33
578,33
578,33
578,33
578,33
578,33
579,33
579,33
579,33
579,33
579,33
579,33
579,33
579,33
579,33
579,33
579,33
579,33
579,33
580,33
580,33
580,33
580,33
580,33
580,33
581,33
581,33
581,33
581,33
581,33
581,33
581,33
581,33
581,33
581,33
581,33
581,33
581,33
582,33
582,33
582,33
582,33
582,33
582,33
583,33
583,33
583,33
583,33
583,33
583,33
583,33
583,33
583,33
583,33
583,33
583,33
583,33
584,33
584,33
584,33
584,33
584,33
584,33
585,33
585,33
585,33
585,33
585,33
585,33
585,33
585,33
585,33
585,33
585,33
585,33
585,33
586,33
586,33
586,33
586,33
586,33
586,33
586,33
586,33
586,33
586,33
586,33
586,33
587,33
587,33
587,33
587,33
587,33
587,33
588,33
588,33
588,33
588,33
588,33
588,33
588,33
588,33
588,33
588,33
588,33
588,33
588,33
589,33
589,33
589,33
589,33
589,33
589,33
590,33
590,33
590,33
590,33
590,33
