0,0
0,0
0,100.0
0,100.0
0,100.0
0,100.0
0,100.0
0,100.0
0,100.0
0,100.0
0,100.0
0,100.0
0,100.0
0,100.0
1,100.0
1,0.0
1,0.0
1,0.0
1,0.0
1,0.0
1,0.0
1,100.0
1,100.0
1,100.0
1,100.0
1,100.0
1,100.0
2,100.0
2,100.0
2,100.0
2,100.0
2,100.0
2,100.0
3,100.0
3,100.0
3,100.0
3,100.0
3,100.0
3,100.0
3,100.0
3,100.0
3,100.0
3,100.0
3,100.0
3,100.0
4,100.0
4,100.0
4,100.0
4,100.0
4,100.0
4,100.0
4,100.0
5,100.0
5,100.0
5,100.0
5,100.0
5,100.0
5,100.0
5,100.0
5,100.0
5,100.0
5,100.0
5,100.0
5,100.0
6,100.0
6,90.1
6,90.1
6,90.1
6,90.1
6,90.1
6,90.1
7,100.0
7,100.0
7,100.0
7,100.0
7,100.0
7,100.0
7,100.0
7,64.7
7,64.7
7,64.7
7,64.7
7,64.7
8,64.7
8,88.8
8,88.8
8,88.8
8,88.8
8,88.8
8,88.8
8,100.0
8,100.0
8,100.0
8,100.0
8,100.0
8,100.0
9,100.0
9,89.6
9,89.6
9,89.6
9,89.6
9,89.6
10,89.6
10,100.0
10,100.0
10,100.0
10,100.0
10,100.0
10,100.0
10,100.0
10,100.0
10,100.0
10,100.0
10,100.0
10,100.0
11,100.0
11,100.0
11,100.0
11,100.0
11,100.0
11,100.0
12,100.0
12,100.0
12,100.0
12,100.0
12,100.0
12,100.0
12,100.0
12,0.0
12,0.0
12,0.0
12,0.0
12,0.0
12,0.0
13,100.0
13,100.0
13,100.0
13,100.0
13,100.0
13,100.0
13,100.0
13,100.0
13,100.0
13,100.0
13,100.0
13,100.0
14,100.0
14,0.0
14,0.0
14,0.0
14,0.0
14,0.0
15,0.0
15,100.0
15,100.0
15,100.0
15,100.0
15,100.0
15,100.0
15,100.0
15,87.2
15,87.2
15,87.2
15,87.2
15,87.2
16,87.2
16,100.0
16,100.0
16,100.0
16,100.0
16,100.0
17,100.0
17,100.0
17,100.0
17,100.0
17,100.0
17,100.0
17,100.0
17,100.0
17,100.0
17,100.0
17,100.0
17,100.0
17,100.0
18,100.0
18,100.0
18,100.0
18,100.0
18,100.0
18,100.0
19,100.0
19,100.0
19,100.0
19,100.0
19,100.0
19,100.0
19,100.0
19,87.6
19,87.6
19,87.6
19,87.6
19,87.6
19,87.6
20,87.6
20,100.0
20,100.0
20,100.0
20,100.0
20,100.0
20,100.0
20,100.0
20,100.0
20,100.0
20,100.0
20,100.0
21,100.0
21,0.0
21,0.0
21,0.0
21,0.0
21,0.0
21,0.0
22,0.0
22,100.0
22,100.0
22,100.0
22,100.0
22,100.0
22,100.0
22,100.0
22,100.0
22,100.0
22,100.0
22,100.0
23,100.0
23,100.0
23,100.0
23,100.0
23,100.0
23,100.0
23,100.0
24,100.0
24,100.0
24,100.0
24,100.0
24,100.0
24,100.0
24,100.0
24,58.9
24,58.9
24,58.9
24,58.9
24,58.9
25,58.9
25,100.0
25,100.0
25,100.0
25,100.0
25,100.0
25,100.0
25,85.6
25,85.6
25,85.6
25,85.6
25,85.6
25,85.6
26,85.6
26,100.0
26,100.0
26,100.0
26,100.0
26,100.0
27,100.0
27,100.0
27,100.0
27,100.0
27,100.0
27,100.0
27,100.0
27,100.0
27,100.0
27,100.0
27,100.0
27,100.0
27,100.0
28,100.0
28,100.0
28,100.0
28,100.0
28,100.0
28,100.0
29,100.0
29,85.2
29,85.2
29,85.2
29,85.2
29,85.2
29,85.2
29,0.0
29,0.0
29,0.0
29,0.0
29,0.0
29,0.0
30,100.0
30,100.0
30,100.0
30,100.0
30,100.0
30,100.0
31,100.0
31,100.0
31,100.0
31,100.0
31,100.0
31,100.0
31,100.0
31,0.0
31,0.0
31,0.0
31,0.0
31,0.0
32,0.0
32,0.0
32,0.0
32,0.0
32,0.0
32,0.0
32,0.0
32,0.0
32,51.8
32,51.8
32,51.8
32,51.8
32,51.8
33,51.8
33,49.2
33,49.2
33,49.2
33,49.2
33,49.2
34,49.2
34,100.0
34,100.0
34,100.0
34,100.0
34,100.0
34,100.0
34,100.0
34,100.0
34,100.0
34,100.0
34,100.0
34,100.0
35,100.0
35,82.9
35,82.9
35,82.9
35,82.9
35,82.9
36,82.9
36,100.0
36,100.0
36,100.0
36,100.0
36,100.0
36,100.0
36,100.0
36,100.0
36,100.0
36,100.0
36,100.0
36,100.0
37,100.0
37,82.9
37,82.9
37,82.9
37,82.9
37,82.9
37,82.9
37,0.0
37,0.0
37,0.0
37,0.0
37,0.0
38,0.0
38,100.0
38,100.0
38,100.0
38,100.0
38,100.0
38,100.0
39,100.0
39,81.8
39,81.8
39,81.8
39,81.8
39,81.8
39,81.8
39,100.0
39,100.0
39,100.0
39,100.0
39,100.0
40,100.0
40,52.6
40,52.6
40,52.6
40,52.6
40,52.6
40,52.6
41,50.0
41,50.0
41,50.0
41,50.0
41,50.0
41,50.0
41,50.0
41,0.0
41,0.0
41,0.0
41,0.0
41,0.0
42,0.0
42,100.0
42,100.0
42,100.0
42,100.0
42,100.0
42,100.0
42,100.0
42,100.0
42,100.0
42,100.0
42,100.0
42,100.0
43,100.0
43,0.0
43,0.0
43,0.0
43,0.0
43,0.0
44,0.0
44,100.0
44,100.0
44,100.0
44,100.0
44,100.0
44,100.0
44,80.0
44,80.0
44,80.0
44,80.0
44,80.0
44,80.0
45,80.0
45,0.0
45,0.0
45,0.0
45,0.0
45,0.0
46,0.0
46,100.0
46,100.0
46,100.0
46,100.0
46,100.0
46,100.0
46,0.0
46,0.0
46,0.0
46,0.0
46,0.0
46,0.0
47,100.0
47,100.0
47,100.0
47,100.0
47,100.0
47,100.0
48,100.0
48,100.0
48,100.0
48,100.0
48,100.0
48,100.0
48,100.0
48,0.0
48,0.0
48,0.0
48,0.0
48,0.0
49,0.0
49,100.0
49,100.0
49,100.0
49,100.0
49,100.0
49,100.0
49,100.0
49,43.9
49,43.9
49,43.9
49,43.9
49,43.9
50,43.9
50,100.0
50,100.0
50,100.0
50,100.0
50,100.0
51,100.0
51,0.0
51,0.0
51,0.0
51,0.0
51,0.0
51,0.0
51,0.0
51,100.0
51,100.0
51,100.0
51,100.0
51,100.0
52,100.0
52,43.0
52,43.0
52,43.0
52,43.0
52,43.0
53,43.0
53,40.2
53,40.2
53,40.2
53,40.2
53,40.2
53,40.2
53,100.0
53,100.0
53,100.0
53,100.0
53,100.0
53,100.0
54,100.0
54,100.0
54,100.0
54,100.0
54,100.0
54,100.0
54,100.0
54,76.8
54,76.8
54,76.8
54,76.8
54,76.8
55,76.8
55,99.0
55,99.0
55,99.0
55,99.0
55,99.0
55,99.0
56,99.0
56,100.0
56,100.0
56,100.0
56,100.0
56,100.0
56,100.0
56,76.3
56,76.3
56,76.3
56,76.3
56,76.3
57,76.3
57,37.4
57,37.4
57,37.4
57,37.4
57,37.4
57,37.4
58,100.0
58,100.0
58,100.0
58,100.0
58,100.0
58,100.0
58,100.0
58,100.0
58,100.0
58,100.0
58,100.0
58,100.0
59,100.0
59,100.0
59,100.0
59,100.0
59,100.0
59,100.0
60,100.0
60,100.0
60,100.0
60,100.0
60,100.0
60,100.0
60,100.0
60,100.0
60,41.1
60,41.1
60,41.1
60,41.1
60,41.1
61,41.1
61,38.3
61,38.3
61,38.3
61,38.3
61,38.3
61,38.3
61,100.0
61,100.0
61,100.0
61,100.0
61,100.0
61,100.0
62,100.0
62,0.0
62,0.0
62,0.0
62,0.0
62,0.0
63,0.0
63,100.0
63,100.0
63,100.0
63,100.0
63,100.0
63,100.0
63,0.0
63,0.0
63,0.0
63,0.0
63,0.0
63,0.0
64,100.0
64,100.0
64,100.0
64,100.0
64,100.0
64,100.0
65,100.0
65,35.5
65,35.5
65,35.5
65,35.5
65,35.5
65,35.5
65,0.0
65,0.0
65,0.0
65,0.0
65,0.0
66,0.0
66,100.0
66,100.0
66,100.0
66,100.0
66,100.0
66,100.0
66,100.0
66,100.0
66,100.0
66,100.0
66,100.0
66,100.0
67,100.0
67,0.0
67,0.0
67,0.0
67,0.0
67,0.0
68,0.0
68,100.0
68,100.0
68,100.0
68,100.0
68,100.0
68,100.0
68,100.0
68,31.3
68,31.3
68,31.3
68,31.3
68,31.3
69,31.3
69,100.0
69,100.0
69,100.0
69,100.0
69,100.0
70,100.0
70,100.0
70,100.0
70,100.0
70,100.0
70,100.0
70,100.0
70,100.0
70,100.0
70,100.0
70,100.0
70,100.0
70,100.0
71,100.0
71,100.0
71,100.0
71,100.0
71,100.0
71,100.0
72,100.0
72,0.0
72,0.0
72,0.0
72,0.0
72,0.0
72,0.0
72,100.0
72,100.0
72,100.0
72,100.0
72,100.0
72,100.0
73,100.0
73,28.8
73,28.8
73,28.8
73,28.8
73,28.8
73,28.8
73,100.0
73,100.0
73,100.0
73,100.0
73,100.0
74,100.0
74,100.0
74,100.0
74,100.0
74,100.0
74,100.0
74,100.0
75,100.0
75,26.4
75,26.4
75,26.4
75,26.4
75,26.4
75,26.4
75,100.0
75,100.0
75,100.0
75,100.0
75,100.0
76,100.0
76,0.0
76,0.0
76,0.0
76,0.0
76,0.0
76,0.0
77,100.0
77,100.0
77,100.0
77,100.0
77,100.0
77,100.0
77,100.0
77,0.0
77,0.0
77,0.0
77,0.0
77,0.0
78,0.0
78,100.0
78,100.0
78,100.0
78,100.0
78,100.0
78,100.0
78,100.0
78,100.0
78,100.0
78,100.0
78,100.0
78,100.0
79,100.0
79,100.0
79,100.0
79,100.0
79,100.0
79,100.0
80,100.0
80,0.0
80,0.0
80,0.0
80,0.0
80,0.0
80,0.0
80,100.0
80,100.0
80,100.0
80,100.0
80,100.0
80,100.0
81,0.0
81,0.0
81,0.0
81,0.0
81,0.0
81,0.0
82,0.0
82,93.6
82,93.6
82,93.6
82,93.6
82,93.6
82,93.6
82,93.2
82,93.2
82,93.2
82,93.2
82,93.2
82,93.2
83,68.4
83,68.4
83,68.4
83,68.4
83,68.4
83,68.4
84,68.4
84,100.0
84,100.0
84,100.0
84,100.0
84,100.0
84,100.0
84,100.0
84,100.0
84,100.0
84,100.0
84,100.0
85,100.0
85,68.6
85,68.6
85,68.6
85,68.6
85,68.6
85,68.6
85,68.6
85,100.0
85,100.0
85,100.0
85,100.0
85,100.0
86,100.0
86,100.0
86,100.0
86,100.0
86,100.0
86,100.0
87,100.0
87,16.4
87,16.4
87,16.4
87,16.4
87,16.4
87,16.4
87,0.0
87,0.0
87,0.0
87,0.0
87,0.0
87,0.0
88,0.0
88,100.0
88,100.0
88,100.0
88,100.0
88,100.0
89,100.0
89,0.0
89,0.0
89,0.0
89,0.0
89,0.0
89,0.0
89,100.0
89,100.0
89,100.0
89,100.0
89,100.0
89,100.0
90,100.0
90,100.0
90,100.0
90,100.0
90,100.0
90,100.0
90,100.0
90,0.0
90,0.0
90,0.0
90,0.0
90,0.0
91,0.0
91,100.0
91,100.0
91,100.0
91,100.0
91,100.0
91,100.0
92,100.0
92,100.0
92,100.0
92,100.0
92,100.0
92,100.0
92,100.0
92,100.0
92,100.0
92,100.0
92,100.0
92,100.0
93,100.0
93,100.0
93,100.0
93,100.0
93,100.0
93,100.0
93,100.0
94,67.8
94,67.8
94,67.8
94,67.8
94,67.8
94,67.8
94,67.8
94,0.0
94,0.0
94,0.0
94,0.0
94,0.0
95,0.0
95,100.0
95,100.0
95,100.0
95,100.0
95,100.0
95,100.0
95,100.0
95,100.0
95,100.0
95,100.0
95,100.0
95,100.0
96,100.0
96,100.0
96,100.0
96,100.0
96,100.0
96,100.0
97,100.0
97,100.0
97,100.0
97,100.0
97,100.0
97,100.0
97,100.0
97,90.4
97,90.4
97,90.4
97,90.4
97,90.4
97,90.4
98,90.4
98,100.0
98,100.0
98,100.0
98,100.0
98,100.0
99,100.0
99,90.4
99,90.4
99,90.4
99,90.4
99,90.4
99,90.4
99,100.0
99,100.0
99,100.0
99,100.0
99,100.0
99,100.0
100,100.0
100,100.0
100,100.0
100,100.0
100,100.0
100,100.0
101,100.0
101,0.0
101,0.0
101,0.0
101,0.0
101,0.0
101,0.0
101,100.0
101,100.0
101,100.0
101,100.0
101,100.0
102,100.0
102,100.0
102,100.0
102,100.0
102,100.0
102,100.0
102,100.0
102,100.0
102,0.0
102,0.0
102,0.0
102,0.0
102,0.0
103,0.0
103,62.9
103,62.9
103,62.9
103,62.9
103,62.9
104,62.9
104,100.0
104,100.0
104,100.0
104,100.0
104,100.0
104,100.0
104,100.0
104,100.0
104,100.0
104,100.0
104,100.0
104,100.0
105,100.0
105,100.0
105,100.0
105,100.0
105,100.0
105,100.0
106,100.0
106,65.3
106,65.3
106,65.3
106,65.3
106,65.3
106,65.3
106,64.1
106,64.1
106,64.1
106,64.1
106,64.1
106,64.1
107,64.1
107,88.8
107,88.8
107,88.8
107,88.8
107,88.8
107,88.8
107,100.0
107,100.0
107,100.0
107,100.0
107,100.0
108,100.0
108,0.0
108,0.0
108,0.0
108,0.0
108,0.0
108,0.0
109,0.0
109,100.0
109,100.0
109,100.0
109,100.0
109,100.0
109,100.0
109,100.0
109,100.0
109,100.0
109,100.0
109,100.0
110,100.0
110,64.7
110,64.7
110,64.7
110,64.7
110,64.7
110,64.7
111,0.0
111,0.0
111,0.0
111,0.0
111,0.0
111,0.0
111,0.0
111,100.0
111,100.0
111,100.0
111,100.0
111,100.0
112,100.0
112,100.0
112,100.0
112,100.0
112,100.0
112,100.0
112,100.0
113,62.3
113,62.3
113,62.3
113,62.3
113,62.3
113,62.3
113,62.3
113,100.0
113,100.0
113,100.0
113,100.0
113,100.0
114,100.0
114,100.0
114,100.0
114,100.0
114,100.0
114,100.0
114,100.0
114,61.2
114,61.2
114,61.2
114,61.2
114,61.2
114,61.2
115,61.2
115,100.0
115,100.0
115,100.0
115,100.0
115,100.0
116,100.0
116,64.1
116,64.1
116,64.1
116,64.1
116,64.1
116,64.1
116,100.0
116,100.0
116,100.0
116,100.0
116,100.0
116,100.0
117,100.0
117,100.0
117,100.0
117,100.0
117,100.0
117,100.0
118,100.0
118,0.0
118,0.0
118,0.0
118,0.0
118,0.0
118,0.0
118,100.0
118,100.0
118,100.0
118,100.0
118,100.0
119,100.0
119,100.0
119,100.0
119,100.0
119,100.0
119,100.0
119,100.0
119,100.0
119,61.2
119,61.2
119,61.2
119,61.2
119,61.2
120,61.2
120,100.0
120,100.0
120,100.0
120,100.0
120,100.0
121,100.0
121,87.5
121,87.5
121,87.5
121,87.5
121,87.5
121,87.5
121,87.5
121,0.0
121,0.0
121,0.0
121,0.0
121,0.0
122,0.0
122,100.0
122,100.0
122,100.0
122,100.0
122,100.0
123,100.0
123,0.0
123,0.0
123,0.0
123,0.0
123,0.0
123,0.0
123,100.0
123,100.0
123,100.0
123,100.0
123,100.0
123,100.0
124,100.0
124,0.0
124,0.0
124,0.0
124,0.0
124,0.0
125,0.0
125,100.0
125,100.0
125,100.0
125,100.0
125,100.0
125,100.0
125,0.0
125,0.0
125,0.0
125,0.0
125,0.0
125,0.0
126,0.0
126,100.0
126,100.0
126,100.0
126,100.0
126,100.0
126,100.0
126,0.0
126,0.0
126,0.0
126,0.0
126,0.0
127,0.0
127,58.8
127,58.8
127,58.8
127,58.8
127,58.8
127,58.8
128,100.0
128,100.0
128,100.0
128,100.0
128,100.0
128,100.0
128,100.0
128,100.0
128,100.0
128,100.0
128,100.0
128,100.0
129,100.0
129,0.0
129,0.0
129,0.0
129,0.0
129,0.0
130,0.0
130,100.0
130,100.0
130,100.0
130,100.0
130,100.0
130,100.0
130,100.0
130,86.8
130,86.8
130,86.8
130,86.8
130,86.8
131,86.8
131,86.3
131,86.3
131,86.3
131,86.3
131,86.3
131,86.3
131,100.0
131,100.0
131,100.0
131,100.0
131,100.0
131,100.0
132,100.0
132,0.0
132,0.0
132,0.0
132,0.0
132,0.0
133,0.0
133,100.0
133,100.0
133,100.0
133,100.0
133,100.0
133,100.0
133,100.0
133,100.0
133,100.0
133,100.0
133,100.0
133,100.0
134,60.0
134,60.0
134,60.0
134,60.0
134,60.0
134,60.0
135,60.0
135,100.0
135,100.0
135,100.0
135,100.0
135,100.0
135,100.0
135,0.0
135,0.0
135,0.0
135,0.0
135,0.0
136,0.0
136,100.0
136,100.0
136,100.0
136,100.0
136,100.0
136,100.0
137,100.0
137,85.5
137,85.5
137,85.5
137,85.5
137,85.5
137,85.5
137,100.0
137,100.0
137,100.0
137,100.0
137,100.0
138,100.0
138,0.0
138,0.0
138,0.0
138,0.0
138,0.0
138,0.0
138,0.0
138,100.0
138,100.0
138,100.0
138,100.0
138,100.0
139,100.0
139,86.3
139,86.3
139,86.3
139,86.3
139,86.3
140,86.3
140,85.9
140,85.9
140,85.9
140,85.9
140,85.9
140,85.9
140,58.2
140,58.2
140,58.2
140,58.2
140,58.2
140,58.2
141,58.2
141,100.0
141,100.0
141,100.0
141,100.0
141,100.0
142,100.0
142,0.0
142,0.0
142,0.0
142,0.0
142,0.0
142,0.0
142,100.0
142,100.0
142,100.0
142,100.0
142,100.0
142,100.0
143,100.0
143,100.0
143,100.0
143,100.0
143,100.0
143,100.0
143,100.0
143,86.3
143,86.3
143,86.3
143,86.3
143,86.3
144,86.3
144,0.0
144,0.0
144,0.0
144,0.0
144,0.0
144,0.0
145,100.0
145,100.0
145,100.0
145,100.0
145,100.0
145,100.0
145,100.0
145,100.0
145,100.0
145,100.0
145,100.0
145,100.0
146,100.0
146,0.0
146,0.0
146,0.0
146,0.0
146,0.0
146,0.0
147,57.0
147,57.0
147,57.0
147,57.0
147,57.0
147,57.0
147,57.0
147,100.0
147,100.0
147,100.0
147,100.0
147,100.0
148,100.0
148,57.0
148,57.0
148,57.0
148,57.0
148,57.0
149,57.0
149,100.0
149,100.0
149,100.0
149,100.0
149,100.0
149,100.0
149,100.0
149,100.0
149,100.0
149,100.0
149,100.0
149,100.0
150,100.0
150,100.0
150,100.0
150,100.0
150,100.0
150,100.0
150,100.0
150,100.0
150,100.0
150,100.0
150,100.0
150,100.0
150,100.0
151,0.0
151,0.0
151,0.0
151,0.0
151,0.0
151,0.0
152,0.0
152,100.0
152,100.0
152,100.0
152,100.0
152,100.0
152,100.0
152,0.0
152,0.0
152,0.0
152,0.0
152,0.0
153,0.0
153,58.2
153,58.2
153,58.2
153,58.2
153,58.2
153,58.2
154,58.2
154,0.0
154,0.0
154,0.0
154,0.0
154,0.0
154,0.0
154,100.0
154,100.0
154,100.0
154,100.0
154,100.0
155,100.0
155,100.0
155,100.0
155,100.0
155,100.0
155,100.0
155,100.0
155,100.0
155,100.0
155,100.0
155,100.0
155,100.0
155,100.0
156,100.0
156,0.0
156,0.0
156,0.0
156,0.0
156,0.0
157,0.0
157,100.0
157,100.0
157,100.0
157,100.0
157,100.0
157,100.0
157,0.0
157,0.0
157,0.0
157,0.0
157,0.0
157,0.0
158,0.0
158,100.0
158,100.0
158,100.0
158,100.0
158,100.0
159,100.0
159,100.0
159,100.0
159,100.0
159,100.0
159,100.0
159,100.0
159,0.0
159,0.0
159,0.0
159,0.0
159,0.0
159,0.0
160,100.0
160,100.0
160,100.0
160,100.0
160,100.0
160,100.0
160,100.0
160,0.0
160,0.0
160,0.0
160,0.0
160,0.0
161,0.0
161,100.0
161,100.0
161,100.0
161,100.0
161,100.0
161,100.0
162,84.7
162,84.7
162,84.7
162,84.7
162,84.7
162,84.7
162,84.7
162,84.3
162,84.3
162,84.3
162,84.3
162,84.3
163,84.3
163,100.0
163,100.0
163,100.0
163,100.0
163,100.0
164,100.0
164,55.8
164,55.8
164,55.8
164,55.8
164,55.8
164,55.8
164,55.8
164,100.0
164,100.0
164,100.0
164,100.0
164,100.0
165,100.0
165,100.0
165,100.0
165,100.0
165,100.0
165,100.0
166,100.0
166,84.3
166,84.3
166,84.3
166,84.3
166,84.3
166,84.3
166,100.0
166,100.0
166,100.0
166,100.0
166,100.0
166,100.0
167,100.0
167,100.0
167,100.0
167,100.0
167,100.0
167,100.0
167,100.0
167,0.0
167,0.0
167,0.0
167,0.0
167,0.0
168,0.0
168,100.0
168,100.0
168,100.0
168,100.0
168,100.0
168,100.0
169,100.0
169,55.1
169,55.1
169,55.1
169,55.1
169,55.1
169,55.1
169,100.0
169,100.0
169,100.0
169,100.0
169,100.0
170,100.0
170,55.1
170,55.1
170,55.1
170,55.1
170,55.1
170,55.1
171,55.1
171,100.0
171,100.0
171,100.0
171,100.0
171,100.0
171,100.0
171,100.0
171,100.0
171,100.0
171,100.0
171,100.0
172,100.0
172,100.0
172,100.0
172,100.0
172,100.0
172,100.0
172,100.0
172,0.0
172,0.0
172,0.0
172,0.0
172,0.0
172,0.0
173,0.0
173,100.0
173,100.0
173,100.0
173,100.0
173,100.0
174,100.0
174,0.0
174,0.0
174,0.0
174,0.0
174,0.0
174,0.0
174,100.0
174,100.0
174,100.0
174,100.0
174,100.0
174,100.0
175,100.0
175,100.0
175,100.0
175,100.0
175,100.0
175,100.0
176,100.0
176,100.0
176,100.0
176,100.0
176,100.0
176,100.0
176,100.0
176,100.0
176,100.0
176,100.0
176,100.0
176,100.0
176,100.0
177,0.0
177,0.0
177,0.0
177,0.0
177,0.0
177,0.0
178,0.0
178,100.0
178,100.0
178,100.0
178,100.0
178,100.0
178,100.0
178,100.0
178,100.0
178,100.0
178,100.0
178,100.0
178,100.0
179,0.0
179,0.0
179,0.0
179,0.0
179,0.0
179,0.0
179,0.0
179,100.0
179,100.0
179,100.0
179,100.0
179,100.0
180,100.0
180,100.0
180,100.0
180,100.0
180,100.0
180,100.0
181,100.0
181,100.0
181,100.0
181,100.0
181,100.0
181,100.0
181,100.0
181,100.0
181,100.0
181,100.0
181,100.0
181,100.0
181,100.0
182,100.0
182,100.0
182,100.0
182,100.0
182,100.0
182,100.0
183,100.0
183,100.0
183,100.0
183,100.0
183,100.0
183,100.0
183,100.0
183,0.0
183,0.0
183,0.0
183,0.0
183,0.0
183,0.0
184,0.0
184,0.0
184,0.0
184,0.0
184,0.0
184,0.0
184,0.0
184,100.0
184,100.0
184,100.0
184,100.0
184,100.0
185,100.0
185,100.0
185,100.0
185,100.0
185,100.0
185,100.0
185,100.0
186,100.0
186,100.0
186,100.0
186,100.0
186,100.0
186,100.0
186,100.0
186,84.3
186,84.3
186,84.3
186,84.3
186,84.3
187,84.3
187,55.8
187,55.8
187,55.8
187,55.8
187,55.8
187,55.8
188,55.8
188,83.2
188,83.2
188,83.2
188,83.2
188,83.2
188,83.2
188,100.0
188,100.0
188,100.0
188,100.0
188,100.0
189,100.0
189,0.0
189,0.0
189,0.0
189,0.0
189,0.0
189,0.0
190,100.0
190,100.0
190,100.0
190,100.0
190,100.0
190,100.0
190,100.0
190,0.0
190,0.0
190,0.0
190,0.0
190,0.0
191,0.0
191,100.0
191,100.0
191,100.0
191,100.0
191,100.0
191,100.0
191,0.0
191,0.0
191,0.0
191,0.0
191,0.0
191,0.0
192,0.0
192,100.0
192,100.0
192,100.0
192,100.0
192,100.0
193,100.0
193,100.0
193,100.0
193,100.0
193,100.0
193,100.0
193,100.0
193,0.0
193,0.0
193,0.0
193,0.0
193,0.0
193,0.0
194,100.0
194,100.0
194,100.0
194,100.0
194,100.0
194,100.0
195,100.0
195,100.0
195,100.0
195,100.0
195,100.0
195,100.0
195,100.0
195,100.0
195,100.0
195,100.0
195,100.0
195,100.0
196,100.0
196,0.0
196,0.0
196,0.0
196,0.0
196,0.0
196,0.0
196,0.0
196,100.0
196,100.0
196,100.0
196,100.0
196,100.0
197,100.0
197,100.0
197,100.0
197,100.0
197,100.0
197,100.0
198,100.0
198,100.0
198,100.0
198,100.0
198,100.0
198,100.0
198,100.0
198,100.0
198,82.4
198,82.4
198,82.4
198,82.4
198,82.4
199,82.4
199,100.0
199,100.0
199,100.0
199,100.0
199,100.0
200,100.0
200,0.0
200,0.0
200,0.0
200,0.0
200,0.0
200,0.0
200,100.0
200,100.0
200,100.0
200,100.0
200,100.0
200,100.0
201,100.0
201,100.0
201,100.0
201,100.0
201,100.0
201,100.0
202,100.0
202,0.0
202,0.0
202,0.0
202,0.0
202,0.0
202,0.0
202,100.0
202,100.0
202,100.0
202,100.0
202,100.0
202,100.0
203,100.0
203,100.0
203,100.0
203,100.0
203,100.0
203,100.0
203,100.0
203,0.0
203,0.0
203,0.0
203,0.0
203,0.0
204,0.0
204,100.0
204,100.0
204,100.0
204,100.0
204,100.0
204,100.0
205,100.0
205,0.0
205,0.0
205,0.0
205,0.0
205,0.0
205,0.0
205,100.0
205,100.0
205,100.0
205,100.0
205,100.0
206,100.0
206,0.0
206,0.0
206,0.0
206,0.0
206,0.0
206,0.0
207,100.0
207,100.0
207,100.0
207,100.0
207,100.0
207,100.0
207,100.0
207,100.0
207,100.0
207,100.0
207,100.0
207,100.0
208,100.0
208,82.8
208,82.8
208,82.8
208,82.8
208,82.8
208,82.8
208,0.0
208,0.0
208,0.0
208,0.0
208,0.0
208,0.0
209,0.0
209,100.0
209,100.0
209,100.0
209,100.0
209,100.0
210,100.0
210,82.5
210,82.5
210,82.5
210,82.5
210,82.5
210,82.5
210,51.6
210,51.6
210,51.6
210,51.6
210,51.6
210,51.6
211,100.0
211,100.0
211,100.0
211,100.0
211,100.0
211,100.0
212,100.0
212,100.0
212,100.0
212,100.0
212,100.0
212,100.0
212,100.0
212,100.0
212,100.0
212,100.0
212,100.0
212,100.0
212,100.0
213,0.0
213,0.0
213,0.0
213,0.0
213,0.0
213,0.0
214,0.0
214,100.0
214,100.0
214,100.0
214,100.0
214,100.0
214,100.0
214,100.0
214,100.0
214,100.0
214,100.0
214,100.0
215,100.0
215,100.0
215,100.0
215,100.0
215,100.0
215,100.0
215,100.0
215,100.0
215,0.0
215,0.0
215,0.0
215,0.0
215,0.0
216,0.0
216,100.0
216,100.0
216,100.0
216,100.0
216,100.0
217,100.0
217,83.2
217,83.2
217,83.2
217,83.2
217,83.2
217,83.2
217,53.3
217,53.3
217,53.3
217,53.3
217,53.3
217,53.3
218,53.3
218,100.0
218,100.0
218,100.0
218,100.0
218,100.0
219,100.0
219,51.6
219,51.6
219,51.6
219,51.6
219,51.6
219,51.6
219,100.0
219,100.0
219,100.0
219,100.0
219,100.0
219,100.0
220,100.0
220,100.0
220,100.0
220,100.0
220,100.0
220,100.0
220,100.0
220,0.0
220,0.0
220,0.0
220,0.0
220,0.0
221,0.0
221,81.4
221,81.4
221,81.4
221,81.4
221,81.4
221,81.4
222,81.4
222,100.0
222,100.0
222,100.0
222,100.0
222,100.0
222,100.0
222,100.0
222,100.0
222,100.0
222,100.0
222,100.0
223,100.0
223,81.7
223,81.7
223,81.7
223,81.7
223,81.7
223,81.7
224,100.0
224,100.0
224,100.0
224,100.0
224,100.0
224,100.0
224,100.0
224,100.0
224,100.0
224,100.0
224,100.0
224,100.0
225,100.0
225,0.0
225,0.0
225,0.0
225,0.0
225,0.0
225,0.0
225,100.0
225,100.0
225,100.0
225,100.0
225,100.0
225,100.0
226,100.0
226,81.7
226,81.7
226,81.7
226,81.7
226,81.7
227,81.7
227,100.0
227,100.0
227,100.0
227,100.0
227,100.0
227,100.0
227,81.4
227,81.4
227,81.4
227,81.4
227,81.4
227,81.4
228,100.0
228,100.0
228,100.0
228,100.0
228,100.0
228,100.0
229,100.0
229,100.0
229,100.0
229,100.0
229,100.0
229,100.0
229,100.0
229,54.2
229,54.2
229,54.2
229,54.2
229,54.2
230,54.2
230,52.5
230,52.5
230,52.5
230,52.5
230,52.5
230,52.5
231,52.5
231,100.0
231,100.0
231,100.0
231,100.0
231,100.0
231,100.0
231,0.0
231,0.0
231,0.0
231,0.0
231,0.0
232,0.0
232,100.0
232,100.0
232,100.0
232,100.0
232,100.0
232,100.0
232,100.0
232,80.6
232,80.6
232,80.6
232,80.6
232,80.6
233,80.6
233,100.0
233,100.0
233,100.0
233,100.0
233,100.0
234,100.0
234,100.0
234,100.0
234,100.0
234,100.0
234,100.0
234,100.0
234,100.0
234,100.0
234,100.0
234,100.0
234,100.0
234,100.0
235,100.0
235,82.8
235,82.8
235,82.8
235,82.8
235,82.8
236,82.8
236,52.5
236,52.5
236,52.5
236,52.5
236,52.5
236,52.5
236,0.0
236,0.0
236,0.0
236,0.0
236,0.0
236,0.0
237,0.0
237,100.0
237,100.0
237,100.0
237,100.0
237,100.0
237,100.0
237,82.4
237,82.4
237,82.4
237,82.4
237,82.4
238,82.4
238,0.0
238,0.0
238,0.0
238,0.0
238,0.0
238,0.0
239,0.0
239,100.0
239,100.0
239,100.0
239,100.0
239,100.0
239,100.0
239,0.0
239,0.0
239,0.0
239,0.0
239,0.0
240,0.0
240,100.0
240,100.0
240,100.0
240,100.0
240,100.0
240,100.0
241,100.0
241,100.0
241,100.0
241,100.0
241,100.0
241,100.0
241,100.0
241,100.0
241,100.0
241,100.0
241,100.0
241,100.0
242,100.0
242,100.0
242,100.0
242,100.0
242,100.0
242,100.0
243,100.0
243,100.0
243,100.0
243,100.0
243,100.0
243,100.0
243,100.0
243,100.0
243,0.0
243,0.0
243,0.0
243,0.0
243,0.0
244,0.0
244,100.0
244,100.0
244,100.0
244,100.0
244,100.0
244,100.0
244,100.0
244,100.0
244,100.0
244,100.0
244,100.0
244,100.0
245,50.8
245,50.8
245,50.8
245,50.8
245,50.8
245,50.8
246,50.8
246,100.0
246,100.0
246,100.0
246,100.0
246,100.0
246,100.0
246,100.0
246,100.0
246,100.0
246,100.0
246,100.0
246,100.0
247,100.0
247,100.0
247,100.0
247,100.0
247,100.0
247,100.0
248,100.0
248,0.0
248,0.0
248,0.0
248,0.0
248,0.0
248,0.0
248,48.2
248,48.2
248,48.2
248,48.2
248,48.2
249,48.2
249,100.0
249,100.0
249,100.0
249,100.0
249,100.0
249,100.0
249,100.0
249,49.0
249,49.0
249,49.0
249,49.0
249,49.0
250,49.0
250,100.0
250,100.0
250,100.0
250,100.0
250,100.0
251,100.0
251,81.4
251,81.4
251,81.4
251,81.4
251,81.4
251,81.4
251,100.0
251,100.0
251,100.0
251,100.0
251,100.0
251,100.0
252,100.0
252,51.6
252,51.6
252,51.6
252,51.6
252,51.6
253,51.6
253,100.0
253,100.0
253,100.0
253,100.0
253,100.0
253,100.0
253,0.0
253,0.0
253,0.0
253,0.0
253,0.0
253,0.0
254,0.0
254,100.0
254,100.0
254,100.0
254,100.0
254,100.0
255,100.0
255,100.0
255,100.0
255,100.0
255,100.0
255,100.0
255,100.0
255,100.0
255,100.0
255,100.0
255,100.0
255,100.0
255,100.0
256,100.0
256,0.0
256,0.0
256,0.0
256,0.0
256,0.0
256,0.0
256,80.3
256,80.3
256,80.3
256,80.3
256,80.3
257,80.3
257,100.0
257,100.0
257,100.0
257,100.0
257,100.0
257,100.0
258,0.0
258,0.0
258,0.0
258,0.0
258,0.0
258,0.0
258,0.0
258,100.0
258,100.0
258,100.0
258,100.0
258,100.0
259,100.0
259,80.6
259,80.6
259,80.6
259,80.6
259,80.6
260,80.6
260,100.0
260,100.0
260,100.0
260,100.0
260,100.0
260,100.0
260,100.0
260,100.0
260,100.0
260,100.0
260,100.0
260,100.0
261,100.0
261,49.9
261,49.9
261,49.9
261,49.9
261,49.9
261,49.9
261,100.0
261,100.0
261,100.0
261,100.0
261,100.0
261,100.0
262,0.0
262,0.0
262,0.0
262,0.0
262,0.0
262,0.0
263,0.0
263,100.0
263,100.0
263,100.0
263,100.0
263,100.0
263,100.0
263,100.0
263,100.0
263,100.0
263,100.0
263,100.0
263,100.0
264,0.0
264,0.0
264,0.0
264,0.0
264,0.0
264,0.0
265,0.0
265,79.1
265,79.1
265,79.1
265,79.1
265,79.1
265,79.1
265,100.0
265,100.0
265,100.0
265,100.0
265,100.0
266,100.0
266,49.0
266,49.0
266,49.0
266,49.0
266,49.0
266,49.0
267,49.0
267,100.0
267,100.0
267,100.0
267,100.0
267,100.0
267,100.0
267,0.0
267,0.0
267,0.0
267,0.0
267,0.0
268,0.0
268,100.0
268,100.0
268,100.0
268,100.0
268,100.0
268,100.0
268,100.0
268,100.0
268,100.0
268,100.0
268,100.0
268,100.0
269,100.0
269,100.0
269,100.0
269,100.0
269,100.0
269,100.0
270,100.0
270,0.0
270,0.0
270,0.0
270,0.0
270,0.0
270,0.0
270,100.0
270,100.0
270,100.0
270,100.0
270,100.0
270,100.0
271,100.0
271,100.0
271,100.0
271,100.0
271,100.0
271,100.0
272,100.0
272,0.0
272,0.0
272,0.0
272,0.0
272,0.0
272,0.0
272,100.0
272,100.0
272,100.0
272,100.0
272,100.0
272,100.0
273,100.0
273,0.0
273,0.0
273,0.0
273,0.0
273,0.0
273,0.0
273,80.6
273,80.6
273,80.6
273,80.6
273,80.6
274,80.6
274,100.0
274,100.0
274,100.0
274,100.0
274,100.0
274,100.0
275,0.0
275,0.0
275,0.0
275,0.0
275,0.0
275,0.0
275,0.0
275,100.0
275,100.0
275,100.0
275,100.0
275,100.0
276,100.0
276,0.0
276,0.0
276,0.0
276,0.0
276,0.0
277,0.0
277,100.0
277,100.0
277,100.0
277,100.0
277,100.0
277,100.0
277,100.0
277,100.0
277,100.0
277,100.0
277,100.0
277,100.0
278,100.0
278,100.0
278,100.0
278,100.0
278,100.0
278,100.0
278,100.0
278,49.0
278,49.0
278,49.0
278,49.0
278,49.0
278,49.0
279,0.0
279,0.0
279,0.0
279,0.0
279,0.0
279,0.0
280,0.0
280,100.0
280,100.0
280,100.0
280,100.0
280,100.0
280,100.0
280,49.0
280,49.0
280,49.0
280,49.0
280,49.0
281,49.0
281,100.0
281,100.0
281,100.0
281,100.0
281,100.0
281,100.0
282,100.0
282,100.0
282,100.0
282,100.0
282,100.0
282,100.0
282,100.0
282,100.0
282,100.0
282,100.0
282,100.0
282,100.0
283,100.0
283,100.0
283,100.0
283,100.0
283,100.0
283,100.0
283,100.0
284,100.0
284,50.8
284,50.8
284,50.8
284,50.8
284,50.8
284,50.8
284,0.0
284,0.0
284,0.0
284,0.0
284,0.0
285,0.0
285,100.0
285,100.0
285,100.0
285,100.0
285,100.0
285,100.0
285,100.0
285,100.0
285,100.0
285,100.0
285,100.0
285,100.0
286,100.0
286,100.0
286,100.0
286,100.0
286,100.0
286,100.0
287,100.0
287,0.0
287,0.0
287,0.0
287,0.0
287,0.0
287,0.0
287,47.3
287,47.3
287,47.3
287,47.3
287,47.3
287,47.3
288,47.3
288,100.0
288,100.0
288,100.0
288,100.0
288,100.0
289,100.0
289,45.6
289,45.6
289,45.6
289,45.6
289,45.6
289,45.6
289,100.0
289,100.0
289,100.0
289,100.0
289,100.0
289,100.0
290,100.0
290,100.0
290,100.0
290,100.0
290,100.0
290,100.0
290,100.0
290,100.0
290,100.0
290,100.0
290,100.0
290,100.0
291,100.0
291,0.0
291,0.0
291,0.0
291,0.0
291,0.0
292,0.0
292,100.0
292,100.0
292,100.0
292,100.0
292,100.0
292,100.0
292,100.0
292,79.5
292,79.5
292,79.5
292,79.5
292,79.5
293,79.5
293,100.0
293,100.0
293,100.0
293,100.0
293,100.0
294,100.0
294,46.4
294,46.4
294,46.4
294,46.4
294,46.4
294,46.4
294,46.4
294,100.0
294,100.0
294,100.0
294,100.0
294,100.0
295,100.0
295,100.0
295,100.0
295,100.0
295,100.0
295,100.0
296,100.0
296,100.0
296,100.0
296,100.0
296,100.0
296,100.0
296,100.0
296,0.0
296,0.0
296,0.0
296,0.0
296,0.0
296,0.0
297,0.0
297,100.0
297,100.0
297,100.0
297,100.0
297,100.0
297,100.0
297,100.0
297,100.0
297,100.0
297,100.0
297,100.0
298,100.0
298,0.0
298,0.0
298,0.0
298,0.0
298,0.0
298,0.0
299,0.0
299,100.0
299,100.0
299,100.0
299,100.0
299,100.0
299,100.0
299,0.0
299,0.0
299,0.0
299,0.0
299,0.0
300,0.0
300,100.0
300,100.0
300,100.0
300,100.0
300,100.0
300,100.0
301,100.0
301,100.0
301,100.0
301,100.0
301,100.0
301,100.0
301,100.0
301,46.4
301,46.4
301,46.4
301,46.4
301,46.4
302,46.4
302,100.0
302,100.0
302,100.0
302,100.0
302,100.0
302,100.0
302,100.0
302,100.0
302,100.0
302,100.0
302,100.0
302,100.0
303,100.0
303,100.0
303,100.0
303,100.0
303,100.0
303,100.0
304,100.0
304,100.0
304,100.0
304,100.0
304,100.0
304,100.0
304,100.0
304,0.0
304,0.0
304,0.0
304,0.0
304,0.0
304,0.0
305,0.0
305,100.0
305,100.0
305,100.0
305,100.0
305,100.0
306,100.0
306,100.0
306,100.0
306,100.0
306,100.0
306,100.0
306,100.0
306,0.0
306,0.0
306,0.0
306,0.0
306,0.0
306,0.0
307,100.0
307,100.0
307,100.0
307,100.0
307,100.0
307,100.0
308,100.0
308,0.0
308,0.0
308,0.0
308,0.0
308,0.0
308,0.0
308,100.0
308,100.0
308,100.0
308,100.0
308,100.0
308,100.0
309,100.0
309,100.0
309,100.0
309,100.0
309,100.0
309,100.0
309,100.0
309,100.0
309,100.0
309,100.0
309,100.0
309,100.0
310,100.0
310,0.0
310,0.0
310,0.0
310,0.0
310,0.0
311,0.0
311,100.0
311,100.0
311,100.0
311,100.0
311,100.0
311,100.0
311,100.0
311,100.0
311,100.0
311,100.0
311,100.0
311,100.0
312,100.0
312,50.8
312,50.8
312,50.8
312,50.8
312,50.8
313,50.8
313,0.0
313,0.0
313,0.0
313,0.0
313,0.0
313,0.0
313,100.0
313,100.0
313,100.0
313,100.0
313,100.0
313,100.0
314,100.0
314,0.0
314,0.0
314,0.0
314,0.0
314,0.0
314,0.0
314,100.0
314,100.0
314,100.0
314,100.0
314,100.0
315,100.0
315,0.0
315,0.0
315,0.0
315,0.0
315,0.0
315,0.0
316,0.0
316,0.0
316,0.0
316,0.0
316,0.0
316,0.0
316,0.0
316,100.0
316,100.0
316,100.0
316,100.0
316,100.0
317,100.0
317,42.8
317,42.8
317,42.8
317,42.8
317,42.8
317,42.8
318,42.8
318,100.0
318,100.0
318,100.0
318,100.0
318,100.0
318,100.0
318,78.7
318,78.7
318,78.7
318,78.7
318,78.7
319,78.7
319,100.0
319,100.0
319,100.0
319,100.0
319,100.0
319,100.0
320,0.0
320,0.0
320,0.0
320,0.0
320,0.0
320,0.0
320,0.0
320,100.0
320,100.0
320,100.0
320,100.0
320,100.0
321,100.0
321,100.0
321,100.0
321,100.0
321,100.0
321,100.0
321,100.0
321,0.0
321,0.0
321,0.0
321,0.0
321,0.0
321,0.0
322,0.0
322,100.0
322,100.0
322,100.0
322,100.0
322,100.0
323,100.0
323,43.7
323,43.7
323,43.7
323,43.7
323,43.7
323,43.7
323,100.0
323,100.0
323,100.0
323,100.0
323,100.0
323,100.0
324,100.0
324,100.0
324,100.0
324,100.0
324,100.0
324,100.0
325,100.0
325,100.0
325,100.0
325,100.0
325,100.0
325,100.0
325,100.0
325,0.0
325,0.0
325,0.0
325,0.0
325,0.0
326,0.0
326,100.0
326,100.0
326,100.0
326,100.0
326,100.0
326,100.0
326,100.0
326,0.0
326,0.0
326,0.0
326,0.0
326,0.0
327,0.0
327,100.0
327,100.0
327,100.0
327,100.0
327,100.0
328,100.0
328,100.0
328,100.0
328,100.0
328,100.0
328,100.0
328,100.0
328,100.0
328,81.0
328,81.0
328,81.0
328,81.0
328,81.0
329,81.0
329,100.0
329,100.0
329,100.0
329,100.0
329,100.0
330,100.0
330,0.0
330,0.0
330,0.0
330,0.0
330,0.0
330,0.0
330,100.0
330,100.0
330,100.0
330,100.0
330,100.0
330,100.0
331,100.0
331,81.0
331,81.0
331,81.0
331,81.0
331,81.0
331,81.0
331,100.0
331,100.0
331,100.0
331,100.0
331,100.0
332,100.0
332,51.6
332,51.6
332,51.6
332,51.6
332,51.6
332,51.6
333,51.6
333,0.0
333,0.0
333,0.0
333,0.0
333,0.0
333,0.0
333,100.0
333,100.0
333,100.0
333,100.0
333,100.0
334,100.0
334,0.0
334,0.0
334,0.0
334,0.0
334,0.0
334,0.0
335,0.0
335,100.0
335,100.0
335,100.0
335,100.0
335,100.0
335,100.0
335,0.0
335,0.0
335,0.0
335,0.0
335,0.0
336,0.0
336,100.0
336,100.0
336,100.0
336,100.0
336,100.0
336,100.0
337,100.0
337,100.0
337,100.0
337,100.0
337,100.0
337,100.0
337,100.0
337,100.0
337,100.0
337,100.0
337,100.0
337,100.0
338,100.0
338,100.0
338,100.0
338,100.0
338,100.0
338,100.0
338,100.0
338,100.0
338,100.0
338,100.0
338,100.0
338,100.0
338,100.0
339,100.0
339,0.0
339,0.0
339,0.0
339,0.0
339,0.0
340,0.0
340,0.0
340,0.0
340,0.0
340,0.0
340,0.0
340,0.0
340,76.7
340,76.7
340,76.7
340,76.7
340,76.7
340,76.7
341,76.2
341,76.2
341,76.2
341,76.2
341,76.2
341,76.2
342,76.2
342,0.0
342,0.0
342,0.0
342,0.0
342,0.0
342,0.0
342,0.0
342,0.0
342,0.0
342,0.0
342,0.0
343,0.0
343,72.3
343,72.3
343,72.3
343,72.3
343,72.3
343,72.3
343,72.3
343,71.8
343,71.8
343,71.8
343,71.8
343,71.8
344,71.8
344,0.0
344,0.0
344,0.0
344,0.0
344,0.0
345,0.0
345,0.0
345,0.0
345,0.0
345,0.0
345,0.0
345,0.0
345,0.0
345,92.3
345,92.3
345,92.3
345,92.3
345,92.3
346,92.3
346,0.0
346,0.0
346,0.0
346,0.0
346,0.0
347,0.0
347,0.0
347,0.0
347,0.0
347,0.0
347,0.0
347,0.0
347,0.0
347,0.0
347,0.0
347,0.0
347,0.0
347,0.0
348,0.0
348,100.0
348,100.0
348,100.0
348,100.0
348,100.0
349,100.0
349,100.0
349,100.0
349,100.0
349,100.0
349,100.0
349,100.0
349,0.0
349,0.0
349,0.0
349,0.0
349,0.0
349,0.0
350,0.0
350,100.0
350,100.0
350,100.0
350,100.0
350,100.0
350,100.0
350,0.0
350,0.0
350,0.0
350,0.0
350,0.0
351,0.0
351,100.0
351,100.0
351,100.0
351,100.0
351,100.0
351,100.0
352,100.0
352,89.5
352,89.5
352,89.5
352,89.5
352,89.5
352,89.5
352,0.0
352,0.0
352,0.0
352,0.0
352,0.0
353,0.0
353,100.0
353,100.0
353,100.0
353,100.0
353,100.0
353,100.0
354,100.0
354,100.0
354,100.0
354,100.0
354,100.0
354,100.0
354,100.0
354,0.0
354,0.0
354,0.0
354,0.0
354,0.0
355,0.0
355,100.0
355,100.0
355,100.0
355,100.0
355,100.0
355,100.0
355,11.0
355,11.0
355,11.0
355,11.0
355,11.0
355,11.0
356,11.0
356,100.0
356,100.0
356,100.0
356,100.0
356,100.0
357,100.0
357,93.9
357,93.9
357,93.9
357,93.9
357,93.9
357,93.9
357,100.0
357,100.0
357,100.0
357,100.0
357,100.0
357,100.0
358,100.0
358,100.0
358,100.0
358,100.0
358,100.0
358,100.0
359,100.0
359,100.0
359,100.0
359,100.0
359,100.0
359,100.0
359,100.0
359,77.2
359,77.2
359,77.2
359,77.2
359,77.2
359,77.2
360,99.8
360,99.8
360,99.8
360,99.8
360,99.8
360,99.8
361,99.8
361,76.7
361,76.7
361,76.7
361,76.7
361,76.7
361,76.7
361,100.0
361,100.0
361,100.0
361,100.0
361,100.0
362,100.0
362,0.0
362,0.0
362,0.0
362,0.0
362,0.0
362,0.0
362,0.0
362,100.0
362,100.0
362,100.0
362,100.0
362,100.0
363,100.0
363,98.5
363,98.5
363,98.5
363,98.5
363,98.5
364,98.5
364,0.0
364,0.0
364,0.0
364,0.0
364,0.0
364,0.0
364,0.0
364,0.0
364,0.0
364,0.0
364,0.0
364,0.0
365,0.0
365,95.5
365,95.5
365,95.5
365,95.5
365,95.5
366,95.5
366,0.0
366,0.0
366,0.0
366,0.0
366,0.0
366,0.0
366,0.0
366,0.0
366,0.0
366,0.0
366,0.0
366,0.0
367,0.0
367,3.5
367,3.5
367,3.5
367,3.5
367,3.5
367,3.5
367,0.0
367,0.0
367,0.0
367,0.0
367,0.0
368,0.0
368,0.0
368,0.0
368,0.0
368,0.0
368,0.0
368,0.0
369,0.0
369,0.0
369,0.0
369,0.0
369,0.0
369,0.0
369,0.0
369,0.0
369,0.0
369,0.0
369,0.0
369,0.0
370,0.0
370,0.0
370,0.0
370,0.0
370,0.0
370,0.0
370,0.0
371,0.0
371,0.0
371,0.0
371,0.0
371,0.0
371,0.0
371,0.0
371,0.0
371,0.0
371,0.0
371,0.0
371,0.0
372,0.0
372,0.0
372,0.0
372,0.0
372,0.0
372,0.0
373,0.0
373,74.7
373,74.7
373,74.7
373,74.7
373,74.7
373,74.7
373,74.7
373,0.0
373,0.0
373,0.0
373,0.0
373,0.0
374,0.0
374,94.2
374,94.2
374,94.2
374,94.2
374,94.2
374,94.2
374,0.0
374,0.0
374,0.0
374,0.0
374,0.0
374,0.0
375,0.0
375,100.0
375,100.0
375,100.0
375,100.0
375,100.0
376,100.0
376,100.0
376,100.0
376,100.0
376,100.0
376,100.0
376,100.0
376,0.0
376,0.0
376,0.0
376,0.0
376,0.0
376,0.0
377,67.7
377,67.7
377,67.7
377,67.7
377,67.7
377,67.7
378,67.7
378,0.0
378,0.0
378,0.0
378,0.0
378,0.0
378,0.0
378,100.0
378,100.0
378,100.0
378,100.0
378,100.0
379,100.0
379,0.0
379,0.0
379,0.0
379,0.0
379,0.0
379,0.0
379,0.0
379,100.0
379,100.0
379,100.0
379,100.0
379,100.0
380,100.0
380,68.2
380,68.2
380,68.2
380,68.2
380,68.2
381,68.2
381,100.0
381,100.0
381,100.0
381,100.0
381,100.0
381,100.0
381,18.0
381,18.0
381,18.0
381,18.0
381,18.0
381,18.0
382,18.0
382,100.0
382,100.0
382,100.0
382,100.0
382,100.0
383,100.0
383,100.0
383,100.0
383,100.0
383,100.0
383,100.0
383,100.0
383,72.7
383,72.7
383,72.7
383,72.7
383,72.7
383,72.7
384,72.7
384,96.3
384,96.3
384,96.3
384,96.3
384,96.3
385,96.3
385,100.0
385,100.0
385,100.0
385,100.0
385,100.0
385,100.0
385,100.0
385,100.0
385,100.0
385,100.0
385,100.0
385,100.0
386,100.0
386,77.6
386,77.6
386,77.6
386,77.6
386,77.6
386,77.6
386,100.0
386,100.0
386,100.0
386,100.0
386,100.0
387,100.0
387,42.6
387,42.6
387,42.6
387,42.6
387,42.6
387,42.6
388,100.0
388,100.0
388,100.0
388,100.0
388,100.0
388,100.0
388,100.0
388,0.0
388,0.0
388,0.0
388,0.0
388,0.0
389,0.0
389,100.0
389,100.0
389,100.0
389,100.0
389,100.0
390,100.0
390,100.0
390,100.0
390,100.0
390,100.0
390,100.0
390,100.0
390,100.0
390,0.0
390,0.0
390,0.0
390,0.0
390,0.0
391,0.0
391,42.6
391,42.6
391,42.6
391,42.6
391,42.6
391,42.6
391,0.0
391,0.0
391,0.0
391,0.0
391,0.0
391,0.0
392,100.0
392,100.0
392,100.0
392,100.0
392,100.0
392,100.0
393,100.0
393,0.0
393,0.0
393,0.0
393,0.0
393,0.0
393,0.0
393,0.0
393,0.0
393,0.0
393,0.0
393,0.0
394,0.0
394,0.0
394,0.0
394,0.0
394,0.0
394,0.0
394,0.0
395,0.0
395,0.0
395,0.0
395,0.0
395,0.0
395,0.0
395,0.0
395,0.0
395,0.0
395,0.0
395,0.0
395,0.0
396,0.0
396,0.0
396,0.0
396,0.0
396,0.0
396,0.0
396,0.0
396,0.0
396,0.0
396,0.0
396,0.0
396,0.0
396,0.0
397,0.0
397,61.0
397,61.0
397,61.0
397,61.0
397,61.0
398,61.0
398,0.0
398,0.0
398,0.0
398,0.0
398,0.0
398,0.0
398,0.0
398,0.0
398,0.0
398,0.0
398,0.0
398,0.0
399,0.0
399,49.6
399,49.6
399,49.6
399,49.6
399,49.6
400,49.6
400,0.0
400,0.0
400,0.0
400,0.0
400,0.0
400,0.0
400,76.5
400,76.5
400,76.5
400,76.5
400,76.5
400,76.5
401,76.5
401,0.0
401,0.0
401,0.0
401,0.0
401,0.0
402,0.0
402,0.0
402,0.0
402,0.0
402,0.0
402,0.0
402,0.0
402,0.0
402,0.0
402,0.0
402,0.0
402,0.0
402,0.0
403,0.0
403,0.0
403,0.0
403,0.0
403,0.0
403,0.0
403,0.0
403,0.0
403,0.0
403,0.0
403,0.0
403,0.0
404,0.0
404,0.0
404,0.0
404,0.0
404,0.0
404,0.0
404,0.0
405,0.0
405,0.0
405,0.0
405,0.0
405,0.0
405,0.0
405,0.0
405,0.0
405,0.0
405,0.0
405,0.0
405,0.0
406,0.0
406,0.0
406,0.0
406,0.0
406,0.0
406,0.0
407,0.0
407,0.0
407,0.0
407,0.0
407,0.0
407,0.0
407,0.0
407,0.0
407,0.0
407,0.0
407,0.0
407,0.0
407,0.0
408,0.0
408,0.0
408,0.0
408,0.0
408,0.0
408,0.0
408,0.0
408,0.0
408,0.0
408,0.0
408,0.0
408,0.0
408,0.0
409,0.0
409,0.0
409,0.0
409,0.0
409,0.0
409,0.0
410,0.0
410,0.0
410,0.0
410,0.0
410,0.0
410,0.0
410,0.0
410,0.0
410,0.0
410,0.0
410,0.0
410,0.0
410,0.0
411,0.0
411,0.0
411,0.0
411,0.0
411,0.0
411,0.0
412,0.0
412,0.0
412,0.0
412,0.0
412,0.0
412,0.0
412,0.0
412,0.0
412,0.0
412,0.0
412,0.0
412,0.0
413,0.0
413,0.0
413,0.0
413,0.0
413,0.0
413,0.0
413,0.0
414,0.0
414,0.0
414,0.0
414,0.0
414,0.0
414,0.0
414,0.0
414,0.0
414,0.0
414,0.0
414,0.0
414,0.0
415,0.0
415,0.0
415,0.0
415,0.0
415,0.0
415,0.0
415,0.0
415,0.0
415,0.0
415,0.0
415,0.0
415,0.0
415,0.0
416,0.0
416,0.0
416,0.0
416,0.0
416,0.0
416,0.0
417,0.0
417,0.0
417,0.0
417,0.0
417,0.0
417,0.0
417,0.0
417,0.0
417,0.0
417,0.0
417,0.0
417,0.0
417,0.0
418,0.0
418,0.0
418,0.0
418,0.0
418,0.0
418,0.0
419,0.0
419,0.0
419,0.0
419,0.0
419,0.0
419,0.0
419,0.0
419,0.0
419,0.0
419,0.0
419,0.0
419,0.0
419,0.0
420,0.0
420,0.0
420,0.0
420,0.0
420,0.0
420,0.0
420,0.0
420,0.0
420,0.0
420,0.0
420,0.0
420,0.0
421,0.0
421,0.0
421,0.0
421,0.0
421,0.0
421,0.0
421,0.0
422,0.0
422,0.0
422,0.0
422,0.0
422,0.0
422,0.0
422,0.0
422,0.0
422,0.0
422,0.0
422,0.0
422,0.0
423,0.0
423,0.0
423,0.0
423,0.0
423,0.0
423,0.0
424,0.0
424,0.0
424,0.0
424,0.0
424,0.0
424,0.0
424,0.0
424,0.0
424,0.0
424,0.0
424,0.0
424,0.0
424,0.0
425,0.0
425,0.0
425,0.0
425,0.0
425,0.0
425,0.0
426,0.0
426,0.0
426,0.0
426,0.0
426,0.0
426,0.0
426,0.0
426,0.0
426,0.0
426,0.0
426,0.0
426,0.0
426,0.0
427,0.0
427,0.0
427,0.0
427,0.0
427,0.0
427,0.0
427,0.0
427,0.0
427,0.0
427,0.0
427,0.0
427,0.0
427,0.0
428,0.0
428,0.0
428,0.0
428,0.0
428,0.0
428,0.0
429,0.0
429,10
429,10
429,10
429,10
429,10
429,10
429,10
429,10
429,10
429,10
429,10
430,10
430,10
430,10
430,10
430,10
430,10
430,10
431,10
431,10
431,10
431,10
431,10
431,10
431,10
431,10
431,10
431,10
431,10
431,10
432,10
432,10
432,10
432,10
432,10
432,10
432,10
432,10
432,10
432,10
432,10
432,10
432,10
433,10
433,10
433,10
433,10
433,10
433,10
434,10
434,10
434,10
434,10
434,10
434,10
434,10
434,10
434,10
434,10
434,10
434,10
434,10
435,10
435,10
435,10
435,10
435,10
435,10
436,10
436,10
436,10
436,10
436,10
436,10
436,10
436,10
436,10
436,10
436,10
436,10
436,10
437,10
437,10
437,10
437,10
437,10
437,10
438,10
438,10
438,10
438,10
438,10
438,10
438,10
438,10
438,10
438,10
438,10
438,10
438,10
439,10
439,10
439,10
439,10
439,10
439,10
439,10
439,10
439,10
439,10
439,10
439,10
440,10
440,10
440,10
440,10
440,10
440,10
441,10
441,10
441,10
441,10
441,10
441,10
441,10
441,10
441,10
441,10
441,10
441,10
441,10
442,10
442,10
442,10
442,10
442,10
442,10
443,10
443,10
443,10
443,10
443,10
443,10
443,10
443,10
443,10
443,10
443,10
443,10
443,10
444,10
444,10
444,10
444,10
444,10
444,10
444,10
444,10
444,10
444,10
444,10
444,10
444,10
445,10
445,10
445,10
445,10
445,10
445,10
446,10
446,10
446,10
446,10
446,10
446,10
446,10
446,10
446,10
446,10
446,10
446,10
447,10
447,10
447,10
447,10
447,10
447,10
447,10
448,10
448,10
448,10
448,10
448,10
448,10
448,10
448,10
448,10
448,10
448,10
448,10
449,10
449,10
449,10
449,10
449,10
449,10
449,10
449,10
449,10
449,10
449,10
449,10
449,10
450,10
450,10
450,10
450,10
450,10
450,10
451,10
451,10
451,10
451,10
451,10
451,10
451,10
451,10
451,10
451,10
451,10
451,10
451,10
452,10
452,10
452,10
452,10
452,10
452,10
453,10
453,10
453,10
453,10
453,10
453,10
453,10
453,10
453,10
453,10
453,10
453,10
453,10
454,10
454,10
454,10
454,10
454,10
454,10
455,10
455,10
455,10
455,10
455,10
455,10
455,10
455,10
455,10
455,10
455,10
455,10
455,10
456,10
456,10
456,10
456,10
456,10
456,10
456,10
456,10
456,10
456,10
456,10
456,10
457,10
457,10
457,10
457,10
457,10
457,10
458,10
458,10
458,10
458,10
458,10
458,10
458,10
458,10
458,10
458,10
458,10
458,10
458,10
459,10
459,10
459,10
459,10
459,10
459,10
460,10
460,10
460,10
460,10
460,10
460,10
460,10
460,10
460,10
460,10
460,10
460,10
460,10
461,10
461,10
461,10
461,10
461,10
461,10
461,10
461,10
461,10
461,10
461,10
461,10
461,10
462,10
462,10
462,10
462,10
462,10
462,10
463,10
463,10
463,10
463,10
463,10
463,10
463,10
463,10
463,10
463,10
463,10
463,10
464,10
464,10
464,10
464,10
464,10
464,10
464,10
465,10
465,10
465,10
465,10
465,10
465,10
465,10
465,10
465,10
465,10
465,10
465,10
466,10
466,10
466,10
466,10
466,10
466,10
466,10
467,10
467,10
467,10
467,10
467,10
467,10
467,10
467,10
467,10
467,10
467,10
467,10
468,10
468,10
468,10
468,10
468,10
468,10
468,10
468,10
468,10
468,10
468,10
468,10
468,10
469,10
469,10
469,10
469,10
469,10
469,10
470,10
470,10
470,10
470,10
470,10
470,10
470,10
470,10
470,10
470,10
470,10
470,10
470,10
471,10
471,10
471,10
471,10
471,10
471,10
472,10
472,10
472,10
472,10
472,10
472,10
472,10
472,10
472,10
472,10
472,10
472,10
472,10
473,10
473,10
473,10
473,10
473,10
473,10
473,10
473,10
473,10
473,10
473,10
473,10
474,10
474,10
474,10
474,10
474,10
474,10
475,10
475,10
475,10
475,10
475,10
475,10
475,10
475,10
475,10
475,10
475,10
475,10
475,10
476,10
476,10
476,10
476,10
476,10
476,10
477,10
477,10
477,10
477,10
477,10
477,10
477,10
477,10
477,10
477,10
477,10
477,10
477,10
478,10
478,10
478,10
478,10
478,10
478,10
479,10
479,10
479,10
479,10
479,10
479,10
479,10
479,10
479,10
479,10
479,10
479,10
479,10
480,10
480,10
480,10
480,10
480,10
480,10
480,10
480,10
480,10
480,10
480,10
480,10
481,10
481,10
481,10
481,10
481,10
481,10
481,10
482,10
482,10
482,10
482,10
482,10
482,10
482,10
482,10
482,10
482,10
482,10
482,10
483,10
483,10
483,10
483,10
483,10
483,10
483,10
484,10
484,10
484,10
484,10
484,10
484,10
484,10
484,10
484,10
484,10
484,10
484,10
485,10
485,10
485,10
485,10
485,10
485,10
485,10
485,10
485,10
485,10
485,10
485,10
485,10
486,10
486,10
486,10
486,10
486,10
486,10
487,10
487,10
487,10
487,10
487,10
487,10
487,10
487,10
487,10
487,10
487,10
487,10
487,10
488,10
488,10
488,10
488,10
488,10
488,10
489,10
489,10
489,10
489,10
489,10
489,10
489,10
489,10
489,10
489,10
489,10
489,10
489,10
490,10
490,10
490,10
490,10
490,10
490,10
491,10
491,10
491,10
491,10
491,10
491,10
491,10
491,10
491,10
491,10
491,10
491,10
492,10
492,10
492,10
492,10
492,10
492,10
492,10
492,10
492,10
492,10
492,10
492,10
492,10
493,10
493,10
493,10
493,10
493,10
493,10
494,10
494,10
494,10
494,10
494,10
494,10
494,10
494,10
494,10
494,10
494,10
494,10
494,10
495,10
495,10
495,10
495,10
495,10
495,10
496,10
496,10
496,10
496,10
496,10
496,10
496,10
496,10
496,10
496,10
496,10
496,10
496,10
497,10
497,10
497,10
497,10
497,10
497,10
497,10
497,10
497,10
497,10
497,10
497,10
498,10
498,10
498,10
498,10
498,10
498,10
498,10
499,10
499,10
499,10
499,10
499,10
499,10
499,10
499,10
499,10
499,10
499,10
499,10
500,10
500,10
500,10
500,10
500,10
500,10
500,10
501,10
501,10
501,10
501,10
501,10
501,10
501,10
501,10
501,10
501,10
501,10
501,10
502,10
502,10
502,10
502,10
502,10
502,10
502,10
503,10
503,10
503,10
503,10
503,10
503,10
503,10
503,10
503,10
503,10
503,10
503,10
504,10
504,10
504,10
504,10
504,10
504,10
504,10
504,10
504,10
504,10
504,10
504,10
504,10
505,10
505,10
505,10
505,10
505,10
505,10
506,10
506,10
506,10
506,10
506,10
506,10
506,10
506,10
506,10
506,10
506,10
506,10
506,10
507,10
507,10
507,10
507,10
507,10
507,10
508,10
508,10
508,10
508,10
508,10
508,10
508,10
508,10
508,10
508,10
508,10
508,10
509,10
509,10
509,10
509,10
509,10
509,10
509,10
509,10
509,10
509,10
509,10
509,10
509,10
510,10
510,10
510,10
510,10
510,10
510,10
511,10
511,10
511,10
511,10
511,10
511,10
511,10
511,10
511,10
511,10
511,10
511,10
511,10
512,10
512,10
512,10
512,10
512,10
512,10
513,10
513,10
513,10
513,10
513,10
513,10
513,10
513,10
513,10
513,10
513,10
513,10
513,10
514,10
514,10
514,10
514,10
514,10
514,10
514,10
514,10
514,10
514,10
514,10
514,10
515,10
515,10
515,10
515,10
515,10
515,10
515,10
516,10
516,10
516,10
516,10
516,10
516,10
516,10
516,10
516,10
516,10
516,10
516,10
517,10
517,10
517,10
517,10
517,10
517,10
517,10
518,10
518,10
518,10
518,10
518,10
518,10
518,10
518,10
518,10
518,10
518,10
518,10
519,10
519,10
519,10
519,10
519,10
519,10
519,10
520,10
520,10
520,10
520,10
520,10
520,10
520,10
520,10
520,10
520,10
520,10
520,10
521,10
521,10
521,10
521,10
521,10
521,10
521,10
521,10
521,10
521,10
521,10
521,10
521,10
522,10
522,10
522,10
522,10
522,10
522,10
523,10
523,10
523,10
523,10
523,10
523,10
523,10
523,10
523,10
523,10
523,10
523,10
523,10
524,10
524,10
524,10
524,10
524,10
524,10
525,10
525,10
525,10
525,10
525,10
525,10
525,10
525,35.3
525,35.3
525,35.3
525,35.3
525,35.3
526,35.3
526,0.0
526,0.0
526,0.0
526,0.0
526,0.0
526,0.0
526,0.0
526,0.0
526,0.0
526,0.0
526,0.0
526,0.0
527,0.0
527,0.0
527,0.0
527,0.0
527,0.0
527,0.0
528,0.0
528,0.0
528,0.0
528,0.0
528,0.0
528,0.0
528,0.0
528,0.0
528,100.0
528,100.0
528,100.0
528,100.0
528,100.0
529,100.0
529,0.0
529,0.0
529,0.0
529,0.0
529,0.0
530,0.0
530,100.0
530,100.0
530,100.0
530,100.0
530,100.0
530,100.0
530,83.6
530,83.6
530,83.6
530,83.6
530,83.6
530,83.6
531,83.6
531,100.0
531,100.0
531,100.0
531,100.0
531,100.0
532,100.0
532,100.0
532,100.0
532,100.0
532,100.0
532,100.0
532,100.0
532,100.0
532,100.0
532,100.0
532,100.0
532,100.0
532,100.0
533,100.0
533,100.0
533,100.0
533,100.0
533,100.0
533,100.0
533,100.0
533,100.0
533,100.0
533,100.0
533,100.0
533,100.0
534,100.0
534,100.0
534,100.0
534,100.0
534,100.0
534,100.0
534,100.0
535,100.0
535,100.0
535,100.0
535,100.0
535,100.0
535,100.0
535,100.0
535,100.0
535,100.0
535,100.0
535,100.0
535,100.0
536,100.0
536,100.0
536,100.0
536,100.0
536,100.0
536,100.0
536,100.0
537,100.0
537,100.0
537,100.0
537,100.0
537,100.0
537,100.0
537,100.0
537,100.0
537,100.0
537,100.0
537,100.0
537,100.0
538,100.0
538,100.0
538,100.0
538,100.0
538,100.0
538,100.0
538,100.0
538,100.0
538,100.0
538,100.0
538,100.0
538,100.0
538,100.0
539,100.0
539,100.0
539,100.0
539,100.0
539,100.0
539,100.0
540,100.0
540,100.0
540,100.0
540,100.0
540,100.0
540,100.0
540,100.0
540,100.0
540,100.0
540,100.0
540,100.0
540,100.0
540,100.0
541,100.0
541,100.0
541,100.0
541,100.0
541,100.0
541,100.0
542,100.0
542,100.0
542,100.0
542,100.0
542,100.0
542,100.0
542,100.0
542,100.0
542,100.0
542,100.0
542,100.0
542,100.0
543,100.0
543,100.0
543,100.0
543,100.0
543,100.0
543,100.0
543,100.0
544,100.0
544,100.0
544,100.0
544,100.0
544,100.0
544,100.0
544,100.0
544,0.0
544,0.0
544,0.0
544,0.0
544,0.0
545,0.0
545,0.0
545,0.0
545,0.0
545,0.0
545,0.0
545,0.0
545,0.0
545,100.0
545,100.0
545,100.0
545,100.0
545,100.0
546,100.0
546,100.0
546,100.0
546,100.0
546,100.0
546,100.0
547,100.0
547,0.0
547,0.0
547,0.0
547,0.0
547,0.0
547,0.0
547,100.0
547,100.0
547,100.0
547,100.0
547,100.0
547,100.0
548,100.0
548,0.0
548,0.0
548,0.0
548,0.0
548,0.0
549,0.0
549,0.0
549,0.0
549,0.0
549,0.0
549,0.0
549,0.0
549,100.0
549,100.0
549,100.0
549,100.0
549,100.0
549,100.0
550,100.0
550,0.0
550,0.0
550,0.0
550,0.0
550,0.0
550,0.0
550,100.0
550,100.0
550,100.0
550,100.0
550,100.0
551,100.0
551,78.2
551,78.2
551,78.2
551,78.2
551,78.2
551,78.2
552,100.0
552,100.0
552,100.0
552,100.0
552,100.0
552,100.0
552,100.0
552,0.0
552,0.0
552,0.0
552,0.0
552,0.0
553,0.0
553,100.0
553,100.0
553,100.0
553,100.0
553,100.0
554,100.0
554,42.8
554,42.8
554,42.8
554,42.8
554,42.8
554,42.8
554,42.8
554,100.0
554,100.0
554,100.0
554,100.0
554,100.0
555,100.0
555,0.0
555,0.0
555,0.0
555,0.0
555,0.0
556,0.0
556,100.0
556,100.0
556,100.0
556,100.0
556,100.0
556,100.0
556,100.0
556,0.0
556,0.0
556,0.0
556,0.0
556,0.0
557,0.0
557,100.0
557,100.0
557,100.0
557,100.0
557,100.0
557,100.0
557,100.0
557,100.0
557,100.0
557,100.0
557,100.0
557,100.0
558,0.0
558,0.0
558,0.0
558,0.0
558,0.0
558,0.0
559,0.0
559,100.0
559,100.0
559,100.0
559,100.0
559,100.0
559,100.0
559,100.0
559,100.0
559,100.0
559,100.0
559,100.0
560,100.0
560,100.0
560,100.0
560,100.0
560,100.0
560,100.0
560,100.0
561,100.0
561,46.4
561,46.4
561,46.4
561,46.4
561,46.4
561,46.4
561,0.0
561,0.0
561,0.0
561,0.0
561,0.0
562,0.0
562,100.0
562,100.0
562,100.0
562,100.0
562,100.0
562,100.0
562,100.0
562,80.3
562,80.3
562,80.3
562,80.3
562,80.3
563,80.3
563,0.0
563,0.0
563,0.0
563,0.0
563,0.0
564,0.0
564,100.0
564,100.0
564,100.0
564,100.0
564,100.0
564,100.0
564,78.2
564,78.2
564,78.2
564,78.2
564,78.2
564,78.2
565,78.2
565,100.0
565,100.0
565,100.0
565,100.0
565,100.0
566,100.0
566,79.1
566,79.1
566,79.1
566,79.1
566,79.1
566,79.1
566,78.6
566,78.6
566,78.6
566,78.6
566,78.6
566,78.6
567,78.6
567,100.0
567,100.0
567,100.0
567,100.0
567,100.0
568,100.0
568,0.0
568,0.0
568,0.0
568,0.0
568,0.0
568,0.0
568,100.0
568,100.0
568,100.0
568,100.0
568,100.0
568,100.0
569,79.1
569,79.1
569,79.1
569,79.1
569,79.1
569,79.1
569,79.1
569,100.0
569,100.0
569,100.0
569,100.0
569,100.0
570,100.0
570,0.0
570,0.0
570,0.0
570,0.0
570,0.0
571,0.0
571,100.0
571,100.0
571,100.0
571,100.0
571,100.0
571,100.0
571,100.0
571,80.6
571,80.6
571,80.6
571,80.6
571,80.6
572,80.6
572,0.0
572,0.0
572,0.0
572,0.0
572,0.0
573,0.0
573,0.0
573,0.0
573,0.0
573,0.0
573,0.0
573,0.0
573,0.0
573,100.0
573,100.0
573,100.0
573,100.0
573,100.0
574,100.0
574,0.0
574,0.0
574,0.0
574,0.0
574,0.0
574,0.0
574,100.0
574,100.0
574,100.0
574,100.0
574,100.0
574,100.0
575,100.0
575,100.0
575,100.0
575,100.0
575,100.0
575,100.0
576,100.0
576,100.0
576,100.0
576,100.0
576,100.0
576,100.0
576,100.0
576,100.0
576,100.0
576,100.0
576,100.0
576,100.0
577,100.0
577,0.0
577,0.0
577,0.0
577,0.0
577,0.0
577,0.0
578,0.0
578,75.2
578,75.2
578,75.2
578,75.2
578,75.2
578,75.2
578,0.0
578,0.0
578,0.0
578,0.0
578,0.0
579,0.0
579,100.0
579,100.0
579,100.0
579,100.0
579,100.0
579,100.0
579,0.0
579,0.0
579,0.0
579,0.0
579,0.0
579,0.0
580,0.0
580,100.0
580,100.0
580,100.0
580,100.0
580,100.0
581,100.0
581,100.0
581,100.0
581,100.0
581,100.0
581,100.0
581,100.0
581,100.0
581,100.0
581,100.0
581,100.0
581,100.0
581,100.0
582,100.0
582,0.0
582,0.0
582,0.0
582,0.0
582,0.0
583,0.0
583,100.0
583,100.0
583,100.0
583,100.0
583,100.0
583,100.0
583,45.6
583,45.6
583,45.6
583,45.6
583,45.6
583,45.6
584,45.6
584,78.7
584,78.7
584,78.7
584,78.7
584,78.7
585,78.7
585,78.2
585,78.2
585,78.2
585,78.2
585,78.2
585,78.2
585,0.0
585,0.0
585,0.0
585,0.0
585,0.0
585,0.0
586,100.0
586,100.0
586,100.0
586,100.0
586,100.0
586,100.0
586,100.0
586,100.0
586,100.0
586,100.0
586,100.0
586,100.0
587,100.0
587,0.0
587,0.0
587,0.0
587,0.0
587,0.0
588,0.0
588,100.0
588,100.0
588,100.0
588,100.0
588,100.0
588,100.0
588,100.0
588,100.0
588,100.0
588,100.0
588,100.0
588,100.0
589,100.0
589,0.0
589,0.0
589,0.0
589,0.0
589,0.0
590,0.0
590,0.0
590,0.0
590,0.0
590,0.0
590,0.0
590,0.0
590,100.0
590,100.0
590,100.0
590,100.0
590,100.0
590,100.0
591,100.0
591,79.1
591,79.1
591,79.1
591,79.1
591,79.1
591,79.1
591,100.0
591,100.0
591,100.0
591,100.0
591,100.0
592,100.0
592,78.7
592,78.7
592,78.7
592,78.7
592,78.7
592,78.7
593,78.7
593,0.0
593,0.0
593,0.0
593,0.0
593,0.0
593,0.0
593,100.0
593,100.0
593,100.0
593,100.0
593,100.0
594,100.0
594,100.0
594,100.0
594,100.0
594,100.0
594,100.0
594,100.0
595,100.0
595,0.0
595,0.0
595,0.0
595,0.0
595,0.0
595,0.0
595,100.0
595,100.0
595,100.0
595,100.0
595,100.0
596,100.0
596,100.0
596,100.0
596,100.0
596,100.0
596,100.0
596,100.0
597,0.0
597,0.0
597,0.0
597,0.0
597,0.0
597,0.0
597,0.0
597,77.7
597,77.7
597,77.7
597,77.7
597,77.7
598,77.7
598,100.0
598,100.0
598,100.0
598,100.0
598,100.0
598,100.0
598,0.0
598,0.0
598,0.0
598,0.0
598,0.0
598,0.0
599,0.0
599,100.0
599,100.0
599,100.0
599,100.0
599,100.0
600,100.0
600,100.0
600,100.0
600,100.0
600,100.0
600,100.0
600,100.0
600,47.3
600,47.3
600,47.3
600,47.3
600,47.3
600,47.3
601,47.3
601,100.0
601,100.0
601,100.0
601,100.0
601,100.0
602,100.0
602,100.0
602,100.0
602,100.0
602,100.0
602,100.0
602,100.0
602,0.0
602,0.0
602,0.0
602,0.0
602,0.0
602,0.0
603,100.0
603,100.0
603,100.0
603,100.0
603,100.0
603,100.0
603,100.0
603,100.0
603,100.0
603,100.0
603,100.0
603,100.0
604,100.0
604,0.0
604,0.0
604,0.0
604,0.0
604,0.0
605,0.0
605,100.0
605,100.0
605,100.0
605,100.0
605,100.0
605,100.0
605,100.0
605,0.0
605,0.0
605,0.0
605,0.0
605,0.0
606,0.0
606,100.0
606,100.0
606,100.0
606,100.0
606,100.0
607,100.0
607,100.0
607,100.0
607,100.0
607,100.0
607,100.0
607,100.0
607,79.5
607,79.5
607,79.5
607,79.5
607,79.5
607,79.5
608,79.5
608,100.0
608,100.0
608,100.0
608,100.0
608,100.0
609,100.0
609,100.0
609,100.0
609,100.0
609,100.0
609,100.0
609,100.0
609,0.0
609,0.0
609,0.0
609,0.0
609,0.0
609,0.0
610,0.0
610,79.5
610,79.5
610,79.5
610,79.5
610,79.5
610,79.5
610,100.0
610,100.0
610,100.0
610,100.0
610,100.0
611,100.0
611,0.0
611,0.0
611,0.0
611,0.0
611,0.0
611,0.0
612,0.0
612,100.0
612,100.0
612,100.0
612,100.0
612,100.0
612,100.0
612,0.0
612,0.0
612,0.0
612,0.0
612,0.0
613,0.0
613,100.0
613,100.0
613,100.0
613,100.0
613,100.0
613,100.0
614,0.0
614,0.0
614,0.0
614,0.0
614,0.0
614,0.0
614,0.0
614,100.0
614,100.0
614,100.0
614,100.0
614,100.0
615,100.0
615,47.3
615,47.3
615,47.3
615,47.3
615,47.3
615,47.3
615,100.0
615,100.0
615,100.0
615,100.0
615,100.0
615,100.0
616,100.0
616,100.0
616,100.0
616,100.0
616,100.0
616,100.0
617,100.0
617,50.0
617,50.0
617,50.0
617,50.0
617,50.0
617,50.0
617,100.0
617,100.0
617,100.0
617,100.0
617,100.0
617,100.0
618,81.4
618,81.4
618,81.4
618,81.4
618,81.4
618,81.4
619,81.4
619,49.0
619,49.0
619,49.0
619,49.0
619,49.0
619,49.0
619,80.2
619,80.2
619,80.2
619,80.2
619,80.2
620,80.2
620,100.0
620,100.0
620,100.0
620,100.0
620,100.0
620,100.0
621,100.0
621,49.9
621,49.9
621,49.9
621,49.9
621,49.9
621,49.9
621,80.6
621,80.6
621,80.6
621,80.6
621,80.6
622,80.6
622,100.0
622,100.0
622,100.0
622,100.0
622,100.0
622,100.0
622,100.0
622,100.0
622,100.0
622,100.0
622,100.0
622,100.0
623,100.0
623,0.0
623,0.0
623,0.0
623,0.0
623,0.0
624,0.0
624,0.0
624,0.0
624,0.0
624,0.0
624,0.0
624,0.0
624,100.0
624,100.0
624,100.0
624,100.0
624,100.0
624,100.0
625,100.0
625,100.0
625,100.0
625,100.0
625,100.0
625,100.0
626,100.0
626,0.0
626,0.0
626,0.0
626,0.0
626,0.0
626,0.0
